base_bandwidth_utilization	0.40398960000000017
expected_bandwidth_utilization	0.40398989677378833

rounded_expected_bandwidth_utilization	0.80797920000000023

bandwidth_utilization_p99	0.40398960000000012

[frame_summary]
frame_id	priority	period_ms	deadline_ms	trans_time_ms	expected_retry_count	expected_tx_count	rounded_expected_retry_count	rounded_expected_tx_count	retry_p99	tx_count_p99	expected_wcrt_ms	p_timeout	wcrt_p95_ms
0	10	10	10	0.0516	7.2720008915472995e-07	1.0000007272000893	1	2	0	1	0.727200089154731	0	0.72720000000000007
2	31	50	50	0.049600000000000005	2.4392004551548054e-06	1.0000024392004552	1	2	0	1	2.4392004551548054	0	2.4392000000000005
4	11	10	10	0.061600000000000002	7.8880009670689198e-07	1.0000007888000968	1	2	0	1	0.78880009670689177	0	0.78879999999999995
6	35	100	100	0.041599999999999998	2.621600489190651e-06	1.0000026216004891	1	2	0	1	2.6216004891906524	0	2.6216000000000008
7	0	1	1	0.045600000000000002	2.1220001458645499e-07	1.0000002122000147	1	2	0	1	0.21220001392032101	1.1102230246251565e-16	0.2122
8	12	10	10	0.053600000000000002	8.4240010327834183e-07	1.0000008424001032	1	2	0	1	0.84240010327834181	0	0.84240000000000004
9	26	20	20	0.078600000000000003	1.9752008315459732e-06	1.0000019752008316	1	2	0	1	1.9752008307688214	1.1102230246251565e-16	1.9752000000000005
10	36	100	100	0.041599999999999998	2.6632004977303713e-06	1.0000026632004977	1	2	0	1	2.6632004969532246	1.1102230246251565e-16	2.6632000000000007
12	27	20	20	0.045600000000000002	2.0208008507253165e-06	1.0000020208008507	1	2	0	1	2.0208008499481633	1.1102230246251565e-16	2.0208000000000004
13	13	10	10	0.069599999999999995	9.1200011181131674e-07	1.0000009120001119	1	2	0	1	0.91200011181131624	0	0.91199999999999992
14	45	1000	1000	0.041599999999999998	3.2620006086893115e-06	1.0000032620006087	1	2	0	1	3.2620006086893136	0	3.262
15	37	100	100	0.041599999999999998	2.704800504716584e-06	1.0000027048005047	1	2	0	1	2.7048005047165846	0	2.7048000000000014
16	14	10	10	0.1666	1.0146003865625712e-06	1.0000010146003866	1	2	0	1	1.0146003865625717	0	1.0145999999999997
18	38	100	100	0.039600000000000003	2.7444005121059669e-06	1.0000027444005122	1	2	0	1	2.7444005121059685	0	2.7444000000000011
19	39	100	100	0.045600000000000002	2.7900005206149567e-06	1.0000027900005206	1	2	0	1	2.7900005206149561	0	2.7900000000000014
20	15	10	10	0.10260000000000001	1.0932004165091615e-06	1.0000010932004164	1	2	0	1	1.0932004165091616	0	1.0931999999999999
21	1	1	1	0.045600000000000002	2.5780001691168104e-07	1.0000002578000169	1	2	0	1	0.25780001691168108	0	0.25780000000000003
23	4	2	2	0.039600000000000003	4.0060002948416247e-07	1.0000004006000296	1	2	0	1	0.40060002948416223	0	0.40060000000000001
24	5	5	5	0.045600000000000002	4.4620003350645664e-07	1.0000004462000336	1	2	0	1	0.446200032840323	1.1102230246251565e-16	0.44620000000000004
26	16	10	10	0.061600000000000002	1.3492002517607659e-06	1.0000013492002517	1	2	0	1	1.3492002517607669	0	1.3491999999999997
27	32	50	50	0.053600000000000002	2.4928004651565681e-06	1.0000024928004652	1	2	0	1	2.4928004651565678	0	2.4928000000000008
29	46	1000	1000	0.041599999999999998	3.3036006164518765e-06	1.0000033036006164	1	2	0	1	3.3036006164518756	0	3.3036000000000003
31	47	1000	1000	0.045600000000000002	3.3472006245876389e-06	1.0000033472006247	1	2	0	1	3.3472006245876362	0	3.3471999999999995
32	40	100	100	0.061600000000000002	2.8436005306167511e-06	1.0000028436005306	1	2	0	1	2.8436005306167491	0	2.8436000000000008
33	28	20	20	0.053600000000000002	2.3084004307475221e-06	1.0000023084004308	1	2	0	1	2.3084004307475205	0	2.3084000000000007
36	48	1000	1000	0.039600000000000003	3.3868006319769981e-06	1.0000033868006319	1	2	0	1	3.3868006319769974	0	3.3867999999999996
37	2	1	1	0.053600000000000002	3.1140002358517554e-07	1.0000003114000235	1	2	0	1	0.31140002291904179	1.1102230246251565e-16	0.31140000000000001
39	6	5	5	0.0436	4.898000367154166e-07	1.0000004898000368	1	2	0	1	0.48980003604928318	1.1102230246251565e-16	0.48980000000000001
41	29	20	20	0.041599999999999998	2.350000438510085e-06	1.0000023500004385	1	2	0	1	2.3500004385100826	0	2.3500000000000005
42	17	10	10	0.069599999999999995	1.4188002647481304e-06	1.0000014188002648	1	2	0	1	1.4188002647481288	0	1.4187999999999996
45	18	10	10	0.069599999999999995	1.4884002777354904e-06	1.0000014884002777	1	2	0	1	1.4884002777354914	0	1.4883999999999995
48	19	10	10	0.069599999999999995	1.5580002907228536e-06	1.0000015580002908	1	2	0	1	1.5580002907228541	0	1.5579999999999998
49	7	5	5	0.10260000000000001	5.9240007262824866e-07	1.0000005924000726	1	2	0	1	0.59240007262824901	0	0.59240000000000004
50	33	50	50	0.045600000000000002	2.5384004736655299e-06	1.0000025384004736	1	2	0	1	2.5384004736655292	0	2.5384000000000007
51	8	5	5	0.041599999999999998	6.3400007772841006e-07	1.0000006340000778	1	2	0	1	0.63400007772840938	0	0.6339999999999999
53	41	100	100	0.045600000000000002	2.8892011007845922e-06	1.0000028892011008	1	2	0	1	2.8892011007845948	0	2.8892000000000007
54	30	20	20	0.039600000000000003	2.3896004458994454e-06	1.000002389600446	1	2	0	1	2.3896004458994438	0	2.3896000000000006
56	42	100	100	0.039600000000000003	2.928801115872176e-06	1.0000029288011159	1	2	0	1	2.9288011158721754	0	2.9288000000000003
57	49	1000	1000	0.039600000000000003	3.4264006393663593e-06	1.0000034264006394	1	2	0	1	3.4264006393663586	0	3.4263999999999997
58	20	10	10	0.061600000000000002	1.619600302217417e-06	1.0000016196003023	1	2	0	1	1.6196003022174161	0	1.6195999999999997
59	21	10	10	0.069599999999999995	1.6892003152047772e-06	1.0000016892003152	1	2	0	1	1.6892003152047788	0	1.6892
60	34	50	50	0.041599999999999998	2.5800004814280915e-06	1.0000025800004815	1	2	0	1	2.5800004814280908	0	2.580000000000001
62	22	10	10	0.049600000000000005	1.7388003244605709e-06	1.0000017388003244	1	2	0	1	1.7388003244605701	0	1.7387999999999999
64	50	1000	1000	0.0436	3.426400639366361e-06	1.0000034264006394	1	2	0	1	3.4264006393663582	0	3.4263999999999992
65	3	1	1	0.049600000000000005	3.6100002656960208e-07	1.0000003610000265	1	2	0	1	0.36100002656960195	0	0.36099999999999999
67	23	10	10	0.0516	1.7904003340891542e-06	1.000001790400334	1	2	0	1	1.7904003340891557	0	1.7904
68	43	100	100	0.0516	2.9804011363089042e-06	1.0000029804011363	1	2	0	1	2.9804011355317597	1.1102230246251565e-16	2.9804000000000004
69	24	10	10	0.061600000000000002	1.8520003455837458e-06	1.0000018520003455	1	2	0	1	1.8520003455837468	0	1.8520000000000003
70	9	5	5	0.041599999999999998	6.7560008282857104e-07	1.0000006756000828	1	2	0	1	0.6756000828285702	0	0.67559999999999998
71	25	10	10	0.061600000000000002	1.9136008048598805e-06	1.0000019136008049	1	2	0	1	1.9136008048598818	0	1.9136000000000002
73	44	100	100	0.053600000000000002	3.0260011529053218e-06	1.000003026001153	1	2	0	1	3.0260011529053252	0	3.0260000000000002

[frame_retry_distribution]
frame_id	retry_count	probability
0	0	0.99999927280026435
0	1	7.271993820257015e-07
0	2	3.535642961939115e-13
0	3	1.4532164262215335e-19
0	4	8.294657004097325e-26
0	5	3.639254825319621e-32
2	0	0.99999756080297486
2	1	2.4391935951570493e-06
2	2	3.4299933934730247e-12
2	3	3.6563502411225315e-18
2	4	3.2855526406092806e-24
2	5	3.2672718886531478e-30
2	6	1.9839133002945513e-36
4	0	0.9999992112003111
4	1	7.8879928108800768e-07
4	2	4.0780917832509227e-13
4	3	1.7586581975978397e-19
4	4	1.0298544928790296e-25
4	5	4.6270959734372554e-32
6	0	0.99999737840343639
6	1	2.6215926380332166e-06
6	2	3.9255720836791249e-12
6	3	4.4223210218928373e-18
6	4	5.0329056698738272e-24
6	5	4.5430133226013504e-30
6	6	3.20156488933359e-36
7	0	0.99999978780002241
7	1	2.1219994105084845e-07
7	2	3.6434727488312533e-14
7	3	5.9161689469530862e-21
7	4	9.451856802905719e-28
7	5	1.5058519024596685e-34
7	6	1.1102230246251565e-16
8	0	0.99999915760035485
8	1	8.4239918708439232e-07
8	2	4.580965327198688e-13
8	3	2.946812654344037e-19
8	4	1.4264807417809457e-25
8	5	6.1128895117686302e-32
9	0	0.99999802480195066
9	1	1.9751952678215072e-06
9	2	2.7814694571240017e-12
9	3	2.7985399518721469e-18
9	4	2.3674307157486641e-24
9	5	1.7910662018120188e-30
9	6	1.0736414302342652e-36
9	7	1.1102230246251565e-16
10	0	0.9999973368035463
10	1	2.6631924104234571e-06
10	2	4.0432579630328953e-12
10	3	4.6107508886596759e-18
10	4	5.2947961408595438e-24
10	5	4.8213400988449077e-30
10	6	3.4372442691998394e-36
10	7	1.1102230246251565e-16
12	0	0.9999979792020417
12	1	2.0207950664249021e-06
12	2	2.8917572004520911e-12
12	3	2.9524945842650544e-18
12	4	2.5304997399401096e-24
12	5	1.9367760840618254e-30
12	6	1.2689805629940161e-36
12	7	1.1102230246251565e-16
13	0	0.99999908800041593
13	1	9.1199905644528848e-07
13	2	5.2768248678387066e-13
13	3	3.5154007791923641e-19
13	4	1.7575396006830112e-25
13	5	7.7521238321872596e-32
14	0	0.9999967380053203
14	1	3.2619887506861953e-06
14	2	5.9289896468976534e-12
14	3	7.940849383750494e-18
14	4	8.7535483427914999e-24
14	5	8.4183827265642266e-30
14	6	8.8105784180258791e-36
15	0	0.99999729520365799
15	1	2.7047921793525868e-06
15	2	4.1626735780447005e-12
15	3	5.6136589865279933e-18
15	4	5.796324089752161e-24
15	5	5.1897419317740585e-30
15	6	3.7456603483195603e-36
16	0	0.99999898540051479
16	1	1.0145985840252273e-06
16	2	9.0126775401303198e-13
16	3	6.1199289413001168e-19
16	4	3.6989040902305898e-25
16	5	2.0947381296900112e-31
18	0	0.99999725560376596
18	1	2.7443919561753883e-06
18	2	4.2779565513844428e-12
18	3	5.8253903237577639e-18
18	4	6.0709819124331761e-24
18	5	5.4823698785404221e-30
18	6	4.0119821486462876e-36
19	0	0.99999721000389208
19	1	2.7899916952983619e-06
19	2	4.4126491840642372e-12
19	3	6.0756397668793905e-18
19	4	6.3991232199487228e-24
19	5	5.8354372737427782e-30
19	6	4.382654229878157e-36
20	0	0.99999890680059755
20	1	1.0931983884057479e-06
20	2	1.0140506358633061e-12
20	3	7.1397448816231237e-19
20	4	4.4471759829605825e-25
20	5	2.5828657090872588e-31
21	0	0.99999974220003318
21	1	2.5779991662749345e-07
21	2	5.0142080494726966e-14
21	3	8.8795371380281848e-21
21	4	1.512106878434402e-27
21	5	2.5298742035928988e-34
23	0	0.99999959940008032
23	1	4.0059981003552533e-07
23	2	1.0972427989302305e-13
23	3	2.5781128442268497e-20
23	4	5.6034282483243502e-27
23	5	1.1650134485628117e-33
24	0	0.99999955380009953
24	1	4.461997680653007e-07
24	2	1.3238746144125721e-13
24	3	3.3084889899037819e-20
24	4	7.5521242367038657e-27
24	5	1.6340766080943177e-33
24	6	1.1102230246251565e-16
26	0	0.99999865080091022
26	1	1.3491979279002299e-06
26	2	1.161929038691699e-12
26	3	8.1947575648595364e-19
26	4	5.1735571201236852e-25
26	5	4.2606769802708546e-31
27	0	0.99999750720310709
27	1	2.4927933208006291e-06
27	2	3.5721721621399181e-12
27	3	3.871458205909459e-18
27	4	4.2827193509443905e-24
27	5	3.7610733554713789e-30
27	6	2.4989637274082756e-36
29	0	0.99999669640545685
29	1	3.3035884697954029e-06
29	2	6.0733159095910141e-12
29	3	8.2181465236873874e-18
29	4	9.1440675329807878e-24
29	5	1.1008700848819584e-29
29	6	9.9128308088932844e-36
31	0	0.9999966528056019
31	1	3.3471881716855418e-06
31	2	6.226438275115956e-12
31	3	8.5156055849306655e-18
31	4	9.5671978125005545e-24
31	5	1.1600424039129296e-29
31	6	1.0524955249050571e-35
32	0	0.99999715640404296
32	1	2.8435913833363381e-06
32	2	4.5736306384045682e-12
32	3	6.378726030303538e-18
32	4	6.8015100300096091e-24
32	5	6.2733281489549825e-30
32	6	4.893228946885405e-36
33	0	0.99999769160266438
33	1	2.3083942405491866e-06
33	2	3.0950944201836844e-12
33	3	3.1650270971256039e-18
33	4	2.7418693612429788e-24
33	5	2.6565518720434855e-30
33	6	1.4909769761098455e-36
36	0	0.9999966132057353
36	1	3.3867878976305033e-06
36	2	6.367160059433167e-12
36	3	8.7919014190480571e-18
36	4	9.9640448770831599e-24
36	5	1.2159490101330102e-29
36	6	1.115093729300625e-35
37	0	0.9999996886000484
37	1	3.1139988011102313e-07
37	2	7.1403987254123967e-14
37	3	1.4699984172666361e-20
37	4	2.8846618462495246e-27
37	5	5.5289070407011027e-34
37	6	1.1102230246251565e-16
39	0	0.9999995102001199
39	1	4.8979972404675782e-07
39	2	1.5600120062720352e-13
39	3	4.122091502974077e-20
39	4	9.8420986188558452e-27
39	5	2.2099445954398759e-33
39	6	1.1102230246251565e-16
41	0	0.99999765000276131
41	1	2.3499940389975631e-06
41	2	3.1997512864254406e-12
41	3	3.3162069661536087e-18
41	4	2.9068750728380473e-24
41	5	2.8400299522516953e-30
41	6	1.6904731354147528e-36
42	0	0.99999858120100649
42	1	1.4187977222603094e-06
42	2	1.2712425219313623e-12
42	3	9.257315806203508e-19
42	4	6.0007143182621095e-25
42	5	5.0211012749781733e-31
45	0	0.99999851160110775
45	1	1.4883975069320866e-06
45	2	1.3854001409366976e-12
45	3	1.0406681069040652e-18
45	4	6.9218683581840195e-25
45	5	5.8835843043648292e-31
48	0	0.99999844200121368
48	1	1.5579972819155703e-06
48	2	1.5044018946962565e-12
48	3	1.1646222138249251e-18
48	4	1.0669022924150592e-24
48	5	7.6851909092272812e-31
48	6	2.3157536950076818e-37
49	0	0.99999940760017547
49	1	5.9239957643415117e-07
49	2	2.4809691219393939e-13
49	3	9.1030470141833968e-20
49	4	3.1336326183016184e-26
49	5	1.0422169106588164e-32
50	0	0.99999746160322178
50	1	2.5383930828694262e-06
50	2	3.6953919604811134e-12
50	3	4.060937242338695e-18
50	4	4.5380892241393654e-24
50	5	4.0246017985317559e-30
50	6	2.7499389485478715e-36
51	0	0.99999936600020101
51	1	6.3399952031578197e-07
51	2	2.7870615496144146e-13
51	3	1.0604730278842577e-19
51	4	3.7552595066149043e-26
51	5	2.0075591076997544e-32
53	0	0.99999711080417364
53	1	2.8891905517536073e-06
53	2	5.2745052870586127e-12
53	3	6.8036834321479579e-18
53	4	7.21166357178526e-24
53	5	6.6855852064675408e-30
53	6	5.1304063365570826e-36
54	0	0.99999761040285506
54	1	2.389593843920412e-06
54	2	3.3009843200279308e-12
54	3	3.4644957278439059e-18
54	4	3.0707232944151808e-24
54	5	3.0238645487055988e-30
54	6	1.8361207878809373e-36
56	0	0.99999707120428905
56	1	2.9287903062738034e-06
56	2	5.404788622664023e-12
56	3	7.042313045710625e-18
56	4	7.5334938455521355e-24
56	5	7.0425963914190709e-30
56	6	6.9593710780554286e-36
57	0	0.99999657360587013
57	1	3.4263876204391636e-06
57	2	6.5094499866468382e-12
57	3	9.0740934893790967e-18
57	4	1.0373077317018392e-23
57	5	1.2739746381315855e-29
57	6	1.1778307565794112e-35
58	0	0.99999838040131162
58	1	1.6195970746811224e-06
58	2	1.6137662240834658e-12
58	3	1.2821220306322905e-18
58	4	1.1938149922208353e-24
58	5	8.7323632353824254e-31
58	6	2.7715184469281846e-37
59	0	0.99999831080142665
59	1	1.6891968314016102e-06
59	2	1.7418994475028744e-12
59	3	1.4239923457559503e-18
59	4	1.3501336292672113e-24
59	5	1.004644276923847e-30
59	6	3.226630944162452e-37
60	0	0.99999742000332825
60	1	2.5799928621818754e-06
60	2	3.8096167494232138e-12
60	3	4.2390738032565761e-18
60	4	4.7807505405480465e-24
60	5	4.2775839684544561e-30
60	6	2.9791672573049808e-36
62	0	0.9999982612015117
62	1	1.7387966521177038e-06
62	2	1.8361684923436673e-12
62	3	1.9608357251891546e-18
62	4	1.6007821745719524e-24
62	5	1.1525043613808143e-30
62	6	4.3396723321579074e-37
64	0	0.99999657360587013
64	1	3.4263876204391653e-06
64	2	6.5094499866468431e-12
64	3	9.0740934893790998e-18
64	4	1.0373077317018395e-23
64	5	1.2739746394232299e-29
64	6	1.1759901381404095e-35
65	0	0.99999963900006517
65	1	3.609998431094342e-07
65	2	9.1730053382775015e-14
65	3	2.0365877757795526e-20
65	4	4.2346252882300032e-27
65	5	8.4964167146529655e-34
67	0	0.99999820960160279
67	1	1.7903964603826977e-06
67	2	1.9368500762026901e-12
67	3	2.101413081937294e-18
67	4	1.7411319133301464e-24
67	5	1.2704219406750893e-30
67	6	4.8309996205260734e-37
68	0	0.99999701960444132
68	1	2.9803899817002776e-06
68	2	5.5769046931070523e-12
68	3	7.3614909054500688e-18
68	4	7.9688008221120671e-24
68	5	7.5304255058279735e-30
68	6	7.6682392131102641e-36
68	7	1.1102230246251565e-16
69	0	0.99999814800171494
69	1	1.8519962245166474e-06
69	2	2.0605301327380682e-12
69	3	2.2776050694512058e-18
69	4	1.9202932276742218e-24
69	5	1.4234242567643869e-30
69	6	5.3844489164589784e-37
70	0	0.99999932440022832
70	1	6.7559946073629619e-07
70	2	3.1104595358875505e-13
70	3	1.2258561711942955e-19
70	4	6.8455150971555787e-26
70	5	2.9436149903805271e-32
71	0	0.99999808640183097
71	1	1.9135955332800918e-06
71	2	2.63578599570229e-12
71	3	2.5990749605242565e-18
71	4	2.1596969230792987e-24
71	5	1.6081866509376592e-30
71	6	9.7397140542715525e-37
73	0	0.99999697400457832
73	1	3.0259896904355592e-06
73	2	5.7312234042385626e-12
73	3	7.6514135068053146e-18
73	4	8.3688905698390591e-24
73	5	7.9836112163775444e-30
73	6	8.1985785046606545e-36

[frame_retry_cdf]
frame_id	retry_count	cumulative_probability
0	0	0.99999927280026435
0	1	0.99999999999964639
0	2	1
0	3	1
0	4	1
0	5	1
2	0	0.99999756080297486
2	1	0.99999999999656997
2	2	1
2	3	1
2	4	1
2	5	1
2	6	1
4	0	0.9999992112003111
4	1	0.99999999999959222
4	2	1
4	3	1
4	4	1
4	5	1
6	0	0.99999737840343639
6	1	0.99999999999607447
6	2	1
6	3	1
6	4	1
6	5	1
6	6	1
7	0	0.99999978780002241
7	1	0.99999999999996347
7	2	0.99999999999999989
7	3	0.99999999999999989
7	4	0.99999999999999989
7	5	0.99999999999999989
7	6	1
8	0	0.99999915760035485
8	1	0.99999999999954192
8	2	1
8	3	1
8	4	1
8	5	1
9	0	0.99999802480195066
9	1	0.99999999999721845
9	2	0.99999999999999989
9	3	0.99999999999999989
9	4	0.99999999999999989
9	5	0.99999999999999989
9	6	0.99999999999999989
9	7	1
10	0	0.9999973368035463
10	1	0.99999999999595668
10	2	0.99999999999999989
10	3	0.99999999999999989
10	4	0.99999999999999989
10	5	0.99999999999999989
10	6	0.99999999999999989
10	7	1
12	0	0.9999979792020417
12	1	0.99999999999710809
12	2	0.99999999999999989
12	3	0.99999999999999989
12	4	0.99999999999999989
12	5	0.99999999999999989
12	6	0.99999999999999989
12	7	1
13	0	0.99999908800041593
13	1	0.99999999999947242
13	2	1
13	3	1
13	4	1
13	5	1
14	0	0.9999967380053203
14	1	0.99999999999407096
14	2	1
14	3	1
14	4	1
14	5	1
14	6	1
15	0	0.99999729520365799
15	1	0.99999999999583733
15	2	1
15	3	1
15	4	1
15	5	1
15	6	1
16	0	0.99999898540051479
16	1	0.99999999999909883
16	2	1
16	3	1
16	4	1
16	5	1
18	0	0.99999725560376596
18	1	0.99999999999572209
18	2	1
18	3	1
18	4	1
18	5	1
18	6	1
19	0	0.99999721000389208
19	1	0.99999999999558742
19	2	1
19	3	1
19	4	1
19	5	1
19	6	1
20	0	0.99999890680059755
20	1	0.99999999999898592
20	2	1
20	3	1
20	4	1
20	5	1
21	0	0.99999974220003318
21	1	0.99999999999994982
21	2	1
21	3	1
21	4	1
21	5	1
23	0	0.99999959940008032
23	1	0.99999999999989031
23	2	1
23	3	1
23	4	1
23	5	1
24	0	0.99999955380009953
24	1	0.99999999999986755
24	2	0.99999999999999989
24	3	0.99999999999999989
24	4	0.99999999999999989
24	5	0.99999999999999989
24	6	1
26	0	0.99999865080091022
26	1	0.99999999999883815
26	2	1
26	3	1
26	4	1
26	5	1
27	0	0.99999750720310709
27	1	0.99999999999642786
27	2	1
27	3	1
27	4	1
27	5	1
27	6	1
29	0	0.99999669640545685
29	1	0.99999999999392664
29	2	1
29	3	1
29	4	1
29	5	1
29	6	1
31	0	0.9999966528056019
31	1	0.99999999999377354
31	2	1
31	3	1
31	4	1
31	5	1
31	6	1
32	0	0.99999715640404296
32	1	0.99999999999542633
32	2	1
32	3	1
32	4	1
32	5	1
32	6	1
33	0	0.99999769160266438
33	1	0.99999999999690492
33	2	1
33	3	1
33	4	1
33	5	1
33	6	1
36	0	0.9999966132057353
36	1	0.99999999999363298
36	2	1
36	3	1
36	4	1
36	5	1
36	6	1
37	0	0.9999996886000484
37	1	0.9999999999999285
37	2	0.99999999999999989
37	3	0.99999999999999989
37	4	0.99999999999999989
37	5	0.99999999999999989
37	6	1
39	0	0.9999995102001199
39	1	0.9999999999998439
39	2	0.99999999999999989
39	3	0.99999999999999989
39	4	0.99999999999999989
39	5	0.99999999999999989
39	6	1
41	0	0.99999765000276131
41	1	0.99999999999680034
41	2	1
41	3	1
41	4	1
41	5	1
41	6	1
42	0	0.99999858120100649
42	1	0.99999999999872879
42	2	1
42	3	1
42	4	1
42	5	1
45	0	0.99999851160110775
45	1	0.99999999999861466
45	2	1
45	3	1
45	4	1
45	5	1
48	0	0.99999844200121368
48	1	0.99999999999849565
48	2	1
48	3	1
48	4	1
48	5	1
48	6	1
49	0	0.99999940760017547
49	1	0.99999999999975187
49	2	1
49	3	1
49	4	1
49	5	1
50	0	0.99999746160322178
50	1	0.99999999999630462
50	2	1
50	3	1
50	4	1
50	5	1
50	6	1
51	0	0.99999936600020101
51	1	0.99999999999972133
51	2	1
51	3	1
51	4	1
51	5	1
53	0	0.99999711080417364
53	1	0.99999999999472544
53	2	1
53	3	1
53	4	1
53	5	1
53	6	1
54	0	0.99999761040285506
54	1	0.99999999999669897
54	2	1
54	3	1
54	4	1
54	5	1
54	6	1
56	0	0.99999707120428905
56	1	0.99999999999459532
56	2	1
56	3	1
56	4	1
56	5	1
56	6	1
57	0	0.99999657360587013
57	1	0.99999999999349054
57	2	1
57	3	1
57	4	1
57	5	1
57	6	1
58	0	0.99999838040131162
58	1	0.99999999999838629
58	2	1
58	3	1
58	4	1
58	5	1
58	6	1
59	0	0.99999831080142665
59	1	0.99999999999825806
59	2	1
59	3	1
59	4	1
59	5	1
59	6	1
60	0	0.99999742000332825
60	1	0.99999999999619038
60	2	1
60	3	1
60	4	1
60	5	1
60	6	1
62	0	0.9999982612015117
62	1	0.9999999999981638
62	2	1
62	3	1
62	4	1
62	5	1
62	6	1
64	0	0.99999657360587013
64	1	0.99999999999349054
64	2	1
64	3	1
64	4	1
64	5	1
64	6	1
65	0	0.99999963900006517
65	1	0.9999999999999083
65	2	1
65	3	1
65	4	1
65	5	1
67	0	0.99999820960160279
67	1	0.99999999999806322
67	2	1
67	3	1
67	4	1
67	5	1
67	6	1
68	0	0.99999701960444132
68	1	0.99999999999442302
68	2	0.99999999999999989
68	3	0.99999999999999989
68	4	0.99999999999999989
68	5	0.99999999999999989
68	6	0.99999999999999989
68	7	1
69	0	0.99999814800171494
69	1	0.99999999999793943
69	2	1
69	3	1
69	4	1
69	5	1
69	6	1
70	0	0.99999932440022832
70	1	0.99999999999968903
70	2	1
70	3	1
70	4	1
70	5	1
71	0	0.99999808640183097
71	1	0.99999999999736422
71	2	1
71	3	1
71	4	1
71	5	1
71	6	1
73	0	0.99999697400457832
73	1	0.99999999999426881
73	2	1
73	3	1
73	4	1
73	5	1
73	6	1

[frame_wcrt_distribution]
frame_id	response_time_ms	probability
0	0.72720000000000007	0.99999927280026435
0	0.84980000000000011	7.271993820257015e-07
0	0.97240000000000015	3.535642961939115e-13
0	1.2894000000000001	1.4532164262215335e-19
0	1.3402000000000003	2.8240699700174537e-33
0	1.4119999999999999	8.294657004097325e-26
0	1.5346000000000002	3.3568478283178761e-32
2	2.4392000000000005	0.99999756080297486
2	2.6258000000000004	2.4391935951570493e-06
2	2.8124000000000002	3.4299933934730247e-12
2	2.9438000000000009	2.5016532624993097e-39
2	2.9990000000000006	3.6563502411225315e-18
2	3.3248000000000006	7.9031083803102817e-38
2	3.3722000000000003	3.4426425502108589e-31
2	3.3800000000000003	3.2855526406092806e-24
2	3.5588000000000006	3.6268913131559127e-37
2	3.5666000000000002	2.9230076311304067e-30
2	3.7532000000000005	1.5421930851758573e-36
4	0.78879999999999995	0.9999992112003111
4	0.91139999999999999	7.8879928108800768e-07
4	1.034	4.0780917832509227e-13
4	1.351	1.7586581975978397e-19
4	1.4018000000000002	4.0239552683953624e-33
4	1.4735999999999998	1.0298544928790296e-25
4	1.5962000000000001	4.2247004465977191e-32
6	2.6216000000000008	0.99999737840343639
6	2.8082000000000007	2.6215926380332166e-06
6	2.9948000000000006	3.9255720836791249e-12
6	3.1262000000000008	1.0382104335251053e-39
6	3.3758000000000008	4.4223210218928373e-18
6	3.5546000000000006	7.3315840579634831e-32
6	3.5624000000000007	5.0329056698738272e-24
6	3.741200000000001	1.7761665866568439e-37
6	3.7490000000000006	4.4696974809835053e-30
6	3.9356000000000009	3.0239482306679058e-36
7	0.2122	0.99999978780002241
7	0.27779999999999999	2.1219994105084845e-07
7	0.34340000000000004	3.6434727488312533e-14
7	0.40900000000000003	5.9161689469530862e-21
7	0.47460000000000002	9.451856802905719e-28
7	0.54020000000000001	1.5058519024596685e-34
7	1.0656000000000001	1.1102230246251565e-16
8	0.84240000000000004	0.99999915760035485
8	0.96500000000000008	8.4239918708439232e-07
8	1.282	4.580965327198688e-13
8	1.4045999999999998	2.946812654344037e-19
8	1.4554	4.0931770046622389e-33
8	1.5272000000000001	1.4264807417809457e-25
8	1.6497999999999999	5.7035718113024046e-32
9	1.9752000000000005	0.99999802480195066
9	2.3958000000000004	1.9751952678215072e-06
9	2.5824000000000007	2.7814694571240017e-12
9	2.7138000000000009	2.4999507328886841e-38
9	2.7690000000000006	2.7985399518721469e-18
9	2.9082000000000003	4.1684870029285751e-32
9	2.9556000000000004	2.3674307157486641e-24
9	3.0948000000000002	3.3785491964948684e-38
9	3.1422000000000003	6.6494702133580764e-31
9	3.3288000000000002	4.4570115278671486e-37
9	3.3366000000000002	1.0844342854474183e-30
9	3.5232000000000001	5.9415478548260183e-37
9	20.186599999999999	1.1102230246251565e-16
10	2.6632000000000007	0.9999973368035463
10	2.8498000000000006	2.6631924104234571e-06
10	3.0364000000000004	4.0432579630328953e-12
10	3.1678000000000006	1.0382104335251053e-39
10	3.4174000000000007	4.6107508886596759e-18
10	3.5962000000000005	7.7563212612507251e-32
10	3.6040000000000005	5.2947961408595438e-24
10	3.7828000000000008	1.9594946851570174e-37
10	3.7906000000000004	4.7437768851941901e-30
10	3.9772000000000007	3.2412948006841376e-36
10	100.1866	1.1102230246251565e-16
12	2.0208000000000004	0.9999979792020417
12	2.4414000000000007	2.0207950664249021e-06
12	2.628000000000001	2.8917572004520911e-12
12	2.7594000000000007	1.6430203687262489e-39
12	2.8146000000000009	2.9524945842650544e-18
12	2.9538000000000002	2.8468113739510537e-32
12	3.0012000000000008	2.5304997399401096e-24
12	3.1404000000000005	4.4295294383018703e-38
12	3.1878000000000006	6.4348494749305106e-31
12	3.3744000000000005	5.3087328393545447e-37
12	3.3822000000000001	1.2648230211862442e-30
12	3.5688000000000004	6.9381198467554297e-37
12	20.186599999999999	1.1102230246251565e-16
13	0.91199999999999992	0.99999908800041593
13	1.0346	9.1199905644528848e-07
13	1.3515999999999999	5.2768248678387066e-13
13	1.4741999999999997	3.5154007791923641e-19
13	1.5249999999999999	6.0579316693362648e-33
13	1.5968	1.7575396006830112e-25
13	1.7193999999999998	7.1463306652536332e-32
14	3.262	0.9999967380053203
14	3.4485999999999999	3.2619887506861953e-06
14	3.5721999999999996	1.0382104335251053e-39
14	3.6352000000000002	5.9289896468976534e-12
14	3.8218000000000001	7.940849383750494e-18
14	4.0006000000000004	3.781153885651628e-33
14	4.0084	8.7535483427914999e-24
14	4.1872000000000007	4.8467576261550464e-37
14	4.1950000000000003	6.5403040186851675e-31
14	4.3815999999999997	3.8468586684058913e-36
14	4.4290000000000003	7.7605711697718535e-30
14	4.6156000000000006	4.4790439870044864e-36
15	2.7048000000000014	0.99999729520365799
15	2.8914000000000013	2.7047921793525868e-06
15	3.2094000000000005	1.0382104335251053e-39
15	3.2724000000000011	4.1626735780447005e-12
15	3.459000000000001	5.6136589865279933e-18
15	3.6378000000000013	7.5712739047770453e-32
15	3.6456000000000008	5.796324089752161e-24
15	3.8244000000000016	1.7302086984932821e-37
15	3.8322000000000007	5.1140291916880806e-30
15	4.0188000000000006	3.5726394784702316e-36
16	1.0145999999999997	0.99999898540051479
16	1.3955999999999995	1.0145985840252273e-06
16	1.5821999999999996	9.0126775401303198e-13
16	1.7687999999999997	6.1199289413001168e-19
16	1.9475999999999996	3.6553138013490757e-33
16	1.9553999999999996	3.6989040902305898e-25
16	2.1419999999999995	2.0581849916765207e-31
18	2.7444000000000011	0.99999725560376596
18	2.9310000000000009	2.7443919561753883e-06
18	3.2490000000000001	8.1151147711214807e-40
18	3.3120000000000003	4.2779565513844428e-12
18	3.4986000000000006	5.8253903237577639e-18
18	3.6774000000000009	7.6959754837162118e-32
18	3.6852000000000005	6.0709819124331761e-24
18	3.8640000000000008	1.9326711304236398e-37
18	3.8718000000000004	5.4054101228917484e-30
18	4.0584000000000007	3.8187150356039235e-36
19	2.7900000000000014	0.99999721000389208
19	2.9766000000000012	2.7899916952983619e-06
19	3.2946000000000004	1.6430203687262489e-39
19	3.3576000000000006	4.4126491840642372e-12
19	3.5442000000000009	6.0756397668793905e-18
19	3.7230000000000012	9.1973601861957645e-32
19	3.7308000000000008	6.3991232199487228e-24
19	3.9096000000000011	2.1433732598621651e-37
19	3.9174000000000007	5.7434636702378e-30
19	4.104000000000001	4.1683169038919401e-36
20	1.0931999999999999	0.99999890680059755
20	1.4741999999999997	1.0931983884057479e-06
20	1.6607999999999998	1.0140506358633061e-12
20	1.8473999999999999	7.1397448816231237e-19
20	2.0261999999999998	7.9490471643959199e-33
20	2.0339999999999998	4.4471759829605825e-25
20	2.2205999999999997	2.5033752374432996e-31
21	0.25780000000000003	0.99999974220003318
21	0.32340000000000002	2.5779991662749345e-07
21	0.38900000000000001	5.0142080494726966e-14
21	0.45460000000000006	8.8795371380281848e-21
21	0.5202	1.512106878434402e-27
21	0.5858000000000001	2.5298742035928988e-34
23	0.40060000000000001	0.99999959940008032
23	0.47420000000000001	4.0059981003552533e-07
23	0.54780000000000006	1.0972427989302305e-13
23	0.62139999999999995	2.5781128442268497e-20
23	0.69500000000000006	5.6034282483243502e-27
23	0.76859999999999995	1.1650134485628117e-33
24	0.44620000000000004	0.99999955380009953
24	0.51980000000000004	4.461997680653007e-07
24	0.59340000000000004	1.3238746144125721e-13
24	0.66700000000000004	3.3084889899037819e-20
24	0.74060000000000004	7.5521242367038657e-27
24	0.81420000000000003	1.6340766080943177e-33
24	5.0735999999999999	1.1102230246251565e-16
26	1.3491999999999997	0.99999865080091022
26	1.5357999999999996	1.3491979279002299e-06
26	1.7223999999999997	1.161929038691699e-12
26	1.9089999999999998	8.1947575648595364e-19
26	2.0877999999999997	7.3913248160757259e-39
26	2.2821999999999996	1.258893147737978e-31
26	2.3296000000000001	5.1735571201236852e-25
26	2.5162	3.001783758619628e-31
27	2.4928000000000008	0.99999750720310709
27	2.6794000000000007	2.4927933208006291e-06
27	2.8660000000000005	3.5721721621399181e-12
27	2.9974000000000012	3.6867414279053032e-39
27	3.2470000000000008	3.871458205909459e-18
27	3.4258000000000006	7.4432903704474435e-32
27	3.4336000000000007	4.2827193509443905e-24
27	3.6124000000000009	1.2658758234042997e-37
27	3.6202000000000005	3.6866404480801632e-30
27	3.8068000000000008	2.3723761450678457e-36
29	3.3036000000000003	0.99999669640545685
29	3.4902000000000002	3.3035884697954029e-06
29	3.6137999999999999	1.0382104335251053e-39
29	3.6768000000000001	6.0733159095910141e-12
29	3.8634000000000004	8.2181465236873874e-18
29	4.2288000000000006	5.3181589721116434e-37
29	4.2366000000000001	2.8613446621420617e-31
29	4.2840000000000007	9.1440675329807878e-24
29	4.4232000000000005	2.0498091111860807e-36
29	4.470600000000001	1.0722566381567166e-29
29	4.6572000000000013	7.3312058004960428e-36
31	3.3471999999999995	0.9999966528056019
31	3.5337999999999994	3.3471881716855418e-06
31	3.6573999999999991	1.6430203687262489e-39
31	3.7203999999999997	6.226438275115956e-12
31	3.9069999999999996	8.5156055849306655e-18
31	4.2724000000000002	5.8662742755628151e-37
31	4.2801999999999998	3.0081721237968263e-31
31	4.3276000000000003	9.5671978125005545e-24
31	4.4667999999999992	2.171457986148084e-36
31	4.5141999999999998	1.129960682510659e-29
31	4.7008000000000001	7.7668698353462074e-36
32	2.8436000000000008	0.99999715640404296
32	3.0302000000000007	2.8435913833363381e-06
32	3.3481999999999998	7.3913248160757259e-39
32	3.4112	4.5736306384045682e-12
32	3.5978000000000003	6.378726030303538e-18
32	3.7766000000000006	2.0833662792359661e-32
32	3.7844000000000002	6.8015100300096091e-24
32	3.9632000000000005	2.9037399112709266e-37
32	3.9710000000000001	6.2524944787712985e-30
32	4.1576000000000004	4.6028549557583126e-36
33	2.3084000000000007	0.99999769160266438
33	2.4950000000000006	2.3083942405491866e-06
33	2.6816000000000004	3.0950944201836844e-12
33	2.8130000000000011	3.6867414279053032e-39
33	2.8682000000000007	3.1650270971256039e-18
33	3.1940000000000008	5.1551591574617429e-38
33	3.2414000000000005	3.0305719045603335e-31
33	3.2492000000000005	2.7418693612429788e-24
33	3.4280000000000008	4.6871186526794075e-37
33	3.4358000000000004	2.3534946779007103e-30
33	3.6224000000000007	9.7071351926728726e-37
36	3.3867999999999996	0.9999966132057353
36	3.5733999999999995	3.3867878976305033e-06
36	3.6969999999999992	8.1151147711214807e-40
36	3.7599999999999998	6.367160059433167e-12
36	3.9465999999999997	8.7919014190480571e-18
36	4.3120000000000003	6.3690579290394985e-37
36	4.3197999999999999	2.9729842433331979e-31
36	4.3672000000000004	9.9640448770831599e-24
36	4.5063999999999993	2.2968627552335306e-36
36	4.5538000000000007	1.186219167618527e-29
36	4.7404000000000002	8.2171687448687683e-36
37	0.31140000000000001	0.9999996886000484
37	0.38500000000000001	3.1139988011102313e-07
37	0.45860000000000001	7.1403987254123967e-14
37	0.53220000000000001	1.4699984172666361e-20
37	0.60580000000000001	2.8846618462495246e-27
37	0.6794	5.5289070407011027e-34
37	1.0735999999999999	1.1102230246251565e-16
39	0.48980000000000001	0.9999995102001199
39	0.56340000000000001	4.8979972404675782e-07
39	0.63700000000000001	1.5600120062720352e-13
39	0.71060000000000001	4.122091502974077e-20
39	0.78420000000000001	9.8420986188558452e-27
39	0.85780000000000001	2.2099445954398759e-33
39	5.0735999999999999	1.1102230246251565e-16
41	2.3500000000000005	0.99999765000276131
41	2.5366000000000004	2.3499940389975631e-06
41	2.7232000000000003	3.1997512864254406e-12
41	2.8546000000000009	1.0382104335251053e-39
41	2.9098000000000006	3.3162069661536087e-18
41	3.2356000000000007	6.1321640480311606e-38
41	3.2830000000000004	3.0175458866744785e-31
41	3.2908000000000004	2.9068750728380473e-24
41	3.4696000000000007	3.0953006372472256e-37
41	3.4774000000000003	2.5382753625460373e-30
41	3.6640000000000006	1.319621431209719e-36
42	1.4187999999999996	0.99999858120100649
42	1.6053999999999995	1.4187977222603094e-06
42	1.7919999999999996	1.2712425219313623e-12
42	1.9785999999999997	9.257315806203508e-19
42	2.1573999999999995	1.3610212993976972e-38
42	2.3517999999999994	1.4957810407505984e-31
42	2.3992	6.0007143182621095e-25
42	2.5857999999999999	3.5253200981254449e-31
45	1.4883999999999995	0.99999851160110775
45	1.6749999999999994	1.4883975069320866e-06
45	1.8615999999999995	1.3854001409366976e-12
45	2.0481999999999996	1.0406681069040652e-18
45	2.2269999999999999	1.3610212993976972e-38
45	2.4213999999999993	1.7675667678649135e-31
45	2.4687999999999999	6.9218683581840195e-25
45	2.6553999999999998	4.1160174003977838e-31
48	1.5579999999999998	0.99999844200121368
48	1.7445999999999997	1.5579972819155703e-06
48	1.9311999999999998	1.5044018946962565e-12
48	2.2966000000000002	1.3610212993976972e-38
48	2.3517999999999999	1.1646222138249251e-18
48	2.4909999999999997	7.4509944479069834e-32
48	2.5383999999999998	1.0669022924150592e-24
48	2.7249999999999996	6.9400913283344524e-31
48	2.9116	2.3157536950076818e-37
49	0.59240000000000004	0.99999940760017547
49	0.71500000000000008	5.9239957643415117e-07
49	0.83760000000000012	2.4809691219393939e-13
49	0.96020000000000005	9.1030470141833968e-20
49	1.0828000000000002	3.1336326183016184e-26
49	1.2054	1.0422169106588164e-32
50	2.5384000000000007	0.99999746160322178
50	2.7250000000000005	2.5383930828694262e-06
50	2.9116000000000009	3.6953919604811134e-12
50	3.043000000000001	1.6430203687262489e-39
50	3.2926000000000006	4.060937242338695e-18
50	3.4714000000000005	7.0127512395760045e-32
50	3.4792000000000005	4.5380892241393654e-24
50	3.6580000000000004	1.4416386731955788e-37
50	3.6658000000000004	3.9544742844929756e-30
50	3.8524000000000003	2.6057750812283137e-36
51	0.6339999999999999	0.99999936600020101
51	0.75659999999999994	6.3399952031578197e-07
51	0.87919999999999998	2.7870615496144146e-13
51	1.0017999999999998	1.0604730278842577e-19
51	1.2469999999999999	4.8396548504866964e-33
51	1.3188	3.7552595066149043e-26
51	1.4414000000000002	1.5235936226510849e-32
53	2.8892000000000007	0.99999711080417364
53	3.2702	2.8891905517536073e-06
53	3.3937999999999997	1.6430203687262489e-39
53	3.4568000000000003	5.2745052870586127e-12
53	3.6434000000000002	6.8036834321479579e-18
53	3.8222000000000005	9.1012828147343442e-32
53	3.8300000000000001	7.21166357178526e-24
53	4.0088000000000008	2.7566716184146527e-37
53	4.0166000000000004	6.5945723766771777e-30
53	4.2031999999999998	4.854739174715617e-36
54	2.3896000000000006	0.99999761040285506
54	2.5762000000000005	2.389593843920412e-06
54	2.7628000000000004	3.3009843200279308e-12
54	2.894200000000001	8.1151147711214807e-40
54	2.9494000000000007	3.4644957278439059e-18
54	3.2752000000000008	6.9926950986846331e-38
54	3.3226000000000004	3.1217856356263459e-31
54	3.3304000000000005	3.0707232944151808e-24
54	3.5092000000000008	3.3597855150064257e-37
54	3.5170000000000003	2.7116859843314527e-30
54	3.7036000000000007	1.4302152853934483e-36
56	2.9288000000000003	0.99999707120428905
56	3.3097999999999996	2.9287903062738034e-06
56	3.4333999999999993	8.1151147711214807e-40
56	3.4963999999999995	5.404788622664023e-12
56	3.6829999999999998	7.042313045710625e-18
56	3.8618000000000001	8.4146195496103165e-32
56	3.8695999999999997	7.5334938455521355e-24
56	4.0484	3.0840707072405409e-37
56	4.0561999999999996	6.8498860183383031e-31
56	4.2427999999999999	2.991591144909787e-36
56	4.2902000000000005	6.273461593277627e-30
56	4.4767999999999999	3.6593728624215867e-36
57	3.4263999999999997	0.99999657360587013
57	3.6129999999999995	3.4263876204391636e-06
57	3.7365999999999993	8.1151147711214807e-40
57	3.7995999999999999	6.5094499866468382e-12
57	3.9861999999999997	9.0740934893790967e-18
57	4.3516000000000004	6.930919973100359e-37
57	4.3593999999999999	3.0439684151935568e-31
57	4.4068000000000005	1.0373077317018392e-23
57	4.5459999999999994	2.4209317377249091e-36
57	4.5934000000000008	1.2435349538984989e-29
57	4.7800000000000002	8.6642838307591677e-36
58	1.6195999999999997	0.99999838040131162
58	1.8061999999999996	1.6195970746811224e-06
58	1.9927999999999997	1.6137662240834658e-12
58	2.3582000000000001	7.3913248160757259e-39
58	2.4134000000000002	1.2821220306322905e-18
58	2.5525999999999995	8.7047356553396468e-32
58	2.6000000000000001	1.1938149922208353e-24
58	2.7866	7.861889595935212e-31
58	2.9732000000000003	2.7715184469281846e-37
59	1.6892	0.99999831080142665
59	1.8757999999999999	1.6891968314016102e-06
59	2.0624000000000002	1.7418994475028744e-12
59	2.4278000000000004	1.3610212993976972e-38
59	2.4830000000000001	1.4239923457559503e-18
59	2.6221999999999999	1.0509391726837296e-31
59	2.6696	1.3501336292672113e-24
59	2.8561999999999999	8.9955034604526114e-31
59	3.0427999999999997	3.226630944162452e-37
60	2.580000000000001	0.99999742000332825
60	2.7666000000000008	2.5799928621818754e-06
60	2.9532000000000007	3.8096167494232138e-12
60	3.0846000000000009	1.0382104335251053e-39
60	3.3342000000000009	4.2390738032565761e-18
60	3.5130000000000008	6.9269074212782516e-32
60	3.5208000000000008	4.7807505405480465e-24
60	3.6996000000000011	1.6085952460804512e-37
60	3.7074000000000007	4.2083148932034633e-30
60	3.894000000000001	2.8183077326969356e-36
62	1.7387999999999999	0.9999982612015117
62	1.9253999999999998	1.7387966521177038e-06
62	2.3460000000000001	1.8361684923436673e-12
62	2.4774000000000003	2.5016532624993097e-39
62	2.5326	1.9608357251891546e-18
62	2.6717999999999997	8.1373544693711732e-32
62	2.7191999999999998	1.6007821745719524e-24
62	2.9058000000000002	1.0711308141854493e-30
62	3.0924	4.3396723321579074e-37
64	3.4263999999999992	0.99999657360587013
64	3.6129999999999991	3.4263876204391653e-06
64	3.7365999999999988	1.312959050936332e-39
64	3.799599999999999	6.5094499866468431e-12
64	3.9861999999999993	9.0740934893790998e-18
64	4.3515999999999995	6.9463946916421857e-37
64	4.3593999999999991	3.1177216285724946e-31
64	4.4067999999999996	1.0373077317018395e-23
64	4.5459999999999994	2.4165043140232785e-36
64	4.5933999999999999	1.2427974230062084e-29
64	4.7799999999999994	8.6487575982166014e-36
65	0.36099999999999999	0.99999963900006517
65	0.43459999999999999	3.609998431094342e-07
65	0.50819999999999999	9.1730053382775015e-14
65	0.58179999999999998	2.0365877757795526e-20
65	0.65539999999999998	4.2346252882300032e-27
65	0.72899999999999998	8.4964167146529655e-34
67	1.7904	0.99999820960160279
67	1.9769999999999999	1.7903964603826977e-06
67	2.3975999999999997	1.9368500762026901e-12
67	2.5290000000000004	3.048366916752272e-39
67	2.5842000000000001	2.101413081937294e-18
67	2.7233999999999998	9.5456633844875822e-32
67	2.7707999999999999	1.7411319133301464e-24
67	2.9573999999999998	1.1749653037818466e-30
67	3.1440000000000001	4.8309996205260734e-37
68	2.9804000000000004	0.99999701960444132
68	3.3613999999999997	2.9803899817002776e-06
68	3.4849999999999994	3.048366916752272e-39
68	3.548	5.5769046931070523e-12
68	3.7345999999999999	7.3614909054500688e-18
68	3.9134000000000002	5.3852135372001592e-33
68	3.9211999999999998	7.9688008221120671e-24
68	4.1000000000000005	3.9963797877952935e-37
68	4.1078000000000001	7.5219891002637316e-31
68	4.2943999999999996	3.3377746141727728e-36
68	4.3418000000000001	6.7728413792160343e-30
68	4.5284000000000004	3.9308266201579647e-36
68	100.1866	1.1102230246251565e-16
69	1.8520000000000003	0.99999814800171494
69	2.0386000000000002	1.8519962245166474e-06
69	2.4592000000000001	2.0605301327380682e-12
69	2.5906000000000007	7.3913248160757259e-39
69	2.6458000000000004	2.2776050694512058e-18
69	2.7850000000000001	1.1604303036970807e-31
69	2.8324000000000003	1.9202932276742218e-24
69	3.0190000000000001	1.3073812190033538e-30
69	3.2056000000000004	5.3844489164589784e-37
70	0.67559999999999998	0.99999932440022832
70	0.79820000000000002	6.7559946073629619e-07
70	0.92080000000000006	3.1104595358875505e-13
70	1.2378	1.2258561711942955e-19
70	1.2886000000000002	2.0529448393267089e-33
70	1.3603999999999998	6.8455150971555787e-26
70	1.4830000000000001	2.7383205064478565e-32
71	1.9136000000000002	0.99999808640183097
71	2.3342000000000005	1.9135955332800918e-06
71	2.5208000000000004	2.63578599570229e-12
71	2.6522000000000006	7.3913248160757259e-39
71	2.7074000000000007	2.5990749605242565e-18
71	2.8466	2.9691665298385861e-32
71	2.8940000000000006	2.1596969230792987e-24
71	3.0331999999999999	2.881012783525938e-38
71	3.0806000000000004	5.872169222674471e-31
71	3.2672000000000008	4.0248855650239649e-37
71	3.2749999999999999	9.9127805598050108e-31
71	3.4615999999999998	5.4267272108949954e-37
73	3.0260000000000002	0.99999697400457832
73	3.4069999999999996	3.0259896904355592e-06
73	3.5305999999999993	3.6867414279053032e-39
73	3.5935999999999995	5.7312234042385626e-12
73	3.7801999999999998	7.6514135068053146e-18
73	3.9590000000000001	6.0637907740325035e-33
73	3.9667999999999997	8.3688905698390591e-24
73	4.1456	4.4431022381182074e-37
73	4.1533999999999995	7.8248909965410823e-31
73	4.3399999999999999	3.5833188963565149e-36
73	4.3874000000000004	7.1950583222626612e-30
73	4.5739999999999998	4.1709493844923188e-36

[frame_wcrt_cdf]
frame_id	response_time_ms	cumulative_probability
0	0.72720000000000007	0.99999927280026435
0	0.84980000000000011	0.99999999999964639
0	0.97240000000000015	1
0	1.2894000000000001	1
0	1.3402000000000003	1
0	1.4119999999999999	1
0	1.5346000000000002	1
2	2.4392000000000005	0.99999756080297486
2	2.6258000000000004	0.99999999999656997
2	2.8124000000000002	1
2	2.9438000000000009	1
2	2.9990000000000006	1
2	3.3248000000000006	1
2	3.3722000000000003	1
2	3.3800000000000003	1
2	3.5588000000000006	1
2	3.5666000000000002	1
2	3.7532000000000005	1
4	0.78879999999999995	0.9999992112003111
4	0.91139999999999999	0.99999999999959222
4	1.034	1
4	1.351	1
4	1.4018000000000002	1
4	1.4735999999999998	1
4	1.5962000000000001	1
6	2.6216000000000008	0.99999737840343639
6	2.8082000000000007	0.99999999999607447
6	2.9948000000000006	1
6	3.1262000000000008	1
6	3.3758000000000008	1
6	3.5546000000000006	1
6	3.5624000000000007	1
6	3.741200000000001	1
6	3.7490000000000006	1
6	3.9356000000000009	1
7	0.2122	0.99999978780002241
7	0.27779999999999999	0.99999999999996347
7	0.34340000000000004	0.99999999999999989
7	0.40900000000000003	0.99999999999999989
7	0.47460000000000002	0.99999999999999989
7	0.54020000000000001	0.99999999999999989
7	1.0656000000000001	1
8	0.84240000000000004	0.99999915760035485
8	0.96500000000000008	0.99999999999954192
8	1.282	1
8	1.4045999999999998	1
8	1.4554	1
8	1.5272000000000001	1
8	1.6497999999999999	1
9	1.9752000000000005	0.99999802480195066
9	2.3958000000000004	0.99999999999721845
9	2.5824000000000007	0.99999999999999989
9	2.7138000000000009	0.99999999999999989
9	2.7690000000000006	0.99999999999999989
9	2.9082000000000003	0.99999999999999989
9	2.9556000000000004	0.99999999999999989
9	3.0948000000000002	0.99999999999999989
9	3.1422000000000003	0.99999999999999989
9	3.3288000000000002	0.99999999999999989
9	3.3366000000000002	0.99999999999999989
9	3.5232000000000001	0.99999999999999989
9	20.186599999999999	1
10	2.6632000000000007	0.9999973368035463
10	2.8498000000000006	0.99999999999595668
10	3.0364000000000004	0.99999999999999989
10	3.1678000000000006	0.99999999999999989
10	3.4174000000000007	0.99999999999999989
10	3.5962000000000005	0.99999999999999989
10	3.6040000000000005	0.99999999999999989
10	3.7828000000000008	0.99999999999999989
10	3.7906000000000004	0.99999999999999989
10	3.9772000000000007	0.99999999999999989
10	100.1866	1
12	2.0208000000000004	0.9999979792020417
12	2.4414000000000007	0.99999999999710809
12	2.628000000000001	0.99999999999999989
12	2.7594000000000007	0.99999999999999989
12	2.8146000000000009	0.99999999999999989
12	2.9538000000000002	0.99999999999999989
12	3.0012000000000008	0.99999999999999989
12	3.1404000000000005	0.99999999999999989
12	3.1878000000000006	0.99999999999999989
12	3.3744000000000005	0.99999999999999989
12	3.3822000000000001	0.99999999999999989
12	3.5688000000000004	0.99999999999999989
12	20.186599999999999	1
13	0.91199999999999992	0.99999908800041593
13	1.0346	0.99999999999947242
13	1.3515999999999999	1
13	1.4741999999999997	1
13	1.5249999999999999	1
13	1.5968	1
13	1.7193999999999998	1
14	3.262	0.9999967380053203
14	3.4485999999999999	0.99999999999407096
14	3.5721999999999996	0.99999999999407096
14	3.6352000000000002	1
14	3.8218000000000001	1
14	4.0006000000000004	1
14	4.0084	1
14	4.1872000000000007	1
14	4.1950000000000003	1
14	4.3815999999999997	1
14	4.4290000000000003	1
14	4.6156000000000006	1
15	2.7048000000000014	0.99999729520365799
15	2.8914000000000013	0.99999999999583733
15	3.2094000000000005	0.99999999999583733
15	3.2724000000000011	1
15	3.459000000000001	1
15	3.6378000000000013	1
15	3.6456000000000008	1
15	3.8244000000000016	1
15	3.8322000000000007	1
15	4.0188000000000006	1
16	1.0145999999999997	0.99999898540051479
16	1.3955999999999995	0.99999999999909883
16	1.5821999999999996	1
16	1.7687999999999997	1
16	1.9475999999999996	1
16	1.9553999999999996	1
16	2.1419999999999995	1
18	2.7444000000000011	0.99999725560376596
18	2.9310000000000009	0.99999999999572209
18	3.2490000000000001	0.99999999999572209
18	3.3120000000000003	1
18	3.4986000000000006	1
18	3.6774000000000009	1
18	3.6852000000000005	1
18	3.8640000000000008	1
18	3.8718000000000004	1
18	4.0584000000000007	1
19	2.7900000000000014	0.99999721000389208
19	2.9766000000000012	0.99999999999558742
19	3.2946000000000004	0.99999999999558742
19	3.3576000000000006	1
19	3.5442000000000009	1
19	3.7230000000000012	1
19	3.7308000000000008	1
19	3.9096000000000011	1
19	3.9174000000000007	1
19	4.104000000000001	1
20	1.0931999999999999	0.99999890680059755
20	1.4741999999999997	0.99999999999898592
20	1.6607999999999998	1
20	1.8473999999999999	1
20	2.0261999999999998	1
20	2.0339999999999998	1
20	2.2205999999999997	1
21	0.25780000000000003	0.99999974220003318
21	0.32340000000000002	0.99999999999994982
21	0.38900000000000001	1
21	0.45460000000000006	1
21	0.5202	1
21	0.5858000000000001	1
23	0.40060000000000001	0.99999959940008032
23	0.47420000000000001	0.99999999999989031
23	0.54780000000000006	1
23	0.62139999999999995	1
23	0.69500000000000006	1
23	0.76859999999999995	1
24	0.44620000000000004	0.99999955380009953
24	0.51980000000000004	0.99999999999986755
24	0.59340000000000004	0.99999999999999989
24	0.66700000000000004	0.99999999999999989
24	0.74060000000000004	0.99999999999999989
24	0.81420000000000003	0.99999999999999989
24	5.0735999999999999	1
26	1.3491999999999997	0.99999865080091022
26	1.5357999999999996	0.99999999999883815
26	1.7223999999999997	1
26	1.9089999999999998	1
26	2.0877999999999997	1
26	2.2821999999999996	1
26	2.3296000000000001	1
26	2.5162	1
27	2.4928000000000008	0.99999750720310709
27	2.6794000000000007	0.99999999999642786
27	2.8660000000000005	1
27	2.9974000000000012	1
27	3.2470000000000008	1
27	3.4258000000000006	1
27	3.4336000000000007	1
27	3.6124000000000009	1
27	3.6202000000000005	1
27	3.8068000000000008	1
29	3.3036000000000003	0.99999669640545685
29	3.4902000000000002	0.99999999999392664
29	3.6137999999999999	0.99999999999392664
29	3.6768000000000001	1
29	3.8634000000000004	1
29	4.2288000000000006	1
29	4.2366000000000001	1
29	4.2840000000000007	1
29	4.4232000000000005	1
29	4.470600000000001	1
29	4.6572000000000013	1
31	3.3471999999999995	0.9999966528056019
31	3.5337999999999994	0.99999999999377354
31	3.6573999999999991	0.99999999999377354
31	3.7203999999999997	1
31	3.9069999999999996	1
31	4.2724000000000002	1
31	4.2801999999999998	1
31	4.3276000000000003	1
31	4.4667999999999992	1
31	4.5141999999999998	1
31	4.7008000000000001	1
32	2.8436000000000008	0.99999715640404296
32	3.0302000000000007	0.99999999999542633
32	3.3481999999999998	0.99999999999542633
32	3.4112	1
32	3.5978000000000003	1
32	3.7766000000000006	1
32	3.7844000000000002	1
32	3.9632000000000005	1
32	3.9710000000000001	1
32	4.1576000000000004	1
33	2.3084000000000007	0.99999769160266438
33	2.4950000000000006	0.99999999999690492
33	2.6816000000000004	1
33	2.8130000000000011	1
33	2.8682000000000007	1
33	3.1940000000000008	1
33	3.2414000000000005	1
33	3.2492000000000005	1
33	3.4280000000000008	1
33	3.4358000000000004	1
33	3.6224000000000007	1
36	3.3867999999999996	0.9999966132057353
36	3.5733999999999995	0.99999999999363298
36	3.6969999999999992	0.99999999999363298
36	3.7599999999999998	1
36	3.9465999999999997	1
36	4.3120000000000003	1
36	4.3197999999999999	1
36	4.3672000000000004	1
36	4.5063999999999993	1
36	4.5538000000000007	1
36	4.7404000000000002	1
37	0.31140000000000001	0.9999996886000484
37	0.38500000000000001	0.9999999999999285
37	0.45860000000000001	0.99999999999999989
37	0.53220000000000001	0.99999999999999989
37	0.60580000000000001	0.99999999999999989
37	0.6794	0.99999999999999989
37	1.0735999999999999	1
39	0.48980000000000001	0.9999995102001199
39	0.56340000000000001	0.9999999999998439
39	0.63700000000000001	0.99999999999999989
39	0.71060000000000001	0.99999999999999989
39	0.78420000000000001	0.99999999999999989
39	0.85780000000000001	0.99999999999999989
39	5.0735999999999999	1
41	2.3500000000000005	0.99999765000276131
41	2.5366000000000004	0.99999999999680034
41	2.7232000000000003	1
41	2.8546000000000009	1
41	2.9098000000000006	1
41	3.2356000000000007	1
41	3.2830000000000004	1
41	3.2908000000000004	1
41	3.4696000000000007	1
41	3.4774000000000003	1
41	3.6640000000000006	1
42	1.4187999999999996	0.99999858120100649
42	1.6053999999999995	0.99999999999872879
42	1.7919999999999996	1
42	1.9785999999999997	1
42	2.1573999999999995	1
42	2.3517999999999994	1
42	2.3992	1
42	2.5857999999999999	1
45	1.4883999999999995	0.99999851160110775
45	1.6749999999999994	0.99999999999861466
45	1.8615999999999995	1
45	2.0481999999999996	1
45	2.2269999999999999	1
45	2.4213999999999993	1
45	2.4687999999999999	1
45	2.6553999999999998	1
48	1.5579999999999998	0.99999844200121368
48	1.7445999999999997	0.99999999999849565
48	1.9311999999999998	1
48	2.2966000000000002	1
48	2.3517999999999999	1
48	2.4909999999999997	1
48	2.5383999999999998	1
48	2.7249999999999996	1
48	2.9116	1
49	0.59240000000000004	0.99999940760017547
49	0.71500000000000008	0.99999999999975187
49	0.83760000000000012	1
49	0.96020000000000005	1
49	1.0828000000000002	1
49	1.2054	1
50	2.5384000000000007	0.99999746160322178
50	2.7250000000000005	0.99999999999630462
50	2.9116000000000009	1
50	3.043000000000001	1
50	3.2926000000000006	1
50	3.4714000000000005	1
50	3.4792000000000005	1
50	3.6580000000000004	1
50	3.6658000000000004	1
50	3.8524000000000003	1
51	0.6339999999999999	0.99999936600020101
51	0.75659999999999994	0.99999999999972133
51	0.87919999999999998	1
51	1.0017999999999998	1
51	1.2469999999999999	1
51	1.3188	1
51	1.4414000000000002	1
53	2.8892000000000007	0.99999711080417364
53	3.2702	0.99999999999472544
53	3.3937999999999997	0.99999999999472544
53	3.4568000000000003	1
53	3.6434000000000002	1
53	3.8222000000000005	1
53	3.8300000000000001	1
53	4.0088000000000008	1
53	4.0166000000000004	1
53	4.2031999999999998	1
54	2.3896000000000006	0.99999761040285506
54	2.5762000000000005	0.99999999999669897
54	2.7628000000000004	1
54	2.894200000000001	1
54	2.9494000000000007	1
54	3.2752000000000008	1
54	3.3226000000000004	1
54	3.3304000000000005	1
54	3.5092000000000008	1
54	3.5170000000000003	1
54	3.7036000000000007	1
56	2.9288000000000003	0.99999707120428905
56	3.3097999999999996	0.99999999999459532
56	3.4333999999999993	0.99999999999459532
56	3.4963999999999995	1
56	3.6829999999999998	1
56	3.8618000000000001	1
56	3.8695999999999997	1
56	4.0484	1
56	4.0561999999999996	1
56	4.2427999999999999	1
56	4.2902000000000005	1
56	4.4767999999999999	1
57	3.4263999999999997	0.99999657360587013
57	3.6129999999999995	0.99999999999349054
57	3.7365999999999993	0.99999999999349054
57	3.7995999999999999	1
57	3.9861999999999997	1
57	4.3516000000000004	1
57	4.3593999999999999	1
57	4.4068000000000005	1
57	4.5459999999999994	1
57	4.5934000000000008	1
57	4.7800000000000002	1
58	1.6195999999999997	0.99999838040131162
58	1.8061999999999996	0.99999999999838629
58	1.9927999999999997	1
58	2.3582000000000001	1
58	2.4134000000000002	1
58	2.5525999999999995	1
58	2.6000000000000001	1
58	2.7866	1
58	2.9732000000000003	1
59	1.6892	0.99999831080142665
59	1.8757999999999999	0.99999999999825806
59	2.0624000000000002	1
59	2.4278000000000004	1
59	2.4830000000000001	1
59	2.6221999999999999	1
59	2.6696	1
59	2.8561999999999999	1
59	3.0427999999999997	1
60	2.580000000000001	0.99999742000332825
60	2.7666000000000008	0.99999999999619038
60	2.9532000000000007	1
60	3.0846000000000009	1
60	3.3342000000000009	1
60	3.5130000000000008	1
60	3.5208000000000008	1
60	3.6996000000000011	1
60	3.7074000000000007	1
60	3.894000000000001	1
62	1.7387999999999999	0.9999982612015117
62	1.9253999999999998	0.9999999999981638
62	2.3460000000000001	1
62	2.4774000000000003	1
62	2.5326	1
62	2.6717999999999997	1
62	2.7191999999999998	1
62	2.9058000000000002	1
62	3.0924	1
64	3.4263999999999992	0.99999657360587013
64	3.6129999999999991	0.99999999999349054
64	3.7365999999999988	0.99999999999349054
64	3.799599999999999	1
64	3.9861999999999993	1
64	4.3515999999999995	1
64	4.3593999999999991	1
64	4.4067999999999996	1
64	4.5459999999999994	1
64	4.5933999999999999	1
64	4.7799999999999994	1
65	0.36099999999999999	0.99999963900006517
65	0.43459999999999999	0.9999999999999083
65	0.50819999999999999	1
65	0.58179999999999998	1
65	0.65539999999999998	1
65	0.72899999999999998	1
67	1.7904	0.99999820960160279
67	1.9769999999999999	0.99999999999806322
67	2.3975999999999997	1
67	2.5290000000000004	1
67	2.5842000000000001	1
67	2.7233999999999998	1
67	2.7707999999999999	1
67	2.9573999999999998	1
67	3.1440000000000001	1
68	2.9804000000000004	0.99999701960444132
68	3.3613999999999997	0.99999999999442302
68	3.4849999999999994	0.99999999999442302
68	3.548	0.99999999999999989
68	3.7345999999999999	0.99999999999999989
68	3.9134000000000002	0.99999999999999989
68	3.9211999999999998	0.99999999999999989
68	4.1000000000000005	0.99999999999999989
68	4.1078000000000001	0.99999999999999989
68	4.2943999999999996	0.99999999999999989
68	4.3418000000000001	0.99999999999999989
68	4.5284000000000004	0.99999999999999989
68	100.1866	1
69	1.8520000000000003	0.99999814800171494
69	2.0386000000000002	0.99999999999793943
69	2.4592000000000001	1
69	2.5906000000000007	1
69	2.6458000000000004	1
69	2.7850000000000001	1
69	2.8324000000000003	1
69	3.0190000000000001	1
69	3.2056000000000004	1
70	0.67559999999999998	0.99999932440022832
70	0.79820000000000002	0.99999999999968903
70	0.92080000000000006	1
70	1.2378	1
70	1.2886000000000002	1
70	1.3603999999999998	1
70	1.4830000000000001	1
71	1.9136000000000002	0.99999808640183097
71	2.3342000000000005	0.99999999999736422
71	2.5208000000000004	1
71	2.6522000000000006	1
71	2.7074000000000007	1
71	2.8466	1
71	2.8940000000000006	1
71	3.0331999999999999	1
71	3.0806000000000004	1
71	3.2672000000000008	1
71	3.2749999999999999	1
71	3.4615999999999998	1
73	3.0260000000000002	0.99999697400457832
73	3.4069999999999996	0.99999999999426881
73	3.5305999999999993	0.99999999999426881
73	3.5935999999999995	1
73	3.7801999999999998	1
73	3.9590000000000001	1
73	3.9667999999999997	1
73	4.1456	1
73	4.1533999999999995	1
73	4.3399999999999999	1
73	4.3874000000000004	1
73	4.5739999999999998	1

[frame_distribution_quantiles]
frame_id	retry_q50	retry_q90	retry_q95	retry_q99	wcrt_q50_ms	wcrt_q90_ms	wcrt_q95_ms	wcrt_q99_ms
0	0	0	0	0	0.72720000000000007	0.72720000000000007	0.72720000000000007	0.72720000000000007
2	0	0	0	0	2.4392000000000005	2.4392000000000005	2.4392000000000005	2.4392000000000005
4	0	0	0	0	0.78879999999999995	0.78879999999999995	0.78879999999999995	0.78879999999999995
6	0	0	0	0	2.6216000000000008	2.6216000000000008	2.6216000000000008	2.6216000000000008
7	0	0	0	0	0.2122	0.2122	0.2122	0.2122
8	0	0	0	0	0.84240000000000004	0.84240000000000004	0.84240000000000004	0.84240000000000004
9	0	0	0	0	1.9752000000000005	1.9752000000000005	1.9752000000000005	1.9752000000000005
10	0	0	0	0	2.6632000000000007	2.6632000000000007	2.6632000000000007	2.6632000000000007
12	0	0	0	0	2.0208000000000004	2.0208000000000004	2.0208000000000004	2.0208000000000004
13	0	0	0	0	0.91199999999999992	0.91199999999999992	0.91199999999999992	0.91199999999999992
14	0	0	0	0	3.262	3.262	3.262	3.262
15	0	0	0	0	2.7048000000000014	2.7048000000000014	2.7048000000000014	2.7048000000000014
16	0	0	0	0	1.0145999999999997	1.0145999999999997	1.0145999999999997	1.0145999999999997
18	0	0	0	0	2.7444000000000011	2.7444000000000011	2.7444000000000011	2.7444000000000011
19	0	0	0	0	2.7900000000000014	2.7900000000000014	2.7900000000000014	2.7900000000000014
20	0	0	0	0	1.0931999999999999	1.0931999999999999	1.0931999999999999	1.0931999999999999
21	0	0	0	0	0.25780000000000003	0.25780000000000003	0.25780000000000003	0.25780000000000003
23	0	0	0	0	0.40060000000000001	0.40060000000000001	0.40060000000000001	0.40060000000000001
24	0	0	0	0	0.44620000000000004	0.44620000000000004	0.44620000000000004	0.44620000000000004
26	0	0	0	0	1.3491999999999997	1.3491999999999997	1.3491999999999997	1.3491999999999997
27	0	0	0	0	2.4928000000000008	2.4928000000000008	2.4928000000000008	2.4928000000000008
29	0	0	0	0	3.3036000000000003	3.3036000000000003	3.3036000000000003	3.3036000000000003
31	0	0	0	0	3.3471999999999995	3.3471999999999995	3.3471999999999995	3.3471999999999995
32	0	0	0	0	2.8436000000000008	2.8436000000000008	2.8436000000000008	2.8436000000000008
33	0	0	0	0	2.3084000000000007	2.3084000000000007	2.3084000000000007	2.3084000000000007
36	0	0	0	0	3.3867999999999996	3.3867999999999996	3.3867999999999996	3.3867999999999996
37	0	0	0	0	0.31140000000000001	0.31140000000000001	0.31140000000000001	0.31140000000000001
39	0	0	0	0	0.48980000000000001	0.48980000000000001	0.48980000000000001	0.48980000000000001
41	0	0	0	0	2.3500000000000005	2.3500000000000005	2.3500000000000005	2.3500000000000005
42	0	0	0	0	1.4187999999999996	1.4187999999999996	1.4187999999999996	1.4187999999999996
45	0	0	0	0	1.4883999999999995	1.4883999999999995	1.4883999999999995	1.4883999999999995
48	0	0	0	0	1.5579999999999998	1.5579999999999998	1.5579999999999998	1.5579999999999998
49	0	0	0	0	0.59240000000000004	0.59240000000000004	0.59240000000000004	0.59240000000000004
50	0	0	0	0	2.5384000000000007	2.5384000000000007	2.5384000000000007	2.5384000000000007
51	0	0	0	0	0.6339999999999999	0.6339999999999999	0.6339999999999999	0.6339999999999999
53	0	0	0	0	2.8892000000000007	2.8892000000000007	2.8892000000000007	2.8892000000000007
54	0	0	0	0	2.3896000000000006	2.3896000000000006	2.3896000000000006	2.3896000000000006
56	0	0	0	0	2.9288000000000003	2.9288000000000003	2.9288000000000003	2.9288000000000003
57	0	0	0	0	3.4263999999999997	3.4263999999999997	3.4263999999999997	3.4263999999999997
58	0	0	0	0	1.6195999999999997	1.6195999999999997	1.6195999999999997	1.6195999999999997
59	0	0	0	0	1.6892	1.6892	1.6892	1.6892
60	0	0	0	0	2.580000000000001	2.580000000000001	2.580000000000001	2.580000000000001
62	0	0	0	0	1.7387999999999999	1.7387999999999999	1.7387999999999999	1.7387999999999999
64	0	0	0	0	3.4263999999999992	3.4263999999999992	3.4263999999999992	3.4263999999999992
65	0	0	0	0	0.36099999999999999	0.36099999999999999	0.36099999999999999	0.36099999999999999
67	0	0	0	0	1.7904	1.7904	1.7904	1.7904
68	0	0	0	0	2.9804000000000004	2.9804000000000004	2.9804000000000004	2.9804000000000004
69	0	0	0	0	1.8520000000000003	1.8520000000000003	1.8520000000000003	1.8520000000000003
70	0	0	0	0	0.67559999999999998	0.67559999999999998	0.67559999999999998	0.67559999999999998
71	0	0	0	0	1.9136000000000002	1.9136000000000002	1.9136000000000002	1.9136000000000002
73	0	0	0	0	3.0260000000000002	3.0260000000000002	3.0260000000000002	3.0260000000000002

[signal_summary]
code	frame_id	period_ms	level	type	p_timeout	expected_wcrt_ms	wcrt_p95_ms	threshold_wcrt_ms	expected_retry_count	p_threshold
1545679	33	20	2	0	0	2.3084004307475205	2.3084000000000007	2.6816000000000004	2.3084004307475221e-06	5.5555555555555559e-13
18958476	8	20	0	0	0	0.84240010327834181	0.84240000000000004	0.84240000000000004	8.4240010327834183e-07	1
49414911	10	100	0	0	1.1102230246251565e-16	2.6632004969532246	2.6632000000000007	2.6632000000000007	2.6632004977303713e-06	1
63695076	59	10	0	0	0	1.6892003152047788	1.6892	1.6892	1.6892003152047772e-06	1
71379705	13	10	0	0	0	0.91200011181131624	0.91199999999999992	0.91199999999999992	9.1200011181131674e-07	1
88435783	59	10	0	0	0	1.6892003152047788	1.6892	1.6892	1.6892003152047772e-06	1
109076129	45	20	0	0	0	1.4884002777354914	1.4883999999999995	1.4883999999999995	1.4884002777354904e-06	1
120315504	48	20	0	0	0	1.5580002907228541	1.5579999999999998	1.5579999999999998	1.5580002907228536e-06	1
121080695	20	20	1	0	0	1.0932004165091616	1.0931999999999999	1.6607999999999998	1.0932004165091615e-06	5.5555555555555559e-13
143609331	59	20	3	0	0	1.6892003152047788	1.6892	2.0624000000000002	1.6892003152047772e-06	5.5555555555555561e-14
165166808	15	100	0	0	0	2.7048005047165846	2.7048000000000014	2.7048000000000014	2.704800504716584e-06	1
220656496	19	100	0	0	0	2.7900005206149561	2.7900000000000014	2.7900000000000014	2.7900005206149567e-06	1
225208341	65	1	0	0	0	0.36100002656960195	0.36099999999999999	0.36099999999999999	3.6100002656960208e-07	1
242287222	4	10	0	0	0	0.78880009670689177	0.78879999999999995	0.78879999999999995	7.8880009670689198e-07	1
279636042	48	20	0	0	0	1.5580002907228541	1.5579999999999998	1.5579999999999998	1.5580002907228536e-06	1
309280830	14	1000	3	0	0	3.2620006086893136	3.262	3.6352000000000002	3.2620006086893115e-06	2.7777777777777777e-12
332096218	73	100	1	0	0	3.0260011529053252	3.0260000000000002	3.5935999999999995	3.0260011529053218e-06	2.7777777777777777e-12
352084336	12	20	0	0	1.1102230246251565e-16	2.0208008499481633	2.0208000000000004	2.0208000000000004	2.0208008507253165e-06	1
431292263	45	10	0	0	0	1.4884002777354914	1.4883999999999995	1.4883999999999995	1.4884002777354904e-06	1
464145723	32	100	0	0	0	2.8436005306167491	2.8436000000000008	2.8436000000000008	2.8436005306167511e-06	1
474587671	71	20	0	0	0	1.9136008048598818	1.9136000000000002	1.9136000000000002	1.9136008048598805e-06	1
478707343	64	1000	0	0	0	3.4264006393663582	3.4263999999999992	3.4263999999999992	3.426400639366361e-06	1
487260304	62	20	0	0	0	1.7388003244605701	1.7387999999999999	1.7387999999999999	1.7388003244605709e-06	1
504474869	42	10	0	0	0	1.4188002647481288	1.4187999999999996	1.4187999999999996	1.4188002647481304e-06	1
510638747	51	5	0	0	0	0.63400007772840938	0.6339999999999999	0.6339999999999999	6.3400007772841006e-07	1
541113557	48	10	0	0	0	1.5580002907228541	1.5579999999999998	1.5579999999999998	1.5580002907228536e-06	1
589957222	53	100	0	0	0	2.8892011007845948	2.8892000000000007	2.8892000000000007	2.8892011007845922e-06	1
694726401	7	1	0	0	1.1102230246251565e-16	0.21220001392032101	0.2122	0.2122	2.1220001458645499e-07	1
722223355	48	10	0	0	0	1.5580002907228541	1.5579999999999998	1.5579999999999998	1.5580002907228536e-06	1
779214143	26	10	0	0	0	1.3492002517607669	1.3491999999999997	1.3491999999999997	1.3492002517607659e-06	1
822796766	69	10	0	0	0	1.8520003455837468	1.8520000000000003	1.8520000000000003	1.8520003455837458e-06	1
837549599	70	5	2	0	0	0.6756000828285702	0.67559999999999998	0.92080000000000006	6.7560008282857104e-07	1.388888888888889e-13
844315835	4	20	0	0	0	0.78880009670689177	0.78879999999999995	0.78879999999999995	7.8880009670689198e-07	1
912942512	58	10	0	0	0	1.6196003022174161	1.6195999999999997	1.6195999999999997	1.619600302217417e-06	1
923337220	69	20	1	0	0	1.8520003455837468	1.8520000000000003	2.4592000000000001	1.8520003455837458e-06	5.5555555555555559e-13
949615619	69	20	0	0	0	1.8520003455837468	1.8520000000000003	1.8520000000000003	1.8520003455837458e-06	1
1041904848	18	100	0	0	0	2.7444005121059685	2.7444000000000011	2.7444000000000011	2.7444005121059669e-06	1
1132433619	4	20	0	0	0	0.78880009670689177	0.78879999999999995	0.78879999999999995	7.8880009670689198e-07	1
1155806871	45	10	0	0	0	1.4884002777354914	1.4883999999999995	1.4883999999999995	1.4884002777354904e-06	1
1179023802	32	100	0	0	0	2.8436005306167491	2.8436000000000008	2.8436000000000008	2.8436005306167511e-06	1
1184374442	7	1	0	0	1.1102230246251565e-16	0.21220001392032101	0.2122	0.2122	2.1220001458645499e-07	1
1189336706	59	10	0	0	0	1.6892003152047788	1.6892	1.6892	1.6892003152047772e-06	1
1191596418	53	100	0	0	0	2.8892011007845948	2.8892000000000007	2.8892000000000007	2.8892011007845922e-06	1
1199616655	4	20	0	0	0	0.78880009670689177	0.78879999999999995	0.78879999999999995	7.8880009670689198e-07	1
1201826980	2	100	0	0	0	2.4392004551548054	2.4392000000000005	2.4392000000000005	2.4392004551548054e-06	1
1247549885	27	50	2	0	0	2.4928004651565678	2.4928000000000008	2.8660000000000005	2.4928004651565681e-06	1.3888888888888889e-12
1312794981	13	20	0	0	0	0.91200011181131624	0.91199999999999992	0.91199999999999992	9.1200011181131674e-07	1
1322868164	50	50	0	0	0	2.5384004736655292	2.5384000000000007	2.5384000000000007	2.5384004736655299e-06	1
1325145130	36	1000	1	0	0	3.3868006319769974	3.3867999999999996	3.5733999999999995	3.3868006319769981e-06	2.7777777777777777e-11
1372053545	10	100	2	0	1.1102230246251565e-16	2.6632004969532246	2.6632000000000007	3.0364000000000004	2.6632004977303713e-06	2.7777777777777777e-12
1464734408	69	20	0	0	0	1.8520003455837468	1.8520000000000003	1.8520000000000003	1.8520003455837458e-06	1
1467914690	24	5	0	0	1.1102230246251565e-16	0.446200032840323	0.44620000000000004	0.44620000000000004	4.4620003350645664e-07	1
1535469089	37	2	3	0	1.1102230246251565e-16	0.31140002291904179	0.31140000000000001	0.45860000000000001	3.1140002358517554e-07	5.5555555555555552e-15
1664902474	48	10	0	0	0	1.5580002907228541	1.5579999999999998	1.5579999999999998	1.5580002907228536e-06	1
1672375519	19	100	0	0	0	2.7900005206149561	2.7900000000000014	2.7900000000000014	2.7900005206149567e-06	1
1682942819	26	20	2	0	0	1.3492002517607669	1.3491999999999997	1.7223999999999997	1.3492002517607659e-06	5.5555555555555559e-13
1687753284	48	20	0	0	0	1.5580002907228541	1.5579999999999998	1.5579999999999998	1.5580002907228536e-06	1
1730059484	71	20	0	0	0	1.9136008048598818	1.9136000000000002	1.9136000000000002	1.9136008048598805e-06	1
1742029154	42	10	0	0	0	1.4188002647481288	1.4187999999999996	1.4187999999999996	1.4188002647481304e-06	1
1784508812	48	20	0	0	0	1.5580002907228541	1.5579999999999998	1.5579999999999998	1.5580002907228536e-06	1
1862418947	13	10	0	0	0	0.91200011181131624	0.91199999999999992	0.91199999999999992	9.1200011181131674e-07	1
1866409177	57	1000	0	0	0	3.4264006393663586	3.4263999999999997	3.4263999999999997	3.4264006393663593e-06	1
1909321406	39	10	2	0	1.1102230246251565e-16	0.48980003604928318	0.48980000000000001	0.56340000000000001	4.898000367154166e-07	2.7777777777777779e-13
1921203696	54	20	1	0	0	2.3896004458994438	2.3896000000000006	2.7628000000000004	2.3896004458994454e-06	5.5555555555555559e-13
2001427210	19	100	0	0	0	2.7900005206149561	2.7900000000000014	2.7900000000000014	2.7900005206149567e-06	1
2058599481	32	100	0	0	0	2.8436005306167491	2.8436000000000008	2.8436000000000008	2.8436005306167511e-06	1
2063174691	24	10	0	0	1.1102230246251565e-16	0.446200032840323	0.44620000000000004	0.44620000000000004	4.4620003350645664e-07	1
2140449751	62	10	0	0	0	1.7388003244605701	1.7387999999999999	1.7387999999999999	1.7388003244605709e-06	1
2155542382	2	50	0	0	0	2.4392004551548054	2.4392000000000005	2.4392000000000005	2.4392004551548054e-06	1
2167755380	48	10	0	0	0	1.5580002907228541	1.5579999999999998	1.5579999999999998	1.5580002907228536e-06	1
2171580863	24	10	0	0	1.1102230246251565e-16	0.446200032840323	0.44620000000000004	0.44620000000000004	4.4620003350645664e-07	1
2194301407	7	2	1	0	1.1102230246251565e-16	0.21220001392032101	0.2122	0.27779999999999999	2.1220001458645499e-07	5.5555555555555549e-14
2205543341	67	10	0	0	0	1.7904003340891557	1.7904	1.7904	1.7904003340891542e-06	1
2230776588	62	20	0	0	0	1.7388003244605701	1.7387999999999999	1.7387999999999999	1.7388003244605709e-06	1
2353465763	27	100	0	0	0	2.4928004651565678	2.4928000000000008	2.4928000000000008	2.4928004651565681e-06	1
2407068096	71	20	1	0	0	1.9136008048598818	1.9136000000000002	2.5208000000000004	1.9136008048598805e-06	5.5555555555555559e-13
2407687968	56	100	0	0	0	2.9288011158721754	2.9288000000000003	2.9288000000000003	2.928801115872176e-06	1
2409101357	62	10	3	0	0	1.7388003244605701	1.7387999999999999	2.3460000000000001	1.7388003244605709e-06	2.7777777777777781e-14
2420477314	65	1	2	0	0	0.36100002656960195	0.36099999999999999	0.50819999999999999	3.6100002656960208e-07	2.7777777777777774e-14
2422773070	4	10	3	0	0	0.78880009670689177	0.78879999999999995	1.034	7.8880009670689198e-07	2.7777777777777781e-14
2440923323	67	10	0	0	0	1.7904003340891557	1.7904	1.7904	1.7904003340891542e-06	1
2472664214	42	10	0	0	0	1.4188002647481288	1.4187999999999996	1.4187999999999996	1.4188002647481304e-06	1
2490176589	42	20	2	0	0	1.4188002647481288	1.4187999999999996	1.7919999999999996	1.4188002647481304e-06	5.5555555555555559e-13
2503739603	45	10	0	0	0	1.4884002777354914	1.4883999999999995	1.4883999999999995	1.4884002777354904e-06	1
2519402177	58	20	0	0	0	1.6196003022174161	1.6195999999999997	1.6195999999999997	1.619600302217417e-06	1
2525720560	58	10	0	0	0	1.6196003022174161	1.6195999999999997	1.6195999999999997	1.619600302217417e-06	1
2564424623	71	10	3	0	0	1.9136008048598818	1.9136000000000002	2.5208000000000004	1.9136008048598805e-06	2.7777777777777781e-14
2626779179	0	10	0	0	0	0.727200089154731	0.72720000000000007	0.72720000000000007	7.2720008915472995e-07	1
2661483037	20	10	0	0	0	1.0932004165091616	1.0931999999999999	1.0931999999999999	1.0932004165091615e-06	1
2684454717	9	20	0	0	1.1102230246251565e-16	1.9752008307688214	1.9752000000000005	1.9752000000000005	1.9752008315459732e-06	1
2689041614	13	10	0	0	0	0.91200011181131624	0.91199999999999992	0.91199999999999992	9.1200011181131674e-07	1
2694358511	71	10	0	0	0	1.9136008048598818	1.9136000000000002	1.9136000000000002	1.9136008048598805e-06	1
2766668615	41	20	0	0	0	2.3500004385100826	2.3500000000000005	2.3500000000000005	2.350000438510085e-06	1
2768347577	58	20	1	0	0	1.6196003022174161	1.6195999999999997	1.9927999999999997	1.619600302217417e-06	5.5555555555555559e-13
2785449889	60	50	2	0	0	2.5800004814280908	2.580000000000001	2.9532000000000007	2.5800004814280915e-06	1.3888888888888889e-12
2812449258	6	100	0	0	0	2.6216004891906524	2.6216000000000008	2.6216000000000008	2.621600489190651e-06	1
2828114893	73	100	0	0	0	3.0260011529053252	3.0260000000000002	3.0260000000000002	3.0260011529053218e-06	1
2865501710	13	10	0	1	0	0.91200011181131624	0.91199999999999992	0.91199999999999992	9.1200011181131674e-07	1
2871399362	13	20	0	0	0	0.91200011181131624	0.91199999999999992	0.91199999999999992	9.1200011181131674e-07	1
2888556849	21	1	0	0	0	0.25780001691168108	0.25780000000000003	0.25780000000000003	2.5780001691168104e-07	1
2931603340	59	20	0	0	0	1.6892003152047788	1.6892	1.6892	1.6892003152047772e-06	1
2965173731	45	10	0	0	0	1.4884002777354914	1.4883999999999995	1.4883999999999995	1.4884002777354904e-06	1
2990359569	31	1000	0	0	0	3.3472006245876362	3.3471999999999995	3.3471999999999995	3.3472006245876389e-06	1
3001309622	8	10	0	0	0	0.84240010327834181	0.84240000000000004	0.84240000000000004	8.4240010327834183e-07	1
3032626425	23	2	0	0	0	0.40060002948416223	0.40060000000000001	0.40060000000000001	4.0060002948416247e-07	1
3040196593	59	20	0	0	0	1.6892003152047788	1.6892	1.6892	1.6892003152047772e-06	1
3067931989	45	10	2	0	0	1.4884002777354914	1.4883999999999995	1.8615999999999995	1.4884002777354904e-06	2.7777777777777779e-13
3099531448	68	100	0	0	1.1102230246251565e-16	2.9804011355317597	2.9804000000000004	2.9804000000000004	2.9804011363089042e-06	1
3115276360	37	2	1	0	1.1102230246251565e-16	0.31140002291904179	0.31140000000000001	0.45860000000000001	3.1140002358517554e-07	5.5555555555555549e-14
3144698703	8	10	2	0	0	0.84240010327834181	0.84240000000000004	1.282	8.4240010327834183e-07	2.7777777777777779e-13
3281047036	42	20	0	0	0	1.4188002647481288	1.4187999999999996	1.4187999999999996	1.4188002647481304e-06	1
3301999369	60	100	0	0	0	2.5800004814280908	2.580000000000001	2.580000000000001	2.5800004814280915e-06	1
3419195098	0	20	1	0	0	0.727200089154731	0.72720000000000007	0.84980000000000011	7.2720008915472995e-07	5.5555555555555559e-13
3447681267	27	100	0	0	0	2.4928004651565678	2.4928000000000008	2.4928000000000008	2.4928004651565681e-06	1
3476092631	59	10	0	0	0	1.6892003152047788	1.6892	1.6892	1.6892003152047772e-06	1
3485418632	58	20	0	0	0	1.6196003022174161	1.6195999999999997	1.6195999999999997	1.619600302217417e-06	1
3497240087	12	20	0	0	1.1102230246251565e-16	2.0208008499481633	2.0208000000000004	2.0208000000000004	2.0208008507253165e-06	1
3524994612	33	20	0	0	0	2.3084004307475205	2.3084000000000007	2.3084000000000007	2.3084004307475221e-06	1
3534857662	67	20	2	0	0	1.7904003340891557	1.7904	2.3975999999999997	1.7904003340891542e-06	5.5555555555555559e-13
3541546399	2	100	2	0	0	2.4392004551548054	2.4392000000000005	2.8124000000000002	2.4392004551548054e-06	2.7777777777777777e-12
3556688960	13	20	0	0	0	0.91200011181131624	0.91199999999999992	0.91199999999999992	9.1200011181131674e-07	1
3573101484	0	20	0	0	0	0.727200089154731	0.72720000000000007	0.72720000000000007	7.2720008915472995e-07	1
3645505185	9	20	0	0	1.1102230246251565e-16	1.9752008307688214	1.9752000000000005	1.9752000000000005	1.9752008315459732e-06	1
3662529593	21	2	0	0	0	0.25780001691168108	0.25780000000000003	0.25780000000000003	2.5780001691168104e-07	1
3664267782	59	10	2	0	0	1.6892003152047788	1.6892	2.0624000000000002	1.6892003152047772e-06	2.7777777777777779e-13
3682154032	13	10	0	0	0	0.91200011181131624	0.91199999999999992	0.91199999999999992	9.1200011181131674e-07	1
3789116092	49	5	0	0	0	0.59240007262824901	0.59240000000000004	0.59240000000000004	5.9240007262824866e-07	1
3799722696	67	10	0	0	0	1.7904003340891557	1.7904	1.7904	1.7904003340891542e-06	1
3826190381	37	1	1	0	1.1102230246251565e-16	0.31140002291904179	0.31140000000000001	0.45860000000000001	3.1140002358517554e-07	2.7777777777777774e-14
3828452016	27	100	3	0	0	2.4928004651565678	2.4928000000000008	2.8660000000000005	2.4928004651565681e-06	2.7777777777777779e-13
3838947506	16	10	1	0	0	1.0146003865625717	1.0145999999999997	1.5821999999999996	1.0146003865625712e-06	2.7777777777777779e-13
3850579567	68	100	2	0	1.1102230246251565e-16	2.9804011355317597	2.9804000000000004	3.548	2.9804011363089042e-06	2.7777777777777777e-12
3862699597	39	5	0	0	1.1102230246251565e-16	0.48980003604928318	0.48980000000000001	0.48980000000000001	4.898000367154166e-07	1
3864405120	33	20	0	0	0	2.3084004307475205	2.3084000000000007	2.3084000000000007	2.3084004307475221e-06	1
3899504483	32	100	1	0	0	2.8436005306167491	2.8436000000000008	3.4112	2.8436005306167511e-06	2.7777777777777777e-12
3909286435	2	100	0	0	0	2.4392004551548054	2.4392000000000005	2.4392000000000005	2.4392004551548054e-06	1
3940692629	26	20	0	0	0	1.3492002517607669	1.3491999999999997	1.3491999999999997	1.3492002517607659e-06	1
3996566977	33	20	0	0	0	2.3084004307475205	2.3084000000000007	2.3084000000000007	2.3084004307475221e-06	1
3997956831	64	1000	1	0	0	3.4264006393663582	3.4263999999999992	3.6129999999999991	3.426400639366361e-06	2.7777777777777777e-11
4012748595	67	20	0	0	0	1.7904003340891557	1.7904	1.7904	1.7904003340891542e-06	1
4056910959	13	10	0	0	0	0.91200011181131624	0.91199999999999992	0.91199999999999992	9.1200011181131674e-07	1
4065925440	68	100	0	0	1.1102230246251565e-16	2.9804011355317597	2.9804000000000004	2.9804000000000004	2.9804011363089042e-06	1
4084017918	20	10	0	0	0	1.0932004165091616	1.0931999999999999	1.0931999999999999	1.0932004165091615e-06	1
4089693184	58	20	1	0	0	1.6196003022174161	1.6195999999999997	1.9927999999999997	1.619600302217417e-06	5.5555555555555559e-13
4095643068	26	10	0	0	0	1.3492002517607669	1.3491999999999997	1.3491999999999997	1.3492002517607659e-06	1
4097140493	73	100	0	0	0	3.0260011529053252	3.0260000000000002	3.0260000000000002	3.0260011529053218e-06	1
4099630081	15	100	0	0	0	2.7048005047165846	2.7048000000000014	2.7048000000000014	2.704800504716584e-06	1
4142190671	42	10	0	0	0	1.4188002647481288	1.4187999999999996	1.4187999999999996	1.4188002647481304e-06	1
4215587372	68	100	0	0	1.1102230246251565e-16	2.9804011355317597	2.9804000000000004	2.9804000000000004	2.9804011363089042e-06	1
4281898633	29	1000	0	0	0	3.3036006164518756	3.3036000000000003	3.3036000000000003	3.3036006164518765e-06	1
