# algorithm2: 按需三模冗余 + 功能路内同源通信副本。
# 正常模式带宽只统计 comm_id=0/1 的功能路；故障模式带宽统计全量功能路与事件触发控制报文。
# 事件报文集合 F_evt={f_act,f_iso,f_hang}，统一取 1 byte 负载，MIT 取对应功能簇原始信号周期。

[scheme_summary]
scheme	normal_bandwidth_utilization	fault_bandwidth_utilization	total_added_signal_copies	schedulable
on_demand_tmr	0.3127	0.519808	0	0
always_on_tmr	0.536136	0.536136	48	1

[cluster_summary]
scheme	code	route_count	p_function_fault	p_threshold
on_demand_tmr	102761218	3	4.77396e-15	2.77778e-15
on_demand_tmr	126624450	3	5.21805e-15	5.55556e-14
on_demand_tmr	136883144	3	5.21805e-15	5.55556e-14
on_demand_tmr	139469433	3	4.88498e-15	5.55556e-14
on_demand_tmr	182051987	3	5.44009e-15	2.77778e-14
on_demand_tmr	206528829	3	6.66134e-15	2.77778e-14
on_demand_tmr	307742325	3	4.88498e-15	2.77778e-13
on_demand_tmr	327503577	3	4.88498e-15	5.55556e-14
always_on_tmr	102761218	3	0	2.77778e-15
always_on_tmr	126624450	3	0	5.55556e-14
always_on_tmr	136883144	3	0	5.55556e-14
always_on_tmr	139469433	3	0	5.55556e-14
always_on_tmr	182051987	3	0	2.77778e-14
always_on_tmr	206528829	3	0	2.77778e-14
always_on_tmr	307742325	3	0	2.77778e-13
always_on_tmr	327503577	3	0	5.55556e-14

[cluster_wcrt_summary]
scheme	code	period_ms	deadline_ms	normal_main_route_wcrt_ms	fault_main_route_wcrt_ms	tmr_all_route_wcrt_ms	activation_wcrt_ms	backup_route_wcrt_ms	compare_time_ms	backup_compute_time_ms	end_to_end_normal_wcrt_ms	end_to_end_fault_wcrt_ms	meets_deadline
on_demand_tmr	102761218	1	1	0.1568	0.1884	0	0.3468	0.0696	0.01	0	0.1668	0.6248	1
on_demand_tmr	126624450	20	20	0.7904	1.5428	0	0.5148	1.7448	0.01	0	0.8004	3.8224	1
on_demand_tmr	136883144	20	20	1.3568	2.5052	0	0.5544	1.7052	0.01	0	1.3668	4.7848	1
on_demand_tmr	139469433	20	20	1.2776	1.8716	0	0.594	0.9604	0.01	0	1.2876	3.446	1
on_demand_tmr	182051987	10	10	1.036	1.7884	0	0.4356	1.83	0.01	0	1.046	4.074	1
on_demand_tmr	206528829	10	10	0.6456	1.398	0	0.4752	1.4596	0.01	0	0.6556	3.3528	1
on_demand_tmr	307742325	100	100	1.638	3.42	0	0.6732	3.82	0.01	0	1.648	7.9332	1
on_demand_tmr	327503577	20	20	0.9112	1.6636	0	0.6336	0.9604	0.01	0	0.9212	3.2776	1
always_on_tmr	102761218	1	1	0	0	0.3544	0	0	0.01	0	0.3644	0.3644	1
always_on_tmr	126624450	20	20	0	0	2.7568	0	0	0.01	0	2.7668	2.7668	1
always_on_tmr	136883144	20	20	0	0	2.7172	0	0	0.01	0	2.7272	2.7272	1
always_on_tmr	139469433	20	20	0	0	2.6776	0	0	0.01	0	2.6876	2.6876	1
always_on_tmr	182051987	10	10	0	0	2.0024	0	0	0.01	0	2.0124	2.0124	1
always_on_tmr	206528829	10	10	0	0	2.4796	0	0	0.01	0	2.4896	2.4896	1
always_on_tmr	307742325	100	100	0	0	3.5884	0	0	0.01	0	3.5984	3.5984	1
always_on_tmr	327503577	20	20	0	0	2.6776	0	0	0.01	0	2.6876	2.6876	1

[route_summary]
scheme	code	comm_id	level	type	src_ecu	dst_ecu	period_ms	deadline_ms	signal_instance_count	added_signal_copies	p_comm_fault	p_threshold	max_wcrt_ms
on_demand_tmr	102761218	0	3	1	2	0	1	1	1	0	3.96e-08	2.77778e-15	0.1884
on_demand_tmr	102761218	1	3	2	1	0	1	1	1	0	3.96e-08	2.77778e-15	0.1488
on_demand_tmr	102761218	2	3	2	3	0	1	1	1	0	3.96e-08	2.77778e-15	0.0696
on_demand_tmr	126624450	0	3	1	2	3	20	20	1	0	4.36e-08	5.55556e-14	0.9208
on_demand_tmr	126624450	1	3	2	0	3	20	20	1	0	4.16e-08	5.55556e-14	1.5428
on_demand_tmr	126624450	2	3	2	1	3	20	20	1	0	3.96e-08	5.55556e-14	1.7448
on_demand_tmr	136883144	0	3	1	0	2	20	20	1	0	3.96e-08	5.55556e-14	2.5052
on_demand_tmr	136883144	1	3	2	3	2	20	20	1	0	4.36e-08	5.55556e-14	1.7884
on_demand_tmr	136883144	2	3	2	1	2	20	20	1	0	4.16e-08	5.55556e-14	1.7052
on_demand_tmr	139469433	0	3	1	2	4	20	20	1	0	4.16e-08	5.55556e-14	1.8716
on_demand_tmr	139469433	1	3	2	3	4	20	20	1	0	3.96e-08	5.55556e-14	1.5824
on_demand_tmr	139469433	2	3	2	0	4	20	20	1	0	3.96e-08	5.55556e-14	0.9604
on_demand_tmr	182051987	0	3	1	1	2	10	10	1	0	4.16e-08	2.77778e-14	1.7052
on_demand_tmr	182051987	1	3	2	3	2	10	10	1	0	4.36e-08	2.77778e-14	1.7884
on_demand_tmr	182051987	2	3	2	4	2	10	10	1	0	4.16e-08	2.77778e-14	1.83
on_demand_tmr	206528829	0	3	1	3	0	10	10	1	0	4.16e-08	2.77778e-14	1.398
on_demand_tmr	206528829	1	3	2	1	0	10	10	1	0	3.96e-08	2.77778e-14	0.792
on_demand_tmr	206528829	2	3	2	4	0	10	10	1	0	6.16e-08	2.77778e-14	1.4596
on_demand_tmr	307742325	0	3	1	3	1	100	100	1	0	3.96e-08	2.77778e-13	3.022
on_demand_tmr	307742325	1	3	2	0	1	100	100	1	0	4.16e-08	2.77778e-13	3.42
on_demand_tmr	307742325	2	3	2	4	1	100	100	1	0	3.96e-08	2.77778e-13	3.82
on_demand_tmr	327503577	0	3	1	1	4	20	20	1	0	4.16e-08	5.55556e-14	1.6636
on_demand_tmr	327503577	1	3	2	3	4	20	20	1	0	3.96e-08	5.55556e-14	1.5824
on_demand_tmr	327503577	2	3	2	0	4	20	20	1	0	3.96e-08	5.55556e-14	0.9604
on_demand_tmr	4166307501	0	2	0	3	1	50	50	1	0	3.96e-08	1.38889e-12	3.022
on_demand_tmr	4182065458	0	2	0	4	1	100	100	1	0	3.96e-08	2.77778e-12	3.82
on_demand_tmr	4184333729	0	2	0	1	2	20	20	1	0	4.16e-08	5.55556e-13	1.7052
on_demand_tmr	4208418319	0	2	0	2	3	10	10	1	0	4.36e-08	2.77778e-13	0.9208
on_demand_tmr	4250857565	0	2	0	2	1	5	5	1	0	3.96e-08	1.38889e-13	0.7128
on_demand_tmr	4266204693	0	2	0	0	4	100	100	1	0	3.96e-08	2.77778e-12	2.9428
on_demand_tmr	4278259502	0	2	0	0	3	100	100	1	0	3.96e-08	2.77778e-12	2.9032
on_demand_tmr	4289527649	0	2	0	2	0	20	20	1	0	4.16e-08	5.55556e-13	0.8772
on_demand_tmr	3735360791	0	1	0	4	3	10	10	1	0	4.36e-08	2.77778e-13	0.8356
on_demand_tmr	3749386135	0	1	0	0	1	20	20	1	0	4.16e-08	5.55556e-13	1.5012
on_demand_tmr	3800364329	0	1	0	2	1	10	10	1	0	3.96e-08	2.77778e-13	0.7128
on_demand_tmr	3836026512	0	1	0	3	4	100	100	1	0	3.96e-08	2.77778e-12	3.4596
on_demand_tmr	3885315931	0	1	0	2	3	10	10	1	0	4.36e-08	2.77778e-13	0.9208
on_demand_tmr	3888728955	0	1	0	4	0	10	10	1	0	6.16e-08	2.77778e-13	1.4596
on_demand_tmr	3890334756	0	1	0	1	3	20	20	1	0	3.96e-08	5.55556e-13	1.7448
on_demand_tmr	3940112746	0	1	0	0	4	10	10	1	0	3.96e-08	2.77778e-13	0.9604
on_demand_tmr	3940263819	0	1	0	2	0	100	100	1	0	4.36e-08	2.77778e-12	3.622
on_demand_tmr	3941862296	0	1	0	2	1	10	10	1	0	3.96e-08	2.77778e-13	1.3564
on_demand_tmr	4018517476	0	1	0	2	3	10	10	1	0	4.36e-08	2.77778e-13	0.9208
on_demand_tmr	4066823733	0	1	0	2	3	100	100	1	0	3.96e-08	2.77778e-12	3.5784
on_demand_tmr	4070237862	0	1	0	4	3	10	10	1	0	4.36e-08	2.77778e-13	0.8356
on_demand_tmr	4119065180	0	1	0	1	4	100	100	1	0	3.96e-08	2.77778e-12	3.7804
on_demand_tmr	4133143221	0	1	0	1	3	10	10	1	0	3.96e-08	2.77778e-13	1.7448
on_demand_tmr	4160524051	0	1	0	4	0	100	100	1	0	3.96e-08	2.77778e-12	3.4992
on_demand_tmr	359934341	0	0	0	4	2	100	100	1	0	3.96e-08	1	3.3784
on_demand_tmr	364545316	0	0	0	4	2	10	10	1	0	4.16e-08	1	1.83
on_demand_tmr	380870882	0	0	0	4	2	20	20	1	0	4.16e-08	1	1.83
on_demand_tmr	393369381	0	0	0	4	0	20	20	1	0	6.16e-08	1	1.4596
on_demand_tmr	410989733	0	0	0	0	4	20	20	1	0	4.16e-08	1	2.5468
on_demand_tmr	437015091	0	0	0	4	1	10	10	1	0	3.96e-08	1	1
on_demand_tmr	482458877	0	0	0	0	1	100	100	1	0	4.16e-08	1	3.42
on_demand_tmr	558833606	0	0	0	4	2	1000	1000	1	0	3.96e-08	1	4.4992
on_demand_tmr	580490249	0	0	0	2	0	1	1	1	0	3.96e-08	1	0.1884
on_demand_tmr	583732751	0	0	0	1	4	1000	1000	1	0	3.96e-08	1	4.5388
on_demand_tmr	631260189	0	0	0	1	2	20	20	1	0	4.16e-08	1	1.7052
on_demand_tmr	632080318	0	0	0	0	1	10	10	1	0	4.16e-08	1	1.5012
on_demand_tmr	722301574	0	0	0	0	2	2	2	1	0	3.96e-08	1	0.3864
on_demand_tmr	722893111	0	0	0	1	0	1	1	1	0	3.96e-08	1	0.1488
on_demand_tmr	725634979	0	0	0	1	4	10	10	1	0	4.16e-08	1	1.6636
on_demand_tmr	728421735	0	0	0	2	1	10	10	1	0	3.96e-08	1	1.3564
on_demand_tmr	732200005	0	0	0	1	4	20	20	1	0	4.16e-08	1	1.6636
on_demand_tmr	754151379	0	0	0	3	2	20	20	1	0	4.36e-08	1	1.7884
on_demand_tmr	755436104	0	0	0	1	2	10	10	1	0	4.16e-08	1	1.7052
on_demand_tmr	758782812	0	0	0	0	1	20	20	1	0	4.16e-08	1	1.5012
on_demand_tmr	777783570	0	0	0	3	0	10	10	1	0	4.16e-08	1	1.398
on_demand_tmr	811116866	0	0	0	0	1	10	10	1	0	4.16e-08	1	1.5012
on_demand_tmr	815670016	0	0	0	3	4	1000	1000	1	0	3.96e-08	1	4.5784
on_demand_tmr	837193824	0	0	0	0	2	5	5	1	0	3.96e-08	1	0.7524
on_demand_tmr	839154918	0	0	0	4	1	10	10	1	0	3.96e-08	1	1
on_demand_tmr	841112957	0	0	0	0	4	20	20	1	0	4.16e-08	1	2.5468
on_demand_tmr	845872415	0	0	0	4	3	20	20	1	0	4.36e-08	1	0.8356
on_demand_tmr	970590734	0	0	0	2	4	10	10	1	0	4.16e-08	1	1.8716
on_demand_tmr	976925096	0	0	0	2	1	20	20	1	0	3.96e-08	1	1.3564
on_demand_tmr	984172579	0	0	0	1	0	5	5	1	0	3.96e-08	1	0.792
on_demand_tmr	1033978644	0	0	0	0	3	20	20	1	0	4.16e-08	1	1.5428
on_demand_tmr	1042400947	0	0	0	4	1	10	10	1	0	3.96e-08	1	1
on_demand_tmr	1059269480	0	0	0	2	1	2	2	1	0	3.96e-08	1	0.426
on_demand_tmr	1102704072	0	0	0	0	4	1000	1000	1	0	3.96e-08	1	4.4596
on_demand_tmr	1115524542	0	0	0	3	0	10	10	1	0	4.16e-08	1	1.398
on_demand_tmr	1139060675	0	0	0	2	0	10	10	1	0	4.16e-08	1	0.8772
on_demand_tmr	1143736230	0	0	0	1	0	100	100	1	0	3.96e-08	1	3.7012
on_demand_tmr	1203372738	0	0	0	2	4	20	20	1	0	4.16e-08	1	1.8716
on_demand_tmr	1257591179	0	0	0	4	2	100	100	1	0	3.96e-08	1	3.3784
on_demand_tmr	1319307536	0	0	0	2	4	10	10	1	0	4.16e-08	1	1.8716
on_demand_tmr	1321894147	0	0	0	0	4	20	20	1	0	4.16e-08	1	2.5468
on_demand_tmr	1322643098	0	0	0	3	0	100	100	1	0	3.96e-08	1	3.6616
on_demand_tmr	1338006061	0	0	0	1	2	100	100	1	0	3.96e-08	1	2.9824
on_demand_tmr	1342393756	0	0	0	0	4	20	20	1	0	4.16e-08	1	2.5468
on_demand_tmr	1355932486	0	0	0	3	4	20	20	1	0	3.96e-08	1	1.5824
on_demand_tmr	1369284349	0	0	0	2	0	1	1	1	0	3.96e-08	1	0.1884
on_demand_tmr	1418841599	0	0	0	1	2	1	1	1	0	3.96e-08	1	0.1092
on_demand_tmr	1438164919	0	0	0	2	0	100	100	1	0	4.36e-08	1	3.622
on_demand_tmr	1460535370	0	0	0	4	2	1000	1000	1	0	3.96e-08	1	4.4992
on_demand_tmr	1500970319	0	0	0	3	1	10	10	1	0	3.96e-08	1	1.622
on_demand_tmr	1504236065	0	0	0	4	1	100	100	1	0	3.96e-08	1	3.82
on_demand_tmr	1531337518	0	0	0	3	0	100	100	1	0	3.96e-08	1	3.6616
on_demand_tmr	1584331236	0	0	0	0	3	50	50	1	0	3.96e-08	1	2.9032
on_demand_tmr	1584698890	0	0	0	4	3	10	10	1	0	4.36e-08	1	0.8356
on_demand_tmr	1622153590	0	0	0	2	4	10	10	1	0	4.16e-08	1	1.8716
on_demand_tmr	1635382541	0	0	0	3	2	100	100	1	0	3.96e-08	1	3.7408
on_demand_tmr	1637618298	0	0	0	4	3	20	20	1	0	4.36e-08	1	0.8356
on_demand_tmr	1675697358	0	0	0	3	1	20	20	1	0	3.96e-08	1	1.622
on_demand_tmr	1786303031	0	0	0	3	4	10	10	1	0	3.96e-08	1	1.5824
on_demand_tmr	1862983424	0	0	0	3	4	20	20	1	0	3.96e-08	1	1.5824
on_demand_tmr	1878453920	0	0	0	0	1	100	100	1	0	4.16e-08	1	3.42
on_demand_tmr	1884963292	0	0	0	1	2	100	100	1	0	3.96e-08	1	2.9824
on_demand_tmr	1885682970	0	0	0	3	0	20	20	1	0	4.16e-08	1	1.398
on_demand_tmr	1887700182	0	0	0	0	4	50	50	1	0	3.96e-08	1	2.9428
on_demand_tmr	1888320611	0	0	0	0	3	20	20	1	0	4.16e-08	1	1.5428
on_demand_tmr	1994167280	0	0	0	0	4	10	10	1	0	3.96e-08	1	0.9604
on_demand_tmr	2106178863	0	0	0	3	2	10	10	1	0	4.36e-08	1	1.7884
on_demand_tmr	2147674723	0	0	0	1	0	100	100	1	0	3.96e-08	1	3.7012
on_demand_tmr	2226540993	0	0	0	2	0	10	10	1	0	4.16e-08	1	0.8772
on_demand_tmr	2240809141	0	0	0	2	4	20	20	1	0	4.16e-08	1	1.8716
on_demand_tmr	2312844807	0	0	0	2	1	10	10	1	0	3.96e-08	1	1.3564
on_demand_tmr	2360397489	0	0	0	4	0	20	20	1	0	6.16e-08	1	1.4596
on_demand_tmr	2362048522	0	0	0	3	2	20	20	1	0	4.36e-08	1	1.7884
on_demand_tmr	2378884092	0	0	0	1	0	5	5	1	0	3.96e-08	1	0.792
on_demand_tmr	2383091255	0	0	0	1	2	20	20	1	0	4.16e-08	1	1.7052
on_demand_tmr	2407380995	0	0	0	3	2	10	10	1	0	4.36e-08	1	1.7884
on_demand_tmr	2423248019	0	0	0	1	2	50	50	1	0	3.96e-08	1	2.9824
on_demand_tmr	2487301211	0	0	0	4	3	10	10	1	0	4.36e-08	1	0.8356
on_demand_tmr	2496820916	0	0	0	2	4	1000	1000	1	0	3.96e-08	1	3.9784
on_demand_tmr	2523972542	0	0	0	4	2	10	10	1	0	4.16e-08	1	1.83
on_demand_tmr	2554114815	0	0	0	3	2	20	20	1	0	4.36e-08	1	1.7884
on_demand_tmr	2563790912	0	0	0	0	4	20	20	1	0	4.16e-08	1	2.5468
on_demand_tmr	2568574250	0	0	0	2	1	100	100	1	0	3.96e-08	1	3.5388
on_demand_tmr	2570186502	0	0	0	2	4	20	20	1	0	4.16e-08	1	1.8716
on_demand_tmr	2601116477	0	0	0	1	0	2	2	1	0	3.96e-08	1	0.1488
on_demand_tmr	2686585746	0	0	0	0	2	2	2	1	0	3.96e-08	1	0.3864
on_demand_tmr	2706253336	0	0	0	3	2	20	20	1	0	4.36e-08	1	1.7884
on_demand_tmr	2718568971	0	0	0	2	0	10	10	1	0	4.16e-08	1	0.8772
on_demand_tmr	2765688986	0	0	0	3	4	100	100	1	0	3.96e-08	1	3.4596
on_demand_tmr	2774964295	0	0	0	4	1	20	20	1	0	3.96e-08	1	1
on_demand_tmr	2789136663	0	0	0	4	1	20	20	1	0	3.96e-08	1	1
on_demand_tmr	2812610705	0	0	0	4	0	20	20	1	0	6.16e-08	1	1.4596
on_demand_tmr	2829412244	0	0	0	1	0	10	10	1	0	3.96e-08	1	0.792
on_demand_tmr	2835799985	0	0	0	0	3	10	10	1	0	4.16e-08	1	1.5428
on_demand_tmr	2864112834	0	0	0	1	4	20	20	1	0	4.16e-08	1	1.6636
on_demand_tmr	2872016040	0	0	0	1	0	20	20	1	0	3.96e-08	1	2.4656
on_demand_tmr	2944557363	0	0	0	2	4	100	100	1	0	3.96e-08	1	3.8596
on_demand_tmr	3021848469	0	0	0	4	1	100	100	1	0	3.96e-08	1	3.82
on_demand_tmr	3067527359	0	0	0	0	1	100	100	1	0	4.16e-08	1	3.42
on_demand_tmr	3108420619	0	0	0	0	4	100	100	1	0	3.96e-08	1	2.9428
on_demand_tmr	3184695279	0	0	0	0	4	10	10	1	0	3.96e-08	1	0.9604
on_demand_tmr	3239999671	0	0	0	3	4	10	10	1	0	3.96e-08	1	1.5824
on_demand_tmr	3249446543	0	0	0	3	0	10	10	1	0	4.16e-08	1	1.398
on_demand_tmr	3285294464	0	0	0	0	3	20	20	1	0	4.16e-08	1	1.5428
on_demand_tmr	3317664088	0	0	0	3	0	100	100	1	0	3.96e-08	1	3.6616
on_demand_tmr	3319591979	0	0	0	0	3	20	20	1	0	4.16e-08	1	1.5428
on_demand_tmr	3324262239	0	0	0	4	0	20	20	1	0	6.16e-08	1	1.4596
on_demand_tmr	3338072647	0	0	0	4	2	10	10	1	0	4.16e-08	1	1.83
on_demand_tmr	3365892961	0	0	0	2	0	20	20	1	0	4.16e-08	1	0.8772
on_demand_tmr	3393896276	0	0	0	0	1	1	1	1	0	3.96e-08	1	0.228
on_demand_tmr	3409011190	0	0	0	1	4	10	10	1	0	4.16e-08	1	1.6636
on_demand_tmr	3437488894	0	0	0	4	3	10	10	1	0	4.36e-08	1	0.8356
on_demand_tmr	3457287708	0	0	0	4	3	20	20	1	0	4.36e-08	1	0.8356
on_demand_tmr	3488861246	0	0	0	1	0	2	2	1	0	3.96e-08	1	0.1488
on_demand_tmr	3507473164	0	0	0	4	1	1000	1000	1	0	4.56e-08	1	4.024
on_demand_tmr	3580615575	0	0	0	3	1	100	100	1	0	3.96e-08	1	3.022
on_demand_tmr	3594396025	0	0	0	2	1	5	5	1	0	3.96e-08	1	0.7128
on_demand_tmr	3684808151	0	0	0	3	2	10	10	1	0	4.36e-08	1	1.7884
always_on_tmr	102761218	0	3	1	2	0	1	1	2	1	1.56816e-15	2.77778e-15	0.3544
always_on_tmr	102761218	1	3	2	1	0	1	1	2	1	1.56816e-15	2.77778e-15	0.2752
always_on_tmr	102761218	2	3	2	3	0	1	1	2	1	1.56816e-15	2.77778e-15	0.196
always_on_tmr	126624450	0	3	1	2	3	20	20	2	1	1.90096e-15	5.55556e-14	1.7212
always_on_tmr	126624450	1	3	2	0	3	20	20	2	1	1.56816e-15	5.55556e-14	2.7568
always_on_tmr	126624450	2	3	2	1	3	20	20	2	1	1.56816e-15	5.55556e-14	1.9212
always_on_tmr	136883144	0	3	1	0	2	20	20	2	1	1.56816e-15	5.55556e-14	2.7172
always_on_tmr	136883144	1	3	2	3	2	20	20	2	1	1.64736e-15	5.55556e-14	2.0024
always_on_tmr	136883144	2	3	2	1	2	20	20	2	1	1.64736e-15	5.55556e-14	1.8024
always_on_tmr	139469433	0	3	1	2	4	20	20	2	1	1.64736e-15	5.55556e-14	2.5192
always_on_tmr	139469433	1	3	2	3	4	20	20	2	1	1.56816e-15	5.55556e-14	2.6776
always_on_tmr	139469433	2	3	2	0	4	20	20	2	1	1.64736e-15	5.55556e-14	1.4752
always_on_tmr	182051987	0	3	1	1	2	10	10	2	1	1.64736e-15	2.77778e-14	1.8024
always_on_tmr	182051987	1	3	2	3	2	10	10	2	1	1.64736e-15	2.77778e-14	2.0024
always_on_tmr	182051987	2	3	2	4	2	10	10	2	1	1.56816e-15	2.77778e-14	0.998
always_on_tmr	206528829	0	3	1	3	0	10	10	2	1	1.56816e-15	2.77778e-14	2.4796
always_on_tmr	206528829	1	3	2	1	0	10	10	2	1	1.56816e-15	2.77778e-14	0.9148
always_on_tmr	206528829	2	3	2	4	0	10	10	2	1	3.79456e-15	2.77778e-14	1.638
always_on_tmr	307742325	0	3	1	3	1	100	100	2	1	1.56816e-15	2.77778e-13	2.9152
always_on_tmr	307742325	1	3	2	0	1	100	100	2	1	1.56816e-15	2.77778e-13	3.034
always_on_tmr	307742325	2	3	2	4	1	100	100	2	1	1.56816e-15	2.77778e-13	3.5884
always_on_tmr	327503577	0	3	1	1	4	20	20	2	1	1.56816e-15	5.55556e-14	2.5588
always_on_tmr	327503577	1	3	2	3	4	20	20	2	1	1.56816e-15	5.55556e-14	2.6776
always_on_tmr	327503577	2	3	2	0	4	20	20	2	1	1.64736e-15	5.55556e-14	1.4752
always_on_tmr	4166307501	0	2	0	3	1	50	50	2	1	1.56816e-15	1.38889e-12	2.9152
always_on_tmr	4182065458	0	2	0	4	1	100	100	2	1	1.56816e-15	2.77778e-12	3.5884
always_on_tmr	4184333729	0	2	0	1	2	20	20	2	1	1.64736e-15	5.55556e-13	1.8024
always_on_tmr	4208418319	0	2	0	2	3	10	10	2	1	1.90096e-15	2.77778e-13	1.7212
always_on_tmr	4250857565	0	2	0	2	1	5	5	2	1	1.56816e-15	1.38889e-13	0.4752
always_on_tmr	4266204693	0	2	0	0	4	100	100	2	1	1.56816e-15	2.77778e-12	3.628
always_on_tmr	4278259502	0	2	0	0	3	100	100	2	1	1.56816e-15	2.77778e-12	3.5092
always_on_tmr	4289527649	0	2	0	2	0	20	20	2	1	1.56816e-15	5.55556e-13	1.4336
always_on_tmr	3735360791	0	1	0	4	3	10	10	2	1	1.64736e-15	2.77778e-13	0.6356
always_on_tmr	3749386135	0	1	0	0	1	20	20	2	1	1.64736e-15	5.55556e-13	2.5984
always_on_tmr	3800364329	0	1	0	2	1	10	10	2	1	1.56816e-15	2.77778e-13	0.7168
always_on_tmr	3836026512	0	1	0	3	4	100	100	2	1	1.56816e-15	2.77778e-12	3.9488
always_on_tmr	3885315931	0	1	0	2	3	10	10	2	1	1.90096e-15	2.77778e-13	1.7212
always_on_tmr	3888728955	0	1	0	4	0	10	10	2	1	3.79456e-15	2.77778e-13	1.638
always_on_tmr	3890334756	0	1	0	1	3	20	20	2	1	1.56816e-15	5.55556e-13	1.9212
always_on_tmr	3940112746	0	1	0	0	4	10	10	2	1	1.64736e-15	2.77778e-13	1.4752
always_on_tmr	3940263819	0	1	0	2	0	100	100	2	1	1.72656e-15	2.77778e-12	3.6716
always_on_tmr	3941862296	0	1	0	2	1	10	10	2	1	1.56816e-15	2.77778e-13	0.7168
always_on_tmr	4018517476	0	1	0	2	3	10	10	2	1	1.90096e-15	2.77778e-13	1.7212
always_on_tmr	4066823733	0	1	0	2	3	100	100	2	1	1.56816e-15	2.77778e-12	3.8696
always_on_tmr	4070237862	0	1	0	4	3	10	10	2	1	1.64736e-15	2.77778e-13	0.6356
always_on_tmr	4119065180	0	1	0	1	4	100	100	2	1	1.56816e-15	2.77778e-12	4.4636
always_on_tmr	4133143221	0	1	0	1	3	10	10	2	1	1.56816e-15	2.77778e-13	1.9212
always_on_tmr	4160524051	0	1	0	4	0	100	100	2	1	1.56816e-15	2.77778e-12	3.83
always_on_tmr	359934341	0	0	0	4	2	100	100	1	0	3.96e-08	1	3.9884
always_on_tmr	364545316	0	0	0	4	2	10	10	1	0	3.96e-08	1	0.998
always_on_tmr	380870882	0	0	0	4	2	20	20	1	0	3.96e-08	1	0.8356
always_on_tmr	393369381	0	0	0	4	0	20	20	1	0	6.16e-08	1	1.5764
always_on_tmr	410989733	0	0	0	0	4	20	20	1	0	4.16e-08	1	1.4752
always_on_tmr	437015091	0	0	0	4	1	10	10	1	0	3.96e-08	1	0.796
always_on_tmr	482458877	0	0	0	0	1	100	100	1	0	3.96e-08	1	2.9944
always_on_tmr	558833606	0	0	0	4	2	1000	1000	1	0	3.96e-08	1	4.6676
always_on_tmr	580490249	0	0	0	2	0	1	1	1	0	3.96e-08	1	0.3544
always_on_tmr	583732751	0	0	0	1	4	1000	1000	1	0	3.96e-08	1	4.628
always_on_tmr	631260189	0	0	0	1	2	20	20	1	0	3.96e-08	1	1.7608
always_on_tmr	632080318	0	0	0	0	1	10	10	1	0	4.16e-08	1	0.6772
always_on_tmr	722301574	0	0	0	0	2	2	2	1	0	3.96e-08	1	0.3844
always_on_tmr	722893111	0	0	0	1	0	1	1	1	0	3.96e-08	1	0.2356
always_on_tmr	725634979	0	0	0	1	4	10	10	1	0	3.96e-08	1	1.6776
always_on_tmr	728421735	0	0	0	2	1	10	10	1	0	3.96e-08	1	0.4752
always_on_tmr	732200005	0	0	0	1	4	20	20	1	0	3.96e-08	1	1.6776
always_on_tmr	754151379	0	0	0	3	2	20	20	1	0	3.96e-08	1	2.0024
always_on_tmr	755436104	0	0	0	1	2	10	10	1	0	4.16e-08	1	1.8024
always_on_tmr	758782812	0	0	0	0	1	20	20	1	0	4.16e-08	1	0.6772
always_on_tmr	777783570	0	0	0	3	0	10	10	1	0	3.96e-08	1	1.0376
always_on_tmr	811116866	0	0	0	0	1	10	10	1	0	4.16e-08	1	0.6772
always_on_tmr	815670016	0	0	0	3	4	1000	1000	1	0	3.96e-08	1	4.7864
always_on_tmr	837193824	0	0	0	0	2	5	5	1	0	3.96e-08	1	0.5148
always_on_tmr	839154918	0	0	0	4	1	10	10	1	0	3.96e-08	1	0.796
always_on_tmr	841112957	0	0	0	0	4	20	20	1	0	4.16e-08	1	1.4752
always_on_tmr	845872415	0	0	0	4	3	20	20	1	0	3.96e-08	1	0.594
always_on_tmr	970590734	0	0	0	2	4	10	10	1	0	4.16e-08	1	2.44
always_on_tmr	976925096	0	0	0	2	1	20	20	1	0	3.96e-08	1	0.7168
always_on_tmr	984172579	0	0	0	1	0	5	5	1	0	3.96e-08	1	0.5544
always_on_tmr	1033978644	0	0	0	0	3	20	20	1	0	3.96e-08	1	2.7568
always_on_tmr	1042400947	0	0	0	4	1	10	10	1	0	3.96e-08	1	0.796
always_on_tmr	1059269480	0	0	0	2	1	2	2	1	0	3.96e-08	1	0.424
always_on_tmr	1102704072	0	0	0	0	4	1000	1000	1	0	3.96e-08	1	4.7072
always_on_tmr	1115524542	0	0	0	3	0	10	10	1	0	3.96e-08	1	2.4796
always_on_tmr	1139060675	0	0	0	2	0	10	10	1	0	3.96e-08	1	0.8752
always_on_tmr	1143736230	0	0	0	1	0	100	100	1	0	3.96e-08	1	3.3904
always_on_tmr	1203372738	0	0	0	2	4	20	20	1	0	4.16e-08	1	2.44
always_on_tmr	1257591179	0	0	0	4	2	100	100	1	0	3.96e-08	1	3.9884
always_on_tmr	1319307536	0	0	0	2	4	10	10	1	0	4.16e-08	1	2.44
always_on_tmr	1321894147	0	0	0	0	4	20	20	1	0	4.16e-08	1	1.4752
always_on_tmr	1322643098	0	0	0	3	0	100	100	1	0	3.96e-08	1	3.7508
always_on_tmr	1338006061	0	0	0	1	2	100	100	1	0	3.96e-08	1	2.9548
always_on_tmr	1342393756	0	0	0	0	4	20	20	1	0	3.96e-08	1	1.394
always_on_tmr	1355932486	0	0	0	3	4	20	20	1	0	3.96e-08	1	2.6776
always_on_tmr	1369284349	0	0	0	2	0	1	1	1	0	3.96e-08	1	0.0772
always_on_tmr	1418841599	0	0	0	1	2	1	1	1	0	3.96e-08	1	0.3148
always_on_tmr	1438164919	0	0	0	2	0	100	100	1	0	4.36e-08	1	3.6716
always_on_tmr	1460535370	0	0	0	4	2	1000	1000	1	0	3.96e-08	1	4.6676
always_on_tmr	1500970319	0	0	0	3	1	10	10	1	0	3.96e-08	1	1.842
always_on_tmr	1504236065	0	0	0	4	1	100	100	1	0	3.96e-08	1	3.5488
always_on_tmr	1531337518	0	0	0	3	0	100	100	1	0	3.96e-08	1	3.7508
always_on_tmr	1584331236	0	0	0	0	3	50	50	1	0	3.96e-08	1	2.836
always_on_tmr	1584698890	0	0	0	4	3	10	10	1	0	3.96e-08	1	0.594
always_on_tmr	1622153590	0	0	0	2	4	10	10	1	0	4.16e-08	1	2.44
always_on_tmr	1635382541	0	0	0	3	2	100	100	1	0	3.96e-08	1	4.5032
always_on_tmr	1637618298	0	0	0	4	3	20	20	1	0	4.16e-08	1	0.6356
always_on_tmr	1675697358	0	0	0	3	1	20	20	1	0	3.96e-08	1	1.842
always_on_tmr	1786303031	0	0	0	3	4	10	10	1	0	3.96e-08	1	1.5148
always_on_tmr	1862983424	0	0	0	3	4	20	20	1	0	3.96e-08	1	1.5148
always_on_tmr	1878453920	0	0	0	0	1	100	100	1	0	3.96e-08	1	3.034
always_on_tmr	1884963292	0	0	0	1	2	100	100	1	0	3.96e-08	1	2.9548
always_on_tmr	1885682970	0	0	0	3	0	20	20	1	0	3.96e-08	1	1.0376
always_on_tmr	1887700182	0	0	0	0	4	50	50	1	0	3.96e-08	1	2.7964
always_on_tmr	1888320611	0	0	0	0	3	20	20	1	0	3.96e-08	1	0.7564
always_on_tmr	1994167280	0	0	0	0	4	10	10	1	0	4.16e-08	1	1.4752
always_on_tmr	2106178863	0	0	0	3	2	10	10	1	0	4.16e-08	1	1.9628
always_on_tmr	2147674723	0	0	0	1	0	100	100	1	0	3.96e-08	1	3.3904
always_on_tmr	2226540993	0	0	0	2	0	10	10	1	0	3.96e-08	1	0.8752
always_on_tmr	2240809141	0	0	0	2	4	20	20	1	0	3.96e-08	1	2.5192
always_on_tmr	2312844807	0	0	0	2	1	10	10	1	0	3.96e-08	1	0.4356
always_on_tmr	2360397489	0	0	0	4	0	20	20	1	0	6.16e-08	1	1.638
always_on_tmr	2362048522	0	0	0	3	2	20	20	1	0	4.16e-08	1	1.9628
always_on_tmr	2378884092	0	0	0	1	0	5	5	1	0	3.96e-08	1	0.5544
always_on_tmr	2383091255	0	0	0	1	2	20	20	1	0	4.16e-08	1	1.8024
always_on_tmr	2407380995	0	0	0	3	2	10	10	1	0	4.16e-08	1	1.9628
always_on_tmr	2423248019	0	0	0	1	2	50	50	1	0	3.96e-08	1	2.9548
always_on_tmr	2487301211	0	0	0	4	3	10	10	1	0	3.96e-08	1	0.594
always_on_tmr	2496820916	0	0	0	2	4	1000	1000	1	0	3.96e-08	1	4.7468
always_on_tmr	2523972542	0	0	0	4	2	10	10	1	0	3.96e-08	1	0.8356
always_on_tmr	2554114815	0	0	0	3	2	20	20	1	0	4.16e-08	1	1.9628
always_on_tmr	2563790912	0	0	0	0	4	20	20	1	0	4.16e-08	1	1.4752
always_on_tmr	2568574250	0	0	0	2	1	100	100	1	0	3.96e-08	1	3.7112
always_on_tmr	2570186502	0	0	0	2	4	20	20	1	0	4.16e-08	1	2.44
always_on_tmr	2601116477	0	0	0	1	0	2	2	1	0	3.96e-08	1	0.2752
always_on_tmr	2686585746	0	0	0	0	2	2	2	1	0	3.96e-08	1	0.3844
always_on_tmr	2706253336	0	0	0	3	2	20	20	1	0	3.96e-08	1	2.0024
always_on_tmr	2718568971	0	0	0	2	0	10	10	1	0	3.96e-08	1	1.4336
always_on_tmr	2765688986	0	0	0	3	4	100	100	1	0	3.96e-08	1	3.9488
always_on_tmr	2774964295	0	0	0	4	1	20	20	1	0	3.96e-08	1	0.796
always_on_tmr	2789136663	0	0	0	4	1	20	20	1	0	3.96e-08	1	0.796
always_on_tmr	2812610705	0	0	0	4	0	20	20	1	0	6.16e-08	1	1.638
always_on_tmr	2829412244	0	0	0	1	0	10	10	1	0	3.96e-08	1	0.5544
always_on_tmr	2835799985	0	0	0	0	3	10	10	1	0	3.96e-08	1	0.7564
always_on_tmr	2864112834	0	0	0	1	4	20	20	1	0	3.96e-08	1	2.5588
always_on_tmr	2872016040	0	0	0	1	0	20	20	1	0	3.96e-08	1	0.9148
always_on_tmr	2944557363	0	0	0	2	4	100	100	1	0	3.96e-08	1	4.5428
always_on_tmr	3021848469	0	0	0	4	1	100	100	1	0	3.96e-08	1	3.5488
always_on_tmr	3067527359	0	0	0	0	1	100	100	1	0	3.96e-08	1	3.034
always_on_tmr	3108420619	0	0	0	0	4	100	100	1	0	3.96e-08	1	3.628
always_on_tmr	3184695279	0	0	0	0	4	10	10	1	0	4.16e-08	1	1.4752
always_on_tmr	3239999671	0	0	0	3	4	10	10	1	0	3.96e-08	1	1.5148
always_on_tmr	3249446543	0	0	0	3	0	10	10	1	0	3.96e-08	1	1.0376
always_on_tmr	3285294464	0	0	0	0	3	20	20	1	0	3.96e-08	1	2.7568
always_on_tmr	3317664088	0	0	0	3	0	100	100	1	0	3.96e-08	1	3.7508
always_on_tmr	3319591979	0	0	0	0	3	20	20	1	0	3.96e-08	1	0.7564
always_on_tmr	3324262239	0	0	0	4	0	20	20	1	0	6.16e-08	1	1.638
always_on_tmr	3338072647	0	0	0	4	2	10	10	1	0	3.96e-08	1	0.8356
always_on_tmr	3365892961	0	0	0	2	0	20	20	1	0	3.96e-08	1	1.4336
always_on_tmr	3393896276	0	0	0	0	1	1	1	1	0	3.96e-08	1	0.1168
always_on_tmr	3409011190	0	0	0	1	4	10	10	1	0	3.96e-08	1	1.6776
always_on_tmr	3437488894	0	0	0	4	3	10	10	1	0	4.16e-08	1	0.6356
always_on_tmr	3457287708	0	0	0	4	3	20	20	1	0	4.16e-08	1	0.6356
always_on_tmr	3488861246	0	0	0	1	0	2	2	1	0	3.96e-08	1	0.2752
always_on_tmr	3507473164	0	0	0	4	1	1000	1000	1	0	4.56e-08	1	4.5884
always_on_tmr	3580615575	0	0	0	3	1	100	100	1	0	3.96e-08	1	2.9152
always_on_tmr	3594396025	0	0	0	2	1	5	5	1	0	3.96e-08	1	0.4356
always_on_tmr	3684808151	0	0	0	3	2	10	10	1	0	4.16e-08	1	1.9628
