# algorithm2: 按需三模冗余 + 功能路内同源通信副本。
# 正常模式带宽只统计 comm_id=0/1 的功能路；故障模式带宽统计全量功能路与事件触发控制报文。
# 事件报文集合 F_evt={f_act,f_iso,f_hang}，统一取 1 byte 负载，MIT 取对应功能簇原始信号周期。

[scheme_summary]
scheme	normal_bandwidth_utilization	fault_bandwidth_utilization	total_added_signal_copies	schedulable
on_demand_tmr	0.517007	0.590275	46	1
always_on_tmr	0.522651	0.522651	46	1

[foundation_summary]
scheme	bandwidth_utilization	max_wcrt_ms	total_added_signal_copies	schedulable

[cluster_summary]
scheme	code	route_count	p_function_fault	p_threshold
on_demand_tmr	209863025	3	0	5.55556e-14
on_demand_tmr	213090925	3	0	5.55556e-14
on_demand_tmr	245643824	3	0	2.77778e-14
on_demand_tmr	559448305	3	0	2.77778e-13
on_demand_tmr	1616806818	3	0	1.38889e-14
on_demand_tmr	1626524508	3	0	2.77778e-14
always_on_tmr	209863025	3	0	5.55556e-14
always_on_tmr	213090925	3	0	5.55556e-14
always_on_tmr	245643824	3	0	2.77778e-14
always_on_tmr	559448305	3	0	2.77778e-13
always_on_tmr	1616806818	3	0	1.38889e-14
always_on_tmr	1626524508	3	0	2.77778e-14

[cluster_wcrt_summary]
scheme	code	period_ms	deadline_ms	normal_main_route_wcrt_ms	fault_main_route_wcrt_ms	tmr_all_route_wcrt_ms	activation_wcrt_ms	backup_route_wcrt_ms	compare_time_ms	backup_compute_time_ms	end_to_end_normal_wcrt_ms	end_to_end_fault_wcrt_ms	meets_deadline
on_demand_tmr	209863025	20	20	2.8586	3.8766	0	0.7052	3.3536	0.01	0	2.8686	7.9554	1
on_demand_tmr	213090925	20	20	2.9122	3.9302	0	0.824	2.5682	0.01	0	2.9222	7.3424	1
on_demand_tmr	245643824	10	10	1.5502	2.6138	0	0.4676	2.8676	0.01	0	1.5602	5.969	1
on_demand_tmr	559448305	100	100	4.5854	6.3842	0	0.9428	6.0334	0.01	0	4.5954	13.3804	1
on_demand_tmr	1616806818	5	5	0.6204	1.5948	0	0.3488	1.3292	0.01	0	0.6304	3.2928	1
on_demand_tmr	1626524508	10	10	1.9808	3.0444	0	0.5864	3.3536	0.01	0	1.9908	7.0044	1
always_on_tmr	209863025	20	20	0	0	1.9848	0	0	0.01	0	1.9948	1.9948	1
always_on_tmr	213090925	20	20	0	0	2.8566	0	0	0.01	0	2.8666	2.8666	1
always_on_tmr	245643824	10	10	0	0	1.8536	0	0	0.01	0	1.8636	1.8636	1
always_on_tmr	559448305	100	100	0	0	4.6726	0	0	0.01	0	4.6826	4.6826	1
always_on_tmr	1616806818	5	5	0	0	0.67	0	0	0.01	0	0.68	0.68	1
always_on_tmr	1626524508	10	10	0	0	1.9848	0	0	0.01	0	1.9948	1.9948	1

[route_summary]
scheme	code	comm_id	level	type	src_ecu	dst_ecu	period_ms	deadline_ms	signal_instance_count	added_signal_copies	p_comm_fault	p_threshold	max_wcrt_ms
on_demand_tmr	209863025	0	3	1	1	3	20	20	2	1	2.06336e-15	5.55556e-14	3.8766
on_demand_tmr	209863025	1	3	2	4	3	20	20	2	1	2.66256e-15	5.55556e-14	1.8648
on_demand_tmr	209863025	2	3	2	2	3	20	20	2	1	1.98816e-15	5.55556e-14	3.3536
on_demand_tmr	213090925	0	3	1	1	2	20	20	2	1	4.12216e-15	5.55556e-14	3.7934
on_demand_tmr	213090925	1	3	2	3	2	20	20	2	1	3.73056e-15	5.55556e-14	3.9302
on_demand_tmr	213090925	2	3	2	4	2	20	20	2	1	2.44416e-15	5.55556e-14	2.5682
on_demand_tmr	245643824	0	3	1	3	1	10	10	2	1	2.76576e-15	2.77778e-14	1.7616
on_demand_tmr	245643824	1	3	2	2	1	10	10	2	1	1.98816e-15	2.77778e-14	2.6138
on_demand_tmr	245643824	2	3	2	4	1	10	10	2	1	5.86856e-15	2.77778e-14	2.8676
on_demand_tmr	559448305	0	3	1	0	3	100	100	2	1	1.73056e-15	2.77778e-13	6.3842
on_demand_tmr	559448305	1	3	2	4	3	100	100	2	1	1.90096e-15	2.77778e-13	4.6618
on_demand_tmr	559448305	2	3	2	1	3	100	100	2	1	2.17056e-15	2.77778e-13	6.0334
on_demand_tmr	1616806818	0	3	1	2	0	5	5	2	1	2.07536e-15	1.38889e-14	1.4204
on_demand_tmr	1616806818	1	3	2	3	0	5	5	2	1	1.81376e-15	1.38889e-14	1.5948
on_demand_tmr	1616806818	2	3	2	1	0	5	5	2	1	1.89696e-15	1.38889e-14	1.3292
on_demand_tmr	1626524508	0	3	1	4	3	10	10	2	1	2.66256e-15	2.77778e-14	1.8648
on_demand_tmr	1626524508	1	3	2	0	3	10	10	2	1	4.28736e-15	2.77778e-14	3.0444
on_demand_tmr	1626524508	2	3	2	2	3	10	10	2	1	1.98816e-15	2.77778e-14	3.3536
on_demand_tmr	2218063371	0	3	0	1	4	20	20	2	1	3.17856e-15	5.55556e-14	3.5284
on_demand_tmr	2540202348	0	3	0	4	1	20	20	2	1	5.86856e-15	5.55556e-14	2.8676
on_demand_tmr	3039152824	0	3	0	2	1	100	100	2	1	2.77556e-14	2.77778e-13	5.9402
on_demand_tmr	4245474140	0	3	0	0	2	20	20	2	1	2.44416e-15	5.55556e-14	3.9838
on_demand_tmr	159409628	0	2	0	0	3	10	10	2	1	4.28736e-15	2.77778e-13	3.0444
on_demand_tmr	551805837	0	2	0	0	3	20	20	2	1	4.28736e-15	5.55556e-13	3.0444
on_demand_tmr	701345646	0	2	0	1	2	10	10	2	1	4.12216e-15	2.77778e-13	3.7934
on_demand_tmr	966019558	0	2	0	0	4	20	20	2	1	2.14656e-15	5.55556e-13	3.835
on_demand_tmr	3002332164	0	2	0	4	3	100	100	2	1	1.90096e-15	2.77778e-12	4.6618
on_demand_tmr	3045606781	0	2	0	3	0	100	100	2	1	2.44416e-15	2.77778e-12	6.523
on_demand_tmr	3171092755	0	2	0	2	1	1	1	2	1	1.81376e-15	2.77778e-14	0.2624
on_demand_tmr	4030485065	0	2	0	1	4	20	20	2	1	3.17856e-15	5.55556e-13	3.5284
on_demand_tmr	4082262179	0	2	0	2	0	10	10	2	1	3.17856e-15	2.77778e-13	1.978
on_demand_tmr	729603858	0	1	0	0	3	1000	1000	2	1	2.07936e-15	2.77778e-11	7.0026
on_demand_tmr	1193334582	0	1	0	3	4	10	10	2	1	2.07936e-15	2.77778e-13	3.6196
on_demand_tmr	1403755134	0	1	0	4	2	10	10	2	1	2.44416e-15	2.77778e-13	2.5682
on_demand_tmr	1797911681	0	1	0	0	3	20	20	2	1	4.28736e-15	5.55556e-13	3.0444
on_demand_tmr	2003414633	0	1	0	0	2	10	10	2	1	2.07936e-15	2.77778e-13	2.9748
on_demand_tmr	2350670797	0	1	0	4	3	20	20	2	1	2.66256e-15	5.55556e-13	1.8648
on_demand_tmr	2493609638	0	1	0	2	0	5	5	2	1	2.07536e-15	1.38889e-13	1.4204
on_demand_tmr	2496496573	0	1	0	4	2	20	20	2	1	2.44416e-15	5.55556e-13	2.5682
on_demand_tmr	2777047658	0	1	0	2	0	20	20	2	1	3.17856e-15	5.55556e-13	1.978
on_demand_tmr	2826967841	0	1	0	1	4	10	10	2	1	3.17856e-15	2.77778e-13	3.5284
on_demand_tmr	3065416702	0	1	0	2	3	50	50	2	1	2.16256e-15	1.38889e-12	4.4814
on_demand_tmr	3483526232	0	1	0	3	4	20	20	2	1	2.07936e-15	5.55556e-13	3.6196
on_demand_tmr	3825138385	0	1	0	1	2	100	100	2	1	1.72656e-15	2.77778e-12	6.7014
on_demand_tmr	4015216795	0	1	0	4	1	1000	1000	2	1	1.89696e-15	2.77778e-11	7.2642
on_demand_tmr	4289986034	0	1	0	2	0	10	10	2	1	3.17856e-15	2.77778e-13	1.978
on_demand_tmr	1224999	0	0	0	4	1	10	10	1	0	1.346e-07	1	2.8676
on_demand_tmr	1522760	0	0	0	0	2	20	20	1	0	5.36e-08	1	3.9838
on_demand_tmr	4970954	0	0	0	4	3	10	10	1	0	5.16e-08	1	1.8648
on_demand_tmr	51067184	0	0	0	0	2	1	1	1	0	3.96e-08	1	0.302
on_demand_tmr	81243363	0	0	0	0	4	10	10	1	0	5.16e-08	1	2.469
on_demand_tmr	84076457	0	0	0	0	2	20	20	1	0	5.36e-08	1	3.9838
on_demand_tmr	238630432	0	0	0	4	3	10	10	1	0	5.16e-08	1	1.8132
on_demand_tmr	266753573	0	0	0	1	0	10	10	1	0	6.16e-08	1	1.6564
on_demand_tmr	267385583	0	0	0	1	4	100	100	1	0	4.76e-08	1	6.5706
on_demand_tmr	282650284	0	0	0	1	0	20	20	1	0	6.16e-08	1	1.6564
on_demand_tmr	395797460	0	0	0	3	2	20	20	1	0	5.36e-08	1	3.9302
on_demand_tmr	420188159	0	0	0	4	1	10	10	1	0	1.346e-07	1	2.8676
on_demand_tmr	451689563	0	0	0	0	4	1000	1000	1	0	4.16e-08	1	6.8242
on_demand_tmr	495514858	0	0	0	2	1	1	1	1	0	4.36e-08	1	0.2208
on_demand_tmr	500245888	0	0	0	0	1	10	10	1	0	8.66e-08	1	2.4174
on_demand_tmr	566132140	0	0	0	0	1	10	10	1	0	8.66e-08	1	2.4174
on_demand_tmr	693827181	0	0	0	1	3	100	100	1	0	4.76e-08	1	6.0334
on_demand_tmr	708328433	0	0	0	0	1	1000	1000	1	0	4.16e-08	1	6.7826
on_demand_tmr	745493199	0	0	0	1	2	20	20	1	0	4.76e-08	1	3.7934
on_demand_tmr	767230700	0	0	0	0	1	20	20	1	0	8.66e-08	1	2.4174
on_demand_tmr	768740365	0	0	0	3	1	10	10	1	0	5.16e-08	1	1.7616
on_demand_tmr	779665336	0	0	0	1	4	20	20	1	0	6.16e-08	1	3.5284
on_demand_tmr	825590921	0	0	0	1	2	10	10	1	0	8.66e-08	1	3.7458
on_demand_tmr	848704658	0	0	0	1	2	10	10	1	0	8.66e-08	1	3.7458
on_demand_tmr	856393150	0	0	0	3	0	100	100	1	0	5.36e-08	1	6.523
on_demand_tmr	861076064	0	0	0	1	3	10	10	1	0	4.96e-08	1	2.6634
on_demand_tmr	869946093	0	0	0	0	2	5	5	1	0	4.56e-08	1	1.5096
on_demand_tmr	946638330	0	0	0	0	3	10	10	1	0	6.96e-08	1	3.0444
on_demand_tmr	994105087	0	0	0	4	2	100	100	1	0	4.56e-08	1	4.8738
on_demand_tmr	1000992144	0	0	0	3	1	20	20	1	0	5.36e-08	1	1.71
on_demand_tmr	1052778516	0	0	0	3	1	20	20	1	0	5.36e-08	1	1.71
on_demand_tmr	1071121061	0	0	0	1	0	1	1	1	0	5.36e-08	1	0.1356
on_demand_tmr	1127406415	0	0	0	3	0	10	10	1	0	4.36e-08	1	1.5532
on_demand_tmr	1137640823	0	0	0	3	1	10	10	1	0	5.36e-08	1	1.71
on_demand_tmr	1147198568	0	0	0	0	3	20	20	1	0	6.96e-08	1	3.0444
on_demand_tmr	1149323585	0	0	0	2	0	10	10	1	0	6.16e-08	1	1.978
on_demand_tmr	1183402027	0	0	0	1	0	10	10	1	0	6.16e-08	1	1.6564
on_demand_tmr	1230222944	0	0	0	2	4	100	100	1	0	4.76e-08	1	6.6182
on_demand_tmr	1303484396	0	0	0	0	1	2	2	1	0	4.76e-08	1	0.335
on_demand_tmr	1399351190	0	0	0	0	4	10	10	1	0	5.16e-08	1	2.469
on_demand_tmr	1402246324	0	0	0	2	0	20	20	1	0	5.16e-08	1	1.9164
on_demand_tmr	1438866309	0	0	0	1	2	100	100	1	0	4.36e-08	1	6.7014
on_demand_tmr	1504175674	0	0	0	3	4	100	100	1	0	5.16e-08	1	4.533
on_demand_tmr	1525615246	0	0	0	2	1	20	20	1	0	4.56e-08	1	2.6138
on_demand_tmr	1614906104	0	0	0	1	3	100	100	1	0	4.56e-08	1	5.9858
on_demand_tmr	1714145667	0	0	0	3	1	100	100	1	0	4.16e-08	1	4.5746
on_demand_tmr	1735971357	0	0	0	1	0	20	20	1	0	6.16e-08	1	1.6564
on_demand_tmr	1757382130	0	0	0	4	0	20	20	1	0	6.16e-08	1	3.4152
on_demand_tmr	1794097856	0	0	0	3	2	20	20	1	0	5.36e-08	1	3.9302
on_demand_tmr	1824442128	0	0	0	4	2	100	100	1	0	4.56e-08	1	4.8738
on_demand_tmr	1856192815	0	0	0	1	2	2	2	1	0	4.16e-08	1	0.3766
on_demand_tmr	1938204463	0	0	0	3	2	20	20	1	0	5.36e-08	1	3.9302
on_demand_tmr	2048309164	0	0	0	1	0	2	2	1	0	5.36e-08	1	0.1356
on_demand_tmr	2159250457	0	0	0	4	2	20	20	1	0	5.36e-08	1	2.5682
on_demand_tmr	2188736358	0	0	0	1	3	20	20	1	0	4.16e-08	1	3.8766
on_demand_tmr	2225678260	0	0	0	4	0	10	10	1	0	6.16e-08	1	3.4152
on_demand_tmr	2266300430	0	0	0	3	2	10	10	1	0	6.96e-08	1	2.733
on_demand_tmr	2269416380	0	0	0	0	1	10	10	1	0	8.66e-08	1	2.4174
on_demand_tmr	2271411281	0	0	0	2	3	50	50	1	0	4.96e-08	1	4.4378
on_demand_tmr	2275362096	0	0	0	2	1	100	100	1	0	4.16e-08	1	4.8282
on_demand_tmr	2275777028	0	0	0	0	1	10	10	1	0	8.66e-08	1	2.4174
on_demand_tmr	2282448367	0	0	0	4	0	20	20	1	0	6.16e-08	1	3.4152
on_demand_tmr	2326916038	0	0	0	1	4	100	100	1	0	4.76e-08	1	6.5706
on_demand_tmr	2359325810	0	0	0	0	1	2	2	1	0	4.76e-08	1	0.335
on_demand_tmr	2378021708	0	0	0	4	1	10	10	1	0	1.346e-07	1	2.8676
on_demand_tmr	2381918631	0	0	0	2	3	100	100	1	0	4.36e-08	1	4.4814
on_demand_tmr	2475195701	0	0	0	4	1	1000	1000	1	0	4.56e-08	1	6.9114
on_demand_tmr	2478508007	0	0	0	3	0	100	100	1	0	5.36e-08	1	6.523
on_demand_tmr	2521183783	0	0	0	2	3	100	100	1	0	4.96e-08	1	4.4378
on_demand_tmr	2619226324	0	0	0	4	0	20	20	1	0	6.16e-08	1	3.4152
on_demand_tmr	2642652027	0	0	0	1	0	10	10	1	0	4.56e-08	1	1.2876
on_demand_tmr	2703074692	0	0	0	4	1	20	20	1	0	1.346e-07	1	2.8676
on_demand_tmr	2738734154	0	0	0	2	1	1000	1000	1	0	4.16e-08	1	6.8658
on_demand_tmr	2767729605	0	0	0	4	2	20	20	1	0	5.36e-08	1	2.5682
on_demand_tmr	2775278594	0	0	0	3	2	20	20	1	0	6.96e-08	1	2.733
on_demand_tmr	2826004916	0	0	0	1	4	20	20	1	0	6.16e-08	1	3.5284
on_demand_tmr	2853389808	0	0	0	3	1	10	10	1	0	5.16e-08	1	1.7616
on_demand_tmr	2913908376	0	0	0	3	4	50	50	1	0	5.16e-08	1	4.533
on_demand_tmr	2916735278	0	0	0	2	1	20	20	1	0	4.56e-08	1	2.6138
on_demand_tmr	2934884789	0	0	0	3	0	20	20	1	0	4.16e-08	1	4.0254
on_demand_tmr	2988170495	0	0	0	1	0	100	100	1	0	5.36e-08	1	4.3882
on_demand_tmr	3016409535	0	0	0	2	0	5	5	1	0	4.76e-08	1	1.3768
on_demand_tmr	3054710379	0	0	0	1	0	100	100	1	0	5.36e-08	1	4.3882
on_demand_tmr	3055725562	0	0	0	2	0	10	10	1	0	6.16e-08	1	1.978
on_demand_tmr	3090227151	0	0	0	2	0	100	100	1	0	4.16e-08	1	4.7034
on_demand_tmr	3162917124	0	0	0	1	0	2	2	1	0	5.36e-08	1	0.1356
on_demand_tmr	3221577357	0	0	0	2	4	100	100	1	0	4.76e-08	1	6.6182
on_demand_tmr	3236296140	0	0	0	1	3	10	10	1	0	4.96e-08	1	2.6634
on_demand_tmr	3241917967	0	0	0	1	4	100	100	1	0	4.76e-08	1	6.5706
on_demand_tmr	3246060440	0	0	0	3	1	10	10	1	0	5.16e-08	1	1.7616
on_demand_tmr	3288308347	0	0	0	3	2	10	10	1	0	6.96e-08	1	2.733
on_demand_tmr	3342060232	0	0	0	0	4	20	20	1	0	4.16e-08	1	3.835
on_demand_tmr	3404578439	0	0	0	0	4	100	100	1	0	4.16e-08	1	4.7866
on_demand_tmr	3422912237	0	0	0	1	2	20	20	1	0	8.66e-08	1	3.7458
on_demand_tmr	3427838916	0	0	0	1	0	50	50	1	0	5.36e-08	1	4.3882
on_demand_tmr	3508729950	0	0	0	1	0	1	1	1	0	5.36e-08	1	0.1356
on_demand_tmr	3537257926	0	0	0	0	1	100	100	1	0	4.16e-08	1	4.745
on_demand_tmr	3551698164	0	0	0	2	3	20	20	1	0	4.56e-08	1	3.3536
on_demand_tmr	3569380465	0	0	0	2	4	10	10	1	0	3.96e-08	1	3.6592
on_demand_tmr	3598922533	0	0	0	2	0	10	10	1	0	6.16e-08	1	1.978
on_demand_tmr	3676214696	0	0	0	4	0	20	20	1	0	6.16e-08	1	3.4152
on_demand_tmr	3689081274	0	0	0	1	0	1000	1000	1	0	3.96e-08	1	6.741
on_demand_tmr	3700331467	0	0	0	1	3	100	100	1	0	4.76e-08	1	6.0334
on_demand_tmr	3734302570	0	0	0	0	3	20	20	1	0	6.96e-08	1	3.0444
on_demand_tmr	3735808781	0	0	0	3	2	10	10	1	0	6.96e-08	1	2.733
on_demand_tmr	3756531075	0	0	0	0	1	10	10	1	0	8.66e-08	1	2.4174
on_demand_tmr	3835742287	0	0	0	4	0	100	100	1	0	3.96e-08	1	6.4238
on_demand_tmr	3898972518	0	0	0	2	1	5	5	1	0	4.36e-08	1	1.464
on_demand_tmr	3922454299	0	0	0	3	4	100	100	1	0	5.16e-08	1	4.533
on_demand_tmr	3951332186	0	0	0	3	1	10	10	1	0	5.16e-08	1	1.7616
on_demand_tmr	3992379293	0	0	0	2	0	1	1	1	0	4.16e-08	1	0.1772
on_demand_tmr	3996145894	0	0	0	0	1	10	10	1	0	8.66e-08	1	2.4174
on_demand_tmr	4121461923	0	0	0	3	1	10	10	1	0	5.36e-08	1	1.71
on_demand_tmr	4123464876	0	0	0	3	2	20	20	1	0	5.36e-08	1	3.9302
on_demand_tmr	4171809880	0	0	0	2	0	10	10	1	0	6.16e-08	1	1.978
on_demand_tmr	4241927404	0	0	0	4	0	20	20	1	0	6.16e-08	1	3.4152
always_on_tmr	209863025	0	3	1	1	3	20	20	2	1	2.44416e-15	5.55556e-14	1.6058
always_on_tmr	209863025	1	3	2	4	3	20	20	2	1	2.66256e-15	5.55556e-14	0.948
always_on_tmr	209863025	2	3	2	0	3	20	20	2	1	4.28736e-15	5.55556e-14	1.9848
always_on_tmr	213090925	0	3	1	1	2	20	20	2	1	4.12216e-15	5.55556e-14	2.7178
always_on_tmr	213090925	1	3	2	3	2	20	20	2	1	3.73056e-15	5.55556e-14	2.8566
always_on_tmr	213090925	2	3	2	4	2	20	20	2	1	2.44416e-15	5.55556e-14	1.5066
always_on_tmr	245643824	0	3	1	3	1	10	10	2	1	2.76576e-15	2.77778e-14	0.8448
always_on_tmr	245643824	1	3	2	4	1	10	10	2	1	5.86856e-15	2.77778e-14	1.8536
always_on_tmr	245643824	2	3	2	0	1	10	10	2	1	3.74136e-15	2.77778e-14	1.3558
always_on_tmr	559448305	0	3	1	0	3	100	100	2	1	1.73056e-15	2.77778e-13	4.6726
always_on_tmr	559448305	1	3	2	4	3	100	100	2	1	1.90096e-15	2.77778e-13	3.6398
always_on_tmr	559448305	2	3	2	2	3	100	100	2	1	2.55936e-15	2.77778e-13	3.4594
always_on_tmr	1616806818	0	3	1	2	0	5	5	2	1	2.65856e-15	1.38889e-14	0.4124
always_on_tmr	1616806818	1	3	2	3	0	5	5	2	1	1.81376e-15	1.38889e-14	0.67
always_on_tmr	1616806818	2	3	2	4	0	5	5	2	1	1.81376e-15	1.38889e-14	0.5848
always_on_tmr	1626524508	0	3	1	4	3	10	10	2	1	2.66256e-15	2.77778e-14	0.948
always_on_tmr	1626524508	1	3	2	0	3	10	10	2	1	4.28736e-15	2.77778e-14	1.9848
always_on_tmr	1626524508	2	3	2	1	3	10	10	2	1	2.44416e-15	2.77778e-14	1.6058
always_on_tmr	2218063371	0	3	0	1	4	20	20	2	1	3.17856e-15	5.55556e-14	2.4528
always_on_tmr	2540202348	0	3	0	4	1	20	20	2	1	5.86856e-15	5.55556e-14	1.8536
always_on_tmr	3039152824	0	3	0	2	1	100	100	2	1	2.77556e-14	2.77778e-13	4.5834
always_on_tmr	4245474140	0	3	0	0	2	20	20	2	1	2.44416e-15	5.55556e-14	2.9102
always_on_tmr	159409628	0	2	0	0	3	10	10	2	1	4.28736e-15	2.77778e-13	1.9848
always_on_tmr	551805837	0	2	0	0	3	20	20	2	1	4.28736e-15	5.55556e-13	1.9848
always_on_tmr	701345646	0	2	0	1	2	10	10	2	1	4.12216e-15	2.77778e-13	2.7178
always_on_tmr	966019558	0	2	0	0	4	20	20	2	1	2.14656e-15	5.55556e-13	2.7594
always_on_tmr	3002332164	0	2	0	4	3	100	100	2	1	1.90096e-15	2.77778e-12	3.6398
always_on_tmr	3045606781	0	2	0	3	0	100	100	2	1	2.46016e-15	2.77778e-12	4.8114
always_on_tmr	3171092755	0	2	0	2	1	1	1	2	1	1.81376e-15	2.77778e-14	0.286
always_on_tmr	4030485065	0	2	0	1	4	20	20	2	1	3.17856e-15	5.55556e-13	2.4528
always_on_tmr	4082262179	0	2	0	2	0	10	10	2	1	3.30176e-15	2.77778e-13	1.0096
always_on_tmr	729603858	0	1	0	0	3	1000	1000	2	1	2.07936e-15	2.77778e-11	5.8658
always_on_tmr	1193334582	0	1	0	3	4	10	10	2	1	2.07936e-15	2.77778e-13	2.544
always_on_tmr	1403755134	0	1	0	4	2	10	10	2	1	2.44416e-15	2.77778e-13	1.5066
always_on_tmr	1797911681	0	1	0	0	3	20	20	2	1	4.28736e-15	5.55556e-13	1.9848
always_on_tmr	2003414633	0	1	0	0	2	10	10	2	1	2.07936e-15	2.77778e-13	2.0304
always_on_tmr	2350670797	0	1	0	4	3	20	20	2	1	2.66256e-15	5.55556e-13	0.948
always_on_tmr	2493609638	0	1	0	2	0	5	5	2	1	2.65856e-15	1.38889e-13	0.4124
always_on_tmr	2496496573	0	1	0	4	2	20	20	2	1	2.44416e-15	5.55556e-13	1.5066
always_on_tmr	2777047658	0	1	0	2	0	20	20	2	1	2.43936e-15	5.55556e-13	3.3046
always_on_tmr	2826967841	0	1	0	1	4	10	10	2	1	3.17856e-15	2.77778e-13	2.4528
always_on_tmr	3065416702	0	1	0	2	3	50	50	2	1	2.55936e-15	1.38889e-12	3.4594
always_on_tmr	3483526232	0	1	0	3	4	20	20	2	1	2.07936e-15	5.55556e-13	2.544
always_on_tmr	3825138385	0	1	0	1	2	100	100	2	1	1.72656e-15	2.77778e-12	4.9422
always_on_tmr	4015216795	0	1	0	4	1	1000	1000	2	1	1.89696e-15	2.77778e-11	5.7746
always_on_tmr	4289986034	0	1	0	2	0	10	10	2	1	3.30176e-15	2.77778e-13	1.0096
always_on_tmr	1224999	0	0	0	4	1	10	10	1	0	1.346e-07	1	1.8536
always_on_tmr	1522760	0	0	0	0	2	20	20	1	0	5.36e-08	1	2.9102
always_on_tmr	4970954	0	0	0	4	3	10	10	1	0	5.16e-08	1	0.8964
always_on_tmr	51067184	0	0	0	0	2	1	1	1	0	3.96e-08	1	0.2444
always_on_tmr	81243363	0	0	0	0	4	10	10	1	0	5.16e-08	1	1.4074
always_on_tmr	84076457	0	0	0	0	2	20	20	1	0	5.36e-08	1	2.9102
always_on_tmr	238630432	0	0	0	4	3	10	10	1	0	5.16e-08	1	0.948
always_on_tmr	266753573	0	0	0	1	0	10	10	1	0	6.96e-08	1	0.7396
always_on_tmr	267385583	0	0	0	1	4	100	100	1	0	4.76e-08	1	3.6874
always_on_tmr	282650284	0	0	0	1	0	20	20	1	0	6.96e-08	1	0.7396
always_on_tmr	395797460	0	0	0	3	2	20	20	1	0	5.36e-08	1	2.8566
always_on_tmr	420188159	0	0	0	4	1	10	10	1	0	1.346e-07	1	1.8536
always_on_tmr	451689563	0	0	0	0	4	1000	1000	1	0	4.16e-08	1	5.6458
always_on_tmr	495514858	0	0	0	2	1	1	1	1	0	4.36e-08	1	0.2048
always_on_tmr	500245888	0	0	0	0	1	10	10	1	0	4.76e-08	1	1.3558
always_on_tmr	566132140	0	0	0	0	1	10	10	1	0	4.76e-08	1	1.3558
always_on_tmr	693827181	0	0	0	1	3	100	100	1	0	4.76e-08	1	4.631
always_on_tmr	708328433	0	0	0	0	1	1000	1000	1	0	4.16e-08	1	5.0234
always_on_tmr	745493199	0	0	0	1	2	20	20	1	0	8.66e-08	1	2.6702
always_on_tmr	767230700	0	0	0	0	1	20	20	1	0	4.76e-08	1	1.3558
always_on_tmr	768740365	0	0	0	3	1	10	10	1	0	5.16e-08	1	0.8448
always_on_tmr	779665336	0	0	0	1	4	20	20	1	0	6.16e-08	1	2.4012
always_on_tmr	825590921	0	0	0	1	2	10	10	1	0	8.66e-08	1	2.6702
always_on_tmr	848704658	0	0	0	1	2	10	10	1	0	4.76e-08	1	2.7178
always_on_tmr	856393150	0	0	0	3	0	100	100	1	0	4.96e-08	1	4.8114
always_on_tmr	861076064	0	0	0	1	3	10	10	1	0	5.36e-08	1	1.5602
always_on_tmr	869946093	0	0	0	0	2	5	5	1	0	4.56e-08	1	0.4996
always_on_tmr	946638330	0	0	0	0	3	10	10	1	0	6.96e-08	1	1.9232
always_on_tmr	994105087	0	0	0	4	2	100	100	1	0	4.56e-08	1	3.8994
always_on_tmr	1000992144	0	0	0	3	1	20	20	1	0	5.16e-08	1	0.8448
always_on_tmr	1052778516	0	0	0	3	1	20	20	1	0	5.36e-08	1	0.7932
always_on_tmr	1071121061	0	0	0	1	0	1	1	1	0	5.36e-08	1	0.1196
always_on_tmr	1127406415	0	0	0	3	0	10	10	1	0	4.36e-08	1	0.6284
always_on_tmr	1137640823	0	0	0	3	1	10	10	1	0	5.36e-08	1	0.7932
always_on_tmr	1147198568	0	0	0	0	3	20	20	1	0	6.96e-08	1	1.9232
always_on_tmr	1149323585	0	0	0	2	0	10	10	1	0	6.16e-08	1	1.0096
always_on_tmr	1183402027	0	0	0	1	0	10	10	1	0	6.96e-08	1	0.7396
always_on_tmr	1230222944	0	0	0	2	4	100	100	1	0	4.76e-08	1	4.859
always_on_tmr	1303484396	0	0	0	0	1	2	2	1	0	4.76e-08	1	0.3336
always_on_tmr	1399351190	0	0	0	0	4	10	10	1	0	5.16e-08	1	1.4074
always_on_tmr	1402246324	0	0	0	2	0	20	20	1	0	6.16e-08	1	1.0096
always_on_tmr	1438866309	0	0	0	1	2	100	100	1	0	4.36e-08	1	4.9026
always_on_tmr	1504175674	0	0	0	3	4	100	100	1	0	5.16e-08	1	3.511
always_on_tmr	1525615246	0	0	0	2	1	20	20	1	0	4.36e-08	1	2.803
always_on_tmr	1614906104	0	0	0	1	3	100	100	1	0	4.76e-08	1	4.631
always_on_tmr	1714145667	0	0	0	3	1	100	100	1	0	4.16e-08	1	3.5962
always_on_tmr	1735971357	0	0	0	1	0	20	20	1	0	6.96e-08	1	0.7396
always_on_tmr	1757382130	0	0	0	4	0	20	20	1	0	5.36e-08	1	3.0034
always_on_tmr	1794097856	0	0	0	3	2	20	20	1	0	5.36e-08	1	2.8566
always_on_tmr	1824442128	0	0	0	4	2	100	100	1	0	4.56e-08	1	3.8994
always_on_tmr	1856192815	0	0	0	1	2	2	2	1	0	4.16e-08	1	0.3752
always_on_tmr	1938204463	0	0	0	3	2	20	20	1	0	5.36e-08	1	2.8566
always_on_tmr	2048309164	0	0	0	1	0	2	2	1	0	5.36e-08	1	0.1196
always_on_tmr	2159250457	0	0	0	4	2	20	20	1	0	5.36e-08	1	1.5066
always_on_tmr	2188736358	0	0	0	1	3	20	20	1	0	4.56e-08	1	1.6058
always_on_tmr	2225678260	0	0	0	4	0	10	10	1	0	4.36e-08	1	0.5432
always_on_tmr	2266300430	0	0	0	3	2	10	10	1	0	6.96e-08	1	1.6754
always_on_tmr	2269416380	0	0	0	0	1	10	10	1	0	4.76e-08	1	1.3558
always_on_tmr	2271411281	0	0	0	2	3	50	50	1	0	4.96e-08	1	3.4078
always_on_tmr	2275362096	0	0	0	2	1	100	100	1	0	4.16e-08	1	4.4168
always_on_tmr	2275777028	0	0	0	0	1	10	10	1	0	7.86e-08	1	1.3082
always_on_tmr	2282448367	0	0	0	4	0	20	20	1	0	5.36e-08	1	3.0034
always_on_tmr	2326916038	0	0	0	1	4	100	100	1	0	4.76e-08	1	3.6874
always_on_tmr	2359325810	0	0	0	0	1	2	2	1	0	4.76e-08	1	0.3336
always_on_tmr	2378021708	0	0	0	4	1	10	10	1	0	1.346e-07	1	1.8536
always_on_tmr	2381918631	0	0	0	2	3	100	100	1	0	5.16e-08	1	3.4594
always_on_tmr	2475195701	0	0	0	4	1	1000	1000	1	0	4.56e-08	1	5.733
always_on_tmr	2478508007	0	0	0	3	0	100	100	1	0	4.96e-08	1	4.7618
always_on_tmr	2521183783	0	0	0	2	3	100	100	1	0	5.16e-08	1	3.4594
always_on_tmr	2619226324	0	0	0	4	0	20	20	1	0	5.36e-08	1	3.0034
always_on_tmr	2642652027	0	0	0	1	0	10	10	1	0	6.96e-08	1	0.7396
always_on_tmr	2703074692	0	0	0	4	1	20	20	1	0	1.346e-07	1	1.8536
always_on_tmr	2738734154	0	0	0	2	1	1000	1000	1	0	4.16e-08	1	5.6874
always_on_tmr	2767729605	0	0	0	4	2	20	20	1	0	5.36e-08	1	1.5066
always_on_tmr	2775278594	0	0	0	3	2	20	20	1	0	6.96e-08	1	1.6754
always_on_tmr	2826004916	0	0	0	1	4	20	20	1	0	6.16e-08	1	2.4012
always_on_tmr	2853389808	0	0	0	3	1	10	10	1	0	5.16e-08	1	0.8448
always_on_tmr	2913908376	0	0	0	3	4	50	50	1	0	5.16e-08	1	3.511
always_on_tmr	2916735278	0	0	0	2	1	20	20	1	0	4.36e-08	1	2.803
always_on_tmr	2934884789	0	0	0	3	0	20	20	1	0	4.16e-08	1	3.265
always_on_tmr	2988170495	0	0	0	1	0	100	100	1	0	5.36e-08	1	3.3582
always_on_tmr	3016409535	0	0	0	2	0	5	5	1	0	4.96e-08	1	0.4124
always_on_tmr	3054710379	0	0	0	1	0	100	100	1	0	5.36e-08	1	3.3582
always_on_tmr	3055725562	0	0	0	2	0	10	10	1	0	4.96e-08	1	0.4124
always_on_tmr	3090227151	0	0	0	2	0	100	100	1	0	4.16e-08	1	3.729
always_on_tmr	3162917124	0	0	0	1	0	2	2	1	0	5.36e-08	1	0.1196
always_on_tmr	3221577357	0	0	0	2	4	100	100	1	0	4.76e-08	1	4.859
always_on_tmr	3236296140	0	0	0	1	3	10	10	1	0	5.36e-08	1	1.5602
always_on_tmr	3241917967	0	0	0	1	4	100	100	1	0	4.76e-08	1	3.6874
always_on_tmr	3246060440	0	0	0	3	1	10	10	1	0	5.16e-08	1	0.8448
always_on_tmr	3288308347	0	0	0	3	2	10	10	1	0	6.96e-08	1	1.6754
always_on_tmr	3342060232	0	0	0	0	4	20	20	1	0	4.16e-08	1	2.7594
always_on_tmr	3404578439	0	0	0	0	4	100	100	1	0	4.16e-08	1	3.8538
always_on_tmr	3422912237	0	0	0	1	2	20	20	1	0	8.66e-08	1	2.6702
always_on_tmr	3427838916	0	0	0	1	0	50	50	1	0	5.36e-08	1	3.3582
always_on_tmr	3508729950	0	0	0	1	0	1	1	1	0	5.36e-08	1	0.1196
always_on_tmr	3537257926	0	0	0	0	1	100	100	1	0	4.16e-08	1	3.7706
always_on_tmr	3551698164	0	0	0	2	3	20	20	1	0	3.96e-08	1	2.9498
always_on_tmr	3569380465	0	0	0	2	4	10	10	1	0	3.96e-08	1	2.5836
always_on_tmr	3598922533	0	0	0	2	0	10	10	1	0	6.16e-08	1	1.0096
always_on_tmr	3676214696	0	0	0	4	0	20	20	1	0	5.36e-08	1	3.0034
always_on_tmr	3689081274	0	0	0	1	0	1000	1000	1	0	3.96e-08	1	4.9818
always_on_tmr	3700331467	0	0	0	1	3	100	100	1	0	4.76e-08	1	4.631
always_on_tmr	3734302570	0	0	0	0	3	20	20	1	0	6.96e-08	1	1.9232
always_on_tmr	3735808781	0	0	0	3	2	10	10	1	0	6.96e-08	1	1.6754
always_on_tmr	3756531075	0	0	0	0	1	10	10	1	0	7.86e-08	1	1.3082
always_on_tmr	3835742287	0	0	0	4	0	100	100	1	0	3.96e-08	1	4.7122
always_on_tmr	3898972518	0	0	0	2	1	5	5	1	0	4.16e-08	1	0.454
always_on_tmr	3922454299	0	0	0	3	4	100	100	1	0	5.16e-08	1	3.511
always_on_tmr	3951332186	0	0	0	3	1	10	10	1	0	5.36e-08	1	0.7932
always_on_tmr	3992379293	0	0	0	2	0	1	1	1	0	4.16e-08	1	0.1612
always_on_tmr	3996145894	0	0	0	0	1	10	10	1	0	7.86e-08	1	1.3082
always_on_tmr	4121461923	0	0	0	3	1	10	10	1	0	5.36e-08	1	0.7932
always_on_tmr	4123464876	0	0	0	3	2	20	20	1	0	5.36e-08	1	2.8566
always_on_tmr	4171809880	0	0	0	2	0	10	10	1	0	6.16e-08	1	1.0096
always_on_tmr	4241927404	0	0	0	4	0	20	20	1	0	5.36e-08	1	3.0034
