base_bandwidth_utilization	0.33172119999999999
expected_bandwidth_utilization	0.33172133497970274

rounded_expected_bandwidth_utilization	0.66344240000000021

bandwidth_utilization_p99	0.3317212000000001

[frame_summary]
frame_id	priority	period_ms	deadline_ms	trans_time_ms	expected_retry_count	expected_tx_count	rounded_expected_retry_count	rounded_expected_tx_count	retry_p99	tx_count_p99	expected_wcrt_ms	p_timeout	wcrt_p95_ms
0	27	20	20	0.041599999999999998	1.3868001131628879e-06	1.0000013868001132	1	2	0	1	1.3868001131628891	0	1.3867999999999996
1	44	1000	1000	0.039600000000000003	2.3296001900953778e-06	1.0000023296001901	1	2	0	1	2.3296001900953769	0	2.329600000000001
2	29	50	50	0.041599999999999998	1.4680001197888093e-06	1.0000014680001197	1	2	0	1	1.4680001197888095	0	1.4679999999999995
4	9	10	10	0.039600000000000003	4.6960003831936303e-07	1.0000004696000384	1	2	0	1	0.46960003831936314	0	0.46960000000000002
5	10	10	10	0.039600000000000003	5.0920004155072364e-07	1.0000005092000415	1	2	0	1	0.50920004155072351	0	0.5092000000000001
7	28	20	20	0.039600000000000003	1.4264001163942487e-06	1.0000014264001165	1	2	0	1	1.426400116394249	0	1.4263999999999994
10	11	10	10	0.049600000000000005	5.5280004510848341e-07	1.0000005528000451	1	2	0	1	0.55280004510848368	0	0.55280000000000007
12	30	50	50	0.0436	1.5116001233465692e-06	1.0000015116001233	1	2	0	1	1.5116001233465699	0	1.5115999999999996
13	12	10	10	0.041599999999999998	5.9440004850304434e-07	1.0000005944000485	1	2	0	1	0.59440004850304395	0	0.59440000000000004
14	31	50	50	0.039600000000000003	1.5512001265779309e-06	1.0000015512001266	1	2	0	1	1.55120012657793	0	1.5511999999999997
15	33	100	100	0.039600000000000003	1.6324001332038516e-06	1.0000016324001333	1	2	0	1	1.6324001332038509	0	1.6323999999999999
16	34	100	100	0.039600000000000003	1.6720001364352116e-06	1.0000016720001363	1	2	0	1	1.6720001364352106	0	1.6719999999999997
17	45	1000	1000	0.039600000000000003	2.3692001933267382e-06	1.0000023692001934	1	2	0	1	2.3692001933267375	0	2.3692000000000011
18	0	1	1	0.039600000000000003	1.0120000603152044e-07	1.0000001012000059	1	2	0	1	0.10120000603152038	0	0.10120000000000001
20	13	10	10	0.039600000000000003	6.3400005173440452e-07	1.0000006340000518	1	2	0	1	0.63400005173440432	0	0.63400000000000012
21	14	10	10	0.041599999999999998	6.7560005512896556e-07	1.0000006756000552	1	2	0	1	0.67560005512896459	0	0.67559999999999998
22	35	100	100	0.039600000000000003	1.7116001396665699e-06	1.0000017116001396	1	2	0	1	1.7116001396665712	0	1.7115999999999998
23	15	10	10	0.039600000000000003	7.1520005836032384e-07	1.0000007152000583	1	2	0	1	0.71520005836032485	0	0.71520000000000006
25	36	100	100	0.039600000000000003	1.7512001436750872e-06	1.0000017512001438	1	2	0	1	1.7512001428979427	1.1102230246251565e-16	1.7512000000000001
26	46	1000	1000	0.039600000000000003	2.4088001965581003e-06	1.0000024088001966	1	2	0	1	2.4088001965580972	0	2.4088000000000012
27	37	100	100	0.039600000000000003	1.7908001461292909e-06	1.0000017908001462	1	2	0	1	1.7908001461292924	0	1.7908000000000002
29	6	5	5	0.039600000000000003	3.508000286252822e-07	1.0000003508000286	1	2	0	1	0.35080002862528237	0	0.3508
34	38	100	100	0.039600000000000003	1.830400149360653e-06	1.0000018304001494	1	2	0	1	1.8304001493606523	0	1.8304
35	16	10	10	0.041599999999999998	7.5680006175488498e-07	1.0000007568000617	1	2	0	1	0.75680006175488523	0	0.75680000000000014
36	47	1000	1000	0.039600000000000003	2.4484001997894611e-06	1.0000024484001997	1	2	0	1	2.4484001997894578	0	2.4484000000000012
37	39	100	100	0.039600000000000003	1.8700001525920144e-06	1.0000018700001525	1	2	0	1	1.8700001525920131	0	1.8700000000000003
38	40	100	100	0.039600000000000003	1.909600155823893e-06	1.0000019096001558	1	2	0	1	1.9096001558238913	0	1.9096000000000004
39	1	1	1	0.041599999999999998	1.4280000879648063e-07	1.0000001428000087	1	2	0	1	0.14280000879648058	0	0.14280000000000001
41	4	2	2	0.039600000000000003	2.7160002216256187e-07	1.0000002716000223	1	2	0	1	0.27160002216256179	0	0.27160000000000001
42	17	10	10	0.039600000000000003	7.9640006498624475e-07	1.000000796400065	1	2	0	1	0.79640006498624527	0	0.7964
43	18	10	10	0.041599999999999998	8.3800006838080504e-07	1.0000008380000684	1	2	0	1	0.83800006838080565	0	0.83800000000000008
44	48	1000	1000	0.039600000000000003	2.4880002030208181e-06	1.000002488000203	1	2	0	1	2.4880002030208179	0	2.4880000000000013
46	41	100	100	0.041599999999999998	1.9492001590552712e-06	1.0000019492001591	1	2	0	1	1.9492001590552721	0	1.9492000000000005
47	49	1000	1000	0.039600000000000003	2.5276002062521785e-06	1.0000025276002062	1	2	0	1	2.5276002062521785	0	2.5276000000000014
49	7	5	5	0.039600000000000003	3.9040003185664265e-07	1.0000003904000319	1	2	0	1	0.39040003185664268	0	0.39040000000000002
50	19	10	10	0.039600000000000003	8.7760007161224877e-07	1.0000008776000715	1	2	0	1	0.87760007161224918	0	0.87759999999999994
52	50	1000	1000	0.039600000000000003	2.5276002062521785e-06	1.0000025276002062	1	2	0	1	2.5276002062521785	0	2.5276000000000014
53	20	10	10	0.041599999999999998	9.192000750068168e-07	1.0000009192000749	1	2	0	1	0.91920007500681666	0	0.9191999999999998
54	42	100	100	0.039600000000000003	1.9888006825556973e-06	1.0000019888006826	1	2	0	1	1.988800682555699	0	1.9888000000000006
55	2	1	1	0.039600000000000003	1.8240001123584087e-07	1.0000001824000113	1	2	0	1	0.18240001123584071	0	0.18240000000000001
56	21	10	10	0.039600000000000003	9.588002531231372e-07	1.0000009588002532	1	2	0	1	0.95880025312313666	0	0.95879999999999987
57	43	100	100	0.039600000000000003	2.028400696146399e-06	1.0000020284006961	1	2	0	1	2.0284006961463996	0	2.0284000000000009
59	3	1	1	0.061600000000000002	2.320000189312016e-07	1.000000232000019	1	2	0	1	0.23200001893120156	0	0.23199999999999998
61	8	5	5	0.039600000000000003	4.3000003508800252e-07	1.0000004300000351	1	2	0	1	0.43000003508800294	0	0.43000000000000005
62	22	10	10	0.041599999999999998	1.00040026410553e-06	1.0000010004002642	1	2	0	1	1.0004002641055301	0	1.0003999999999997
65	23	10	10	0.041599999999999998	1.2244000999110486e-06	1.0000012244001	1	2	0	1	1.224400099911048	0	1.2243999999999997
67	32	50	50	0.0436	1.592800129972492e-06	1.00000159280013	1	2	0	1	1.5928001299724905	0	1.5927999999999998
68	24	10	10	0.039600000000000003	1.2640001031424086e-06	1.0000012640001033	1	2	0	1	1.2640001031424082	0	1.2639999999999996
69	25	10	10	0.039600000000000003	1.3036001063737669e-06	1.0000013036001063	1	2	0	1	1.3036001063737686	0	1.3035999999999996
72	26	10	10	0.041599999999999998	1.345200109768328e-06	1.0000013452001097	1	2	0	1	1.3452001097683286	0	1.3451999999999995
75	5	2	2	0.039600000000000003	3.1120002539392227e-07	1.0000003112000253	1	2	0	1	0.31120002539392216	0	0.31120000000000003

[frame_retry_distribution]
frame_id	retry_count	probability
0	0	0.99999861320096173
0	1	1.3867979636243737e-06
0	2	1.0747683341077902e-12
0	3	6.1530333257159702e-19
0	4	2.9055345524667806e-25
0	5	1.1992124731881514e-31
1	0	0.99999767040271359
1	1	2.3295943828752542e-06
1	2	2.9036062018814459e-12
1	3	2.5732444378736636e-18
1	4	1.8186669497272356e-24
1	5	1.0903826481489967e-30
1	6	4.2008766222830401e-37
2	0	0.99999853200107758
2	1	1.4679977251889619e-06
2	2	1.1972988469645278e-12
2	3	7.1777341678330508e-19
2	4	3.534042893169281e-25
2	5	1.5152190439554659e-31
4	0	0.99999953040011025
4	1	4.6959974115655121e-07
4	2	1.4858134597769463e-13
4	3	3.9944723506146065e-20
4	4	9.8686035856550943e-27
4	5	2.3213091268359869e-33
5	0	0.99999949080012962
5	1	5.0919969916472917e-07
5	2	1.7119292488983894e-13
5	3	4.8248021487644736e-20
5	4	1.2378615814863743e-26
5	5	3.003052991098348e-33
7	0	0.9999985736010174
7	1	1.4263978489904213e-06
7	2	1.133700917867589e-12
7	3	6.6396656124748845e-19
7	4	3.2005632991878667e-25
7	5	1.3459705014698279e-31
10	0	0.99999944720015277
10	1	5.5279964930379093e-07
10	2	1.9790225830193272e-13
10	3	5.8612025272363526e-20
10	4	1.5653788043843817e-26
10	5	3.9257117788695015e-33
12	0	0.99999848840114258
12	1	1.5115975917207976e-06
12	2	1.2658117200167558e-12
12	3	7.7719809411740158e-19
12	4	3.9107618006278667e-25
12	5	1.7104006752534953e-31
13	0	0.99999940560017664
13	1	5.9439959818573622e-07
13	2	2.251585494198189e-13
13	3	6.9768299253085552e-20
13	4	1.9335842105402278e-26
13	5	5.0010525155560761e-33
14	0	0.99999844880120314
14	1	1.5511974672027084e-06
14	2	1.3296863603837516e-12
14	3	8.3392775879773473e-19
14	4	4.2782382741072303e-25
14	5	1.9045872813142384e-31
15	0	0.99999836760133243
15	1	1.6323972020687986e-06
15	2	1.4655660884271719e-12
15	3	9.5872844207594525e-19
15	4	5.1119286055829657e-25
15	5	2.3577937303298318e-31
16	0	0.99999832800139776
16	1	1.6719970679833713e-06
16	2	1.5342243843888273e-12
16	3	1.0238534350225214e-18
16	4	5.5599569202507689e-25
16	5	2.6079998385228041e-31
17	0	0.99999763080280668
17	1	2.3691941935717575e-06
17	2	2.9998734431108818e-12
17	3	2.6981153009840631e-18
17	4	1.9335511024563507e-24
17	5	1.1744862096142926e-30
17	6	5.2040127564552338e-37
18	0	0.99999989880000517
18	1	1.0119998372704138e-07
18	2	1.1152237542046581e-14
18	3	1.3223462964096524e-21
18	4	1.651475624726784e-28
18	5	2.1417129426682251e-35
20	0	0.99999936600020101
20	1	6.3399954630976263e-07
20	2	2.5271219853775546e-13
20	3	8.1605179112003978e-20
20	4	2.3400980420178304e-26
20	5	6.2284287433069996e-33
21	0	0.99999932440022832
21	1	6.7559948843587467e-07
21	2	2.8334640232893887e-13
21	3	9.5387443821356592e-20
21	4	2.831920964933774e-26
21	5	7.7621847669701833e-33
22	0	0.99999828840146476
22	1	1.7115969307616304e-06
22	2	1.604450831972762e-12
22	3	1.0918563044129015e-18
22	4	6.0367430393197985e-25
22	5	2.8789611117339454e-31
22	6	6.2376951945582205e-38
23	0	0.99999928480025579
23	1	7.1519943012886611e-07
23	2	3.1411556408076764e-13
23	3	1.0985461453951952e-19
23	4	3.3675856185347594e-26
23	5	1.562828174514814e-32
25	0	0.99999824880153332
25	1	1.7511967904035808e-06
25	2	1.676245430992679e-12
25	3	1.1627991489172544e-18
25	4	6.5434878569662773e-25
25	5	4.8837173893645287e-31
25	6	6.9279160949594314e-38
25	7	1.1102230246251565e-16
26	0	0.99999759120290121
26	1	2.408794001131954e-06
26	2	3.0977088326826482e-12
26	3	2.8269573520506957e-18
26	4	2.0537878310333239e-24
26	5	1.2636952190697168e-30
26	6	5.7003593867488635e-37
27	0	0.99999820920160354
27	1	1.7907966469092181e-06
27	2	1.7496081812622765e-12
27	3	1.2367440671958816e-18
27	4	7.0814218529879306e-25
27	5	5.3407518921134291e-31
27	6	7.6738934932688795e-38
29	0	0.99999964920006157
29	1	3.5079984831411266e-07
29	2	9.0155553660033586e-14
29	3	2.0740415561671518e-20
29	4	4.539404639502413e-27
29	5	9.6914186395401238e-34
34	0	0.99999816960167531
34	1	1.8303965002785465e-06
34	2	1.8245390825952597e-12
34	3	1.3137528142215059e-18
34	4	1.1088572317386619e-24
34	5	6.5609389273425256e-31
34	6	1.1052928700182677e-37
35	0	0.99999924320028644
35	1	7.5679936549914595e-07
35	2	3.4812767972238833e-13
35	3	1.2653715616165425e-19
35	4	4.0077007520111407e-26
35	5	1.8919315555234071e-32
36	0	0.99999755160299741
36	1	2.4483938055558408e-06
36	2	3.1971123704104425e-12
36	3	2.9598326895705438e-18
36	4	2.1795406910728413e-24
36	5	1.358238393537801e-30
36	6	6.2347134619753733e-37
37	0	0.99999813000174864
37	1	1.8699963505115632e-06
37	2	1.9010381348053387e-12
37	3	1.3938881550269241e-18
37	4	1.1902295500128414e-24
37	5	7.130611147551245e-31
37	6	2.352712282891272e-37
38	0	0.99999809040182341
38	1	1.9095961976082683e-06
38	2	1.9791048199723194e-12
38	3	1.9949456433521756e-18
38	4	1.3859042646378295e-24
38	5	7.9600764050547247e-31
38	6	2.6176685785823563e-37
39	0	0.99999985720001028
39	1	1.4279997081168309e-07
39	2	1.8992394948022287e-14
39	3	2.5542570512252543e-21
39	4	3.5078037778985065e-28
39	5	4.9145350281473849e-35
41	0	0.99999972840003692
41	1	2.7159990407089702e-07
41	2	5.9045814326874381e-14
41	3	1.2071208689092908e-20
41	4	2.4200359422847463e-27
41	5	4.8279388356249022e-34
42	0	0.99999920360031713
42	1	7.9639930076110644e-07
42	2	3.8211235332481049e-13
42	3	1.4389569079845875e-19
42	4	7.3217231000188111e-26
42	5	2.7067585576911461e-32
43	0	0.99999916200035111
43	1	8.3799922937555378e-07
43	2	4.1950237999400767e-13
43	3	1.6375279180650335e-19
43	4	8.4992260328789201e-26
43	5	3.2047801988931066e-32
44	0	0.99999751200309517
44	1	2.4879936068434157e-06
44	2	3.298084056107969e-12
44	3	3.0968034120307487e-18
44	4	2.3109756972825249e-24
44	5	1.4583511968762613e-30
44	6	6.8670551534484668e-37
46	0	0.99999805080189974
46	1	1.9491960415686592e-06
46	2	2.0587401525450795e-12
46	3	2.1023524217877267e-18
46	4	1.4805217295987383e-24
46	5	8.6175817512644823e-31
46	6	2.8912278406404155e-37
47	0	0.99999747240319448
47	1	2.5275934049946856e-06
47	2	3.4006238895889347e-12
47	3	3.2379316179086163e-18
47	4	2.4482613234624858e-24
47	5	1.5642759257702038e-30
47	6	7.4877677259708383e-37
49	0	0.99999960960007628
49	1	3.9039981573124351e-07
49	2	1.0806266017649496e-13
49	3	2.6253019526743434e-20
49	4	5.9909024213334861e-27
49	5	1.3219358685115113e-33
50	0	0.99999912240038513
50	1	8.7759915820648343e-07
50	2	4.5670248136118418e-13
50	3	2.6756636413784748e-19
50	4	1.1182548875252097e-25
50	5	3.9959880703017103e-32
52	0	0.99999747240319448
52	1	2.5275934049946856e-06
52	2	3.4006238895889347e-12
52	3	3.2379316179086163e-18
52	4	2.4482613234624858e-24
52	5	1.5642759257702038e-30
52	6	7.4877677259708383e-37
53	0	0.99999908080042255
53	1	9.1919908006510028e-07
53	2	4.974704107990264e-13
53	3	2.9830838325332249e-19
53	4	1.275577758399675e-25
53	5	4.6570040708252534e-32
54	0	0.99999801120197773
54	1	1.9887953621238068e-06
54	2	2.6602124593034625e-12
54	3	2.3239870835268655e-18
54	4	1.6020985080868641e-24
54	5	9.3617150209804261e-31
54	6	3.4461511572977123e-37
55	0	0.99999981760001666
55	1	1.823999554944056e-07
55	2	2.7870711482709232e-14
55	3	4.0990080308439716e-21
55	4	5.9920818368667549e-28
55	5	8.7911413212962339e-35
56	0	0.99999904120045968
56	1	9.5879882758007708e-07
56	2	7.1277099026091398e-13
56	3	3.5982494534628025e-19
56	4	1.4930380300113939e-25
56	5	5.4593785306605807e-32
57	0	0.99999797160205728
57	1	2.0283951894522645e-06
57	2	2.7533434054896762e-12
57	3	2.4411018666978138e-18
57	4	1.7067583396777442e-24
57	5	1.0107240961221518e-30
57	6	3.8083426024553677e-37
59	0	0.99999976800002699
59	1	2.3199992724481149e-07
59	2	4.5843181882771008e-14
59	3	8.7904077553992725e-21
59	4	1.6831108882892895e-27
59	5	3.2435934178387272e-34
61	0	0.99999957000009243
61	1	4.2999978001205593e-07
61	2	1.2753792434448087e-13
61	3	3.2633755845400875e-20
61	4	7.7537437818126675e-27
61	5	1.767107534204507e-33
62	0	0.99999899960050043
62	1	1.0003987350950394e-06
62	2	7.6450465097604635e-13
62	3	3.9621740484496216e-19
62	4	1.6840925225371744e-25
62	5	6.2938922641712106e-32
65	0	0.99999877560074968
65	1	1.2243984009346447e-06
65	2	8.4948754125027013e-13
65	3	4.4048717863842961e-19
65	4	1.9027370845835859e-25
65	5	7.2451568250310461e-32
67	0	0.99999840720126854
67	1	1.5927973330179141e-06
67	2	1.398475944274089e-12
67	3	8.964192268931832e-19
67	4	4.6914800803837999e-25
67	5	2.1271295491181183e-31
68	0	0.99999873600079892
68	1	1.2639982991627446e-06
68	2	9.0198911268022003e-13
68	3	4.7957719044005561e-19
68	4	2.1186257317206592e-25
68	5	8.2320931438734302e-32
69	0	0.99999869640084982
69	1	1.3035981942545289e-06
69	2	9.5605883765186782e-13
69	3	5.2090527363231665e-19
69	4	2.3523135778924091e-25
69	5	9.3233407398861872e-32
72	0	0.99999865480090477
72	1	1.3451980806700082e-06
72	2	1.0145483096541752e-12
72	3	5.6679911878868371e-19
72	4	2.6180140828286021e-25
72	5	1.0590849185262801e-31
75	0	0.99999968880004853
75	1	3.1119987776066419e-07
75	2	7.3816604981394337e-14
75	3	1.6033844951846399e-20
75	4	3.3610346893790646e-27
75	5	6.9383595263593932e-34

[frame_retry_cdf]
frame_id	retry_count	cumulative_probability
0	0	0.99999861320096173
0	1	0.9999999999989253
0	2	1
0	3	1
0	4	1
0	5	1
1	0	0.99999767040271359
1	1	0.99999999999709643
1	2	1
1	3	1
1	4	1
1	5	1
1	6	1
2	0	0.99999853200107758
2	1	0.99999999999880274
2	2	1
2	3	1
2	4	1
2	5	1
4	0	0.99999953040011025
4	1	0.99999999999985145
4	2	1
4	3	1
4	4	1
4	5	1
5	0	0.99999949080012962
5	1	0.9999999999998288
5	2	1
5	3	1
5	4	1
5	5	1
7	0	0.9999985736010174
7	1	0.99999999999886635
7	2	1
7	3	1
7	4	1
7	5	1
10	0	0.99999944720015277
10	1	0.99999999999980205
10	2	1
10	3	1
10	4	1
10	5	1
12	0	0.99999848840114258
12	1	0.99999999999873435
12	2	1
12	3	1
12	4	1
12	5	1
13	0	0.99999940560017664
13	1	0.99999999999977485
13	2	1
13	3	1
13	4	1
13	5	1
14	0	0.99999844880120314
14	1	0.9999999999986704
14	2	1
14	3	1
14	4	1
14	5	1
15	0	0.99999836760133243
15	1	0.99999999999853451
15	2	1
15	3	1
15	4	1
15	5	1
16	0	0.99999832800139776
16	1	0.99999999999846578
16	2	1
16	3	1
16	4	1
16	5	1
17	0	0.99999763080280668
17	1	0.99999999999700029
17	2	1
17	3	1
17	4	1
17	5	1
17	6	1
18	0	0.99999989880000517
18	1	0.9999999999999889
18	2	1
18	3	1
18	4	1
18	5	1
20	0	0.99999936600020101
20	1	0.99999999999974731
20	2	1
20	3	1
20	4	1
20	5	1
21	0	0.99999932440022832
21	1	0.99999999999971678
21	2	1
21	3	1
21	4	1
21	5	1
22	0	0.99999828840146476
22	1	0.99999999999839551
22	2	1
22	3	1
22	4	1
22	5	1
22	6	1
23	0	0.99999928480025579
23	1	0.99999999999968592
23	2	1
23	3	1
23	4	1
23	5	1
25	0	0.99999824880153332
25	1	0.99999999999832367
25	2	0.99999999999999989
25	3	0.99999999999999989
25	4	0.99999999999999989
25	5	0.99999999999999989
25	6	0.99999999999999989
25	7	1
26	0	0.99999759120290121
26	1	0.99999999999690237
26	2	1
26	3	1
26	4	1
26	5	1
26	6	1
27	0	0.99999820920160354
27	1	0.9999999999982504
27	2	1
27	3	1
27	4	1
27	5	1
27	6	1
29	0	0.99999964920006157
29	1	0.99999999999990985
29	2	1
29	3	1
29	4	1
29	5	1
34	0	0.99999816960167531
34	1	0.99999999999817557
34	2	1
34	3	1
34	4	1
34	5	1
34	6	1
35	0	0.99999924320028644
35	1	0.99999999999965195
35	2	1
35	3	1
35	4	1
35	5	1
36	0	0.99999755160299741
36	1	0.999999999996803
36	2	1
36	3	1
36	4	1
36	5	1
36	6	1
37	0	0.99999813000174864
37	1	0.99999999999809919
37	2	1
37	3	1
37	4	1
37	5	1
37	6	1
38	0	0.99999809040182341
38	1	0.99999999999802103
38	2	1
38	3	1
38	4	1
38	5	1
38	6	1
39	0	0.99999985720001028
39	1	0.99999999999998113
39	2	1
39	3	1
39	4	1
39	5	1
41	0	0.99999972840003692
41	1	0.99999999999994105
41	2	1
41	3	1
41	4	1
41	5	1
42	0	0.99999920360031713
42	1	0.99999999999961786
42	2	1
42	3	1
42	4	1
42	5	1
43	0	0.99999916200035111
43	1	0.99999999999958045
43	2	1
43	3	1
43	4	1
43	5	1
44	0	0.99999751200309517
44	1	0.99999999999670197
44	2	1
44	3	1
44	4	1
44	5	1
44	6	1
46	0	0.99999805080189974
46	1	0.99999999999794131
46	2	1
46	3	1
46	4	1
46	5	1
46	6	1
47	0	0.99999747240319448
47	1	0.9999999999965995
47	2	1
47	3	1
47	4	1
47	5	1
47	6	1
49	0	0.99999960960007628
49	1	0.99999999999989198
49	2	1
49	3	1
49	4	1
49	5	1
50	0	0.99999912240038513
50	1	0.99999999999954337
50	2	1
50	3	1
50	4	1
50	5	1
52	0	0.99999747240319448
52	1	0.9999999999965995
52	2	1
52	3	1
52	4	1
52	5	1
52	6	1
53	0	0.99999908080042255
53	1	0.99999999999950262
53	2	1
53	3	1
53	4	1
53	5	1
54	0	0.99999801120197773
54	1	0.99999999999733991
54	2	1
54	3	1
54	4	1
54	5	1
54	6	1
55	0	0.99999981760001666
55	1	0.99999999999997213
55	2	1
55	3	1
55	4	1
55	5	1
56	0	0.99999904120045968
56	1	0.99999999999928724
56	2	1
56	3	1
56	4	1
56	5	1
57	0	0.99999797160205728
57	1	0.99999999999724676
57	2	1
57	3	1
57	4	1
57	5	1
57	6	1
59	0	0.99999976800002699
59	1	0.99999999999995426
59	2	1
59	3	1
59	4	1
59	5	1
61	0	0.99999957000009243
61	1	0.99999999999987244
61	2	1
61	3	1
61	4	1
61	5	1
62	0	0.99999899960050043
62	1	0.9999999999992355
62	2	1
62	3	1
62	4	1
62	5	1
65	0	0.99999877560074968
65	1	0.99999999999915057
65	2	1
65	3	1
65	4	1
65	5	1
67	0	0.99999840720126854
67	1	0.99999999999860156
67	2	1
67	3	1
67	4	1
67	5	1
68	0	0.99999873600079892
68	1	0.99999999999909805
68	2	1
68	3	1
68	4	1
68	5	1
69	0	0.99999869640084982
69	1	0.9999999999990441
69	2	1
69	3	1
69	4	1
69	5	1
72	0	0.99999865480090477
72	1	0.99999999999898548
72	2	1
72	3	1
72	4	1
72	5	1
75	0	0.99999968880004853
75	1	0.99999999999992628
75	2	1
75	3	1
75	4	1
75	5	1

[frame_wcrt_distribution]
frame_id	response_time_ms	probability
0	1.3867999999999996	0.99999861320096173
0	1.4683999999999995	1.3867979636243737e-06
0	1.5499999999999996	1.0747683341077902e-12
0	1.6124000000000001	1.0382104335251053e-39
0	1.6315999999999997	6.1530333257159702e-19
0	1.7131999999999996	2.9055345524667806e-25
0	1.7947999999999995	1.1992124628060471e-31
1	2.2936000000000014	8.1151147711214807e-40
1	2.329600000000001	0.99999767040271359
1	2.4112000000000009	2.3295943828752542e-06
1	2.4760000000000009	2.2779844773727376e-32
1	2.4928000000000008	2.9036062018814459e-12
1	2.5576000000000008	5.496128332778976e-38
1	2.5744000000000011	2.5732444378736636e-18
1	2.656000000000001	1.8186669497272356e-24
1	2.7376000000000009	1.0676028025637576e-30
1	2.8192000000000013	3.6512637890051426e-37
2	1.4679999999999995	0.99999853200107758
2	1.5495999999999994	1.4679977251889619e-06
2	1.6311999999999995	1.1972988469645278e-12
2	1.6936	1.0382104335251053e-39
2	1.7127999999999997	7.1777341678330508e-19
2	1.7943999999999996	3.534042893169281e-25
2	1.8759999999999994	1.5152190335733616e-31
4	0.46960000000000002	0.99999953040011025
4	0.55120000000000002	4.6959974115655121e-07
4	0.63280000000000003	1.4858134597769463e-13
4	0.71440000000000003	3.9944723506146065e-20
4	0.79600000000000004	9.8686035856550943e-27
4	0.87760000000000005	2.3213091268359869e-33
5	0.5092000000000001	0.99999949080012962
5	0.5908000000000001	5.0919969916472917e-07
5	0.67240000000000011	1.7119292488983894e-13
5	0.75400000000000011	4.8248021487644736e-20
5	0.83560000000000012	1.2378615814863743e-26
5	0.91720000000000013	3.003052991098348e-33
7	1.4263999999999994	0.9999985736010174
7	1.5079999999999996	1.4263978489904213e-06
7	1.5895999999999995	1.133700917867589e-12
7	1.6520000000000001	8.1151147711214807e-40
7	1.6711999999999994	6.6396656124748845e-19
7	1.7527999999999995	3.2005632991878667e-25
7	1.8343999999999996	1.3459704933547132e-31
10	0.55280000000000007	0.99999944720015277
10	0.63440000000000007	5.5279964930379093e-07
10	0.71600000000000008	1.9790225830193272e-13
10	0.79760000000000009	5.8612025272363526e-20
10	0.87920000000000009	1.5653788043843817e-26
10	0.9608000000000001	3.9257117788695015e-33
12	1.5115999999999996	0.99999848840114258
12	1.5931999999999995	1.5115975917207976e-06
12	1.6747999999999996	1.2658117200167558e-12
12	1.7372000000000001	1.312959050936332e-39
12	1.7563999999999997	7.7719809411740158e-19
12	1.8379999999999996	3.9107618006278667e-25
12	1.9195999999999995	1.7104006621239049e-31
13	0.59440000000000004	0.99999940560017664
13	0.67600000000000005	5.9439959818573622e-07
13	0.75760000000000005	2.251585494198189e-13
13	0.83920000000000006	6.9768299253085552e-20
13	0.92080000000000006	1.9335842105402278e-26
13	1.0024000000000002	5.0010525155560761e-33
14	1.5511999999999997	0.99999844880120314
14	1.6327999999999996	1.5511974672027084e-06
14	1.7143999999999997	1.3296863603837516e-12
14	1.7768000000000002	8.1151147711214807e-40
14	1.7959999999999998	8.3392775879773473e-19
14	1.8775999999999997	4.2782382741072303e-25
14	1.9591999999999996	1.9045872731991237e-31
15	1.6323999999999999	0.99999836760133243
15	1.714	1.6323972020687986e-06
15	1.7955999999999999	1.4655660884271719e-12
15	1.8580000000000005	8.1151147711214807e-40
15	1.8771999999999998	9.5872844207594525e-19
15	1.9587999999999999	5.1119286055829657e-25
15	2.0404	2.3577937222147171e-31
16	1.6719999999999997	0.99999832800139776
16	1.7535999999999996	1.6719970679833713e-06
16	1.8351999999999997	1.5342243843888273e-12
16	1.8976000000000002	8.1151147711214807e-40
16	1.9167999999999998	1.0238534350225214e-18
16	1.9983999999999997	5.5599569202507689e-25
16	2.0799999999999996	2.6079998304076894e-31
17	2.3332000000000015	8.1151147711214807e-40
17	2.3692000000000011	0.99999763080280668
17	2.450800000000001	2.3691941935717575e-06
17	2.5156000000000009	2.471024978949695e-32
17	2.5324000000000009	2.9998734431108818e-12
17	2.5972000000000008	6.2425795389765704e-38
17	2.6140000000000012	2.6981153009840631e-18
17	2.6956000000000011	1.9335511024563507e-24
17	2.777200000000001	1.1497759590132841e-30
17	2.8588000000000013	4.5797548025575774e-37
18	0.10120000000000001	0.99999989880000517
18	0.1608	1.0119998372704138e-07
18	0.22040000000000001	1.1152237542046581e-14
18	0.28000000000000003	1.3223462964096524e-21
18	0.33960000000000001	1.651475624726784e-28
18	0.3992	2.1417129426682251e-35
20	0.63400000000000012	0.99999936600020101
20	0.71560000000000012	6.3399954630976263e-07
20	0.79720000000000013	2.5271219853775546e-13
20	0.87880000000000014	8.1605179112003978e-20
20	0.96040000000000014	2.3400980420178304e-26
20	1.0420000000000003	6.2284287433069996e-33
21	0.67559999999999998	0.99999932440022832
21	0.75719999999999998	6.7559948843587467e-07
21	0.83879999999999999	2.8334640232893887e-13
21	0.9204	9.5387443821356592e-20
21	1.002	2.831920964933774e-26
21	1.0836000000000001	7.7621847669701833e-33
22	1.7115999999999998	0.99999828840146476
22	1.7931999999999997	1.7115969307616304e-06
22	1.8747999999999998	1.604450831972762e-12
22	1.9372000000000003	8.1151147711214807e-40
22	1.9563999999999999	1.0918563044129015e-18
22	2.0379999999999998	6.0367430393197985e-25
22	2.1195999999999997	1.8351702635234527e-31
22	2.2012	2.6554048085374146e-38
22	2.3811999999999998	1.0437908400953778e-31
22	2.4627999999999997	3.582290386020806e-38
23	0.71520000000000006	0.99999928480025579
23	0.79680000000000006	7.1519943012886611e-07
23	0.87840000000000007	3.1411556408076764e-13
23	0.96000000000000008	1.0985461453951952e-19
23	1.1232000000000002	3.841527481976798e-33
23	1.2240000000000002	3.3675856185347594e-26
23	1.3056000000000001	1.1786754263171343e-32
25	1.7512000000000001	0.99999824880153332
25	1.8328000000000002	1.7511967904035808e-06
25	1.9144000000000001	1.676245430992679e-12
25	1.9768000000000008	8.1151147711214807e-40
25	1.996	1.1627991489172544e-18
25	2.1592000000000002	1.4982974924539453e-31
25	2.3392000000000004	6.5434878569662773e-25
25	2.4208000000000003	3.3854198887954652e-31
25	2.5024000000000006	6.9279160949594314e-38
25	100.08159999999999	1.1102230246251565e-16
26	2.3728000000000016	8.1151147711214807e-40
26	2.4088000000000012	0.99999759120290121
26	2.4904000000000011	2.408794001131954e-06
26	2.572000000000001	3.0977088326826482e-12
26	2.6368000000000009	7.0716664536166392e-38
26	2.6536000000000013	2.8269573520506957e-18
26	2.7352000000000012	2.0537878310333239e-24
26	2.8168000000000011	1.2636952182582054e-30
26	2.8984000000000014	4.9931927413872004e-37
27	1.7908000000000002	0.99999820920160354
27	1.8724000000000003	1.7907966469092181e-06
27	1.9540000000000002	1.7496081812622765e-12
27	2.0164000000000009	8.1151147711214807e-40
27	2.0356000000000001	1.2367440671958816e-18
27	2.1988000000000003	1.6552971869141073e-31
27	2.3788000000000005	7.0814218529879306e-25
27	2.4604000000000004	3.6854546970842045e-31
27	2.5420000000000007	7.6738934932688795e-38
29	0.3508	0.99999964920006157
29	0.43240000000000001	3.5079984831411266e-07
29	0.51400000000000001	9.0155553660033586e-14
29	0.59560000000000002	2.0740415561671518e-20
29	0.67720000000000002	4.539404639502413e-27
29	0.75880000000000003	9.6914186395401238e-34
34	1.8304	0.99999816960167531
34	1.9119999999999999	1.8303965002785465e-06
34	1.9936	1.8245390825952597e-12
34	2.0560000000000005	8.1151147711214807e-40
34	2.2383999999999999	1.1338990008242305e-31
34	2.3368000000000002	1.3137528142215059e-18
34	2.4184000000000001	1.1088572317386619e-24
34	2.5	5.4270399184031821e-31
34	2.5815999999999999	1.1052928700182677e-37
35	0.75680000000000014	0.99999924320028644
35	0.83840000000000015	7.5679936549914595e-07
35	0.92000000000000015	3.4812767972238833e-13
35	1.0016000000000003	1.2653715616165425e-19
35	1.1648000000000001	4.7570981766215219e-33
35	1.2656000000000003	4.0077007520111407e-26
35	1.3472000000000004	1.4162217378612549e-32
36	2.4124000000000017	8.1151147711214807e-40
36	2.4484000000000012	0.99999755160299741
36	2.5300000000000011	2.4483938055558408e-06
36	2.611600000000001	3.1971123704104425e-12
36	2.6764000000000019	7.9905510383556946e-38
36	2.6932000000000014	2.9598326895705438e-18
36	2.7748000000000013	2.1795406910728413e-24
36	2.8564000000000012	1.3582383927262894e-30
36	2.9380000000000015	5.4356583581398029e-37
37	1.8700000000000003	0.99999813000174864
37	1.9516000000000004	1.8699963505115632e-06
37	2.0332000000000003	1.9010381348053387e-12
37	2.095600000000001	8.1151147711214807e-40
37	2.2780000000000005	2.5505256985866979e-32
37	2.3596000000000004	2.7823388175992947e-38
37	2.3764000000000007	1.3938881550269241e-18
37	2.4580000000000006	1.1902295500128414e-24
37	2.5396000000000005	6.8755585695774602e-31
37	2.6212000000000009	2.0744784011313423e-37
38	1.9096000000000004	0.99999809040182341
38	1.9912000000000005	1.9095961976082683e-06
38	2.1352000000000011	8.1151147711214807e-40
38	2.3176000000000005	1.7358788386904532e-32
38	2.3344000000000005	1.9791048199723194e-12
38	2.3992000000000004	3.2083656185707905e-38
38	2.4160000000000008	1.9949456433521756e-18
38	2.4976000000000007	1.3859042646378295e-24
38	2.5792000000000006	7.7864885130705629e-31
38	2.6608000000000009	2.2968320167252771e-37
39	0.14280000000000001	0.99999985720001028
39	0.20440000000000003	1.4279997081168309e-07
39	0.26600000000000001	1.8992394948022287e-14
39	0.3276	2.5542570512252543e-21
39	0.38919999999999999	3.5078037778985065e-28
39	0.45079999999999998	4.9145350281473849e-35
41	0.27160000000000001	0.99999972840003692
41	0.35320000000000001	2.7159990407089702e-07
41	0.43480000000000002	5.9045814326874381e-14
41	0.51639999999999997	1.2071208689092908e-20
41	0.59800000000000009	2.4200359422847463e-27
41	0.67959999999999998	4.8279388356249022e-34
42	0.7964	0.99999920360031713
42	0.878	7.9639930076110644e-07
42	0.95960000000000001	3.8211235332481049e-13
42	1.2044000000000001	3.2032919642786355e-33
42	1.2236000000000002	1.4389569079845875e-19
42	1.3052000000000004	7.3217231000188111e-26
42	1.3868000000000005	2.3864293612632826e-32
43	0.83800000000000008	0.99999916200035111
43	0.91960000000000008	8.3799922937555378e-07
43	1.0012000000000001	4.1950237999400767e-13
43	1.246	4.0676667195131272e-33
43	1.2652000000000001	1.6375279180650335e-19
43	1.3468000000000002	8.4992260328789201e-26
43	1.4284000000000003	2.798013526941794e-32
44	2.4520000000000017	8.1151147711214807e-40
44	2.4880000000000013	0.99999751200309517
44	2.5696000000000012	2.4879936068434157e-06
44	2.6512000000000011	3.298084056107969e-12
44	2.7328000000000015	3.0968034120307487e-18
44	2.8144000000000013	2.3109756972825249e-24
44	2.8960000000000012	1.4583511960647497e-30
44	2.9776000000000016	6.8670551534484668e-37
46	1.9492000000000005	0.99999805080189974
46	2.0308000000000006	1.9491960415686592e-06
46	2.1748000000000012	1.0382104335251053e-39
46	2.3572000000000006	1.9819873217823984e-32
46	2.3740000000000006	2.0587401525450795e-12
46	2.4388000000000005	3.6618743064789854e-38
46	2.4556000000000009	2.1023524217877267e-18
46	2.5372000000000008	1.4805217295987383e-24
46	2.6188000000000007	8.4193830087041373e-31
46	2.700400000000001	2.5250404099925166e-37
47	2.4916000000000018	8.1151147711214807e-40
47	2.5276000000000014	0.99999747240319448
47	2.6092000000000013	2.5275934049946856e-06
47	2.6908000000000012	3.4006238895889347e-12
47	2.7724000000000015	3.2379316179086163e-18
47	2.8540000000000014	2.4482613234624858e-24
47	2.9356000000000013	1.5642759249586922e-30
47	3.0172000000000017	7.4877677259708383e-37
49	0.39040000000000002	0.99999960960007628
49	0.47200000000000003	3.9039981573124351e-07
49	0.55360000000000009	1.0806266017649496e-13
49	0.63519999999999999	2.6253019526743434e-20
49	0.7168000000000001	5.9909024213334861e-27
49	0.7984	1.3219358685115113e-33
50	0.87759999999999994	0.99999912240038513
50	0.95919999999999994	8.7759915820648343e-07
50	1.2232000000000001	4.5670248136118418e-13
50	1.2856000000000001	4.6253460620844241e-33
50	1.3048000000000002	2.6756636413784748e-19
50	1.3864000000000001	1.1182548875252097e-25
50	1.468	3.5334534640932667e-32
52	2.4916000000000018	8.1151147711214807e-40
52	2.5276000000000014	0.99999747240319448
52	2.6092000000000013	2.5275934049946856e-06
52	2.6908000000000012	3.4006238895889347e-12
52	2.7724000000000015	3.2379316179086163e-18
52	2.8540000000000014	2.4482613234624858e-24
52	2.9356000000000013	1.5642759249586922e-30
52	3.0172000000000017	7.4877677259708383e-37
53	0.9191999999999998	0.99999908080042255
53	1.0007999999999999	9.1919908006510028e-07
53	1.2647999999999999	4.974704107990264e-13
53	1.3271999999999999	5.807038967735488e-33
53	1.3464	2.9830838325332249e-19
53	1.4279999999999999	1.275577758399675e-25
53	1.5095999999999998	4.0763001740517054e-32
54	1.9888000000000006	0.99999801120197773
54	2.2144000000000013	8.1151147711214807e-40
54	2.3320000000000007	1.9887953621238068e-06
54	2.3968000000000007	2.0201620246508013e-32
54	2.4136000000000006	2.6602124593034625e-12
54	2.4784000000000006	4.2246531890981685e-38
54	2.495200000000001	2.3239870835268655e-18
54	2.5768000000000009	1.6020985080868641e-24
54	2.6584000000000008	9.1596988104002309e-31
54	2.7400000000000011	3.0236858383878955e-37
55	0.18240000000000001	0.99999981760001666
55	0.24399999999999999	1.823999554944056e-07
55	0.30559999999999998	2.7870711482709232e-14
55	0.36720000000000003	4.0990080308439716e-21
55	0.42880000000000001	5.9920818368667549e-28
55	0.4904	8.7911413212962339e-35
56	0.95879999999999987	0.99999904120045968
56	1.2227999999999999	9.5879882758007708e-07
56	1.3043999999999998	7.1277099026091398e-13
56	1.3668	5.4685033235713326e-33
56	1.3859999999999997	3.5982494534628025e-19
56	1.4675999999999998	1.4930380300113939e-25
56	1.5491999999999999	4.912528198303446e-32
57	2.0284000000000009	0.99999797160205728
57	2.2540000000000013	8.1151147711214807e-40
57	2.3716000000000008	2.0283951894522645e-06
57	2.4364000000000008	2.1964985892623042e-32
57	2.4532000000000007	2.7533434054896762e-12
57	2.5180000000000007	4.8255881052296603e-38
57	2.5348000000000011	2.4411018666978138e-18
57	2.6164000000000009	1.7067583396777442e-24
57	2.6980000000000008	9.8875910941801736e-31
57	2.7796000000000012	3.3257837919324015e-37
59	0.23199999999999998	0.99999976800002699
59	0.31359999999999999	2.3199992724481149e-07
59	0.3952	4.5843181882771008e-14
59	0.4768	8.7904077553992725e-21
59	0.55840000000000001	1.6831108882892895e-27
59	0.64000000000000001	3.2435934178387272e-34
61	0.43000000000000005	0.99999957000009243
61	0.51160000000000005	4.2999978001205593e-07
61	0.59320000000000006	1.2753792434448087e-13
61	0.67480000000000007	3.2633755845400875e-20
61	0.75640000000000007	7.7537437818126675e-27
61	0.83800000000000008	1.767107534204507e-33
62	1.0003999999999997	0.99999899960050043
62	1.2643999999999997	1.0003987350950394e-06
62	1.3459999999999999	7.6450465097604635e-13
62	1.4083999999999999	6.7524054707940935e-33
62	1.4276	3.9621740484496216e-19
62	1.5091999999999999	1.6840925225371744e-25
62	1.5907999999999998	5.6186517170918013e-32
65	1.2243999999999997	0.99999877560074968
65	1.3059999999999996	1.2243984009346447e-06
65	1.3875999999999997	8.4948754125027013e-13
65	1.4499999999999997	1.0382104335251053e-39
65	1.4691999999999998	4.4048717863842961e-19
65	1.5507999999999997	1.9027370845835859e-25
65	1.6323999999999996	7.2451567212100022e-32
67	1.5927999999999998	0.99999840720126854
67	1.6743999999999999	1.5927973330179141e-06
67	1.7559999999999998	1.398475944274089e-12
67	1.8184000000000005	1.312959050936332e-39
67	1.8375999999999997	8.964192268931832e-19
67	1.9191999999999998	4.6914800803837999e-25
67	2.0007999999999999	2.127129535988528e-31
68	1.2639999999999996	0.99999873600079892
68	1.3455999999999997	1.2639982991627446e-06
68	1.4271999999999996	9.0198911268022003e-13
68	1.4895999999999998	8.1151147711214807e-40
68	1.5087999999999995	4.7957719044005561e-19
68	1.5903999999999996	2.1186257317206592e-25
68	1.6719999999999997	8.2320930627222831e-32
69	1.3035999999999996	0.99999869640084982
69	1.3851999999999998	1.3035981942545289e-06
69	1.4667999999999997	9.5605883765186782e-13
69	1.5291999999999999	8.1151147711214807e-40
69	1.5483999999999996	5.2090527363231665e-19
69	1.6299999999999997	2.3523135778924091e-25
69	1.7115999999999998	9.3233406587350389e-32
72	1.3451999999999995	0.99999865480090477
72	1.4267999999999996	1.3451980806700082e-06
72	1.5083999999999995	1.0145483096541752e-12
72	1.5707999999999998	1.0382104335251053e-39
72	1.5899999999999994	5.6679911878868371e-19
72	1.6715999999999995	2.6180140828286021e-25
72	1.7531999999999996	1.0590849081441758e-31
75	0.31120000000000003	0.99999968880004853
75	0.39280000000000004	3.1119987776066419e-07
75	0.47440000000000004	7.3816604981394337e-14
75	0.55600000000000005	1.6033844951846399e-20
75	0.63760000000000006	3.3610346893790646e-27
75	0.71920000000000006	6.9383595263593932e-34

[frame_wcrt_cdf]
frame_id	response_time_ms	cumulative_probability
0	1.3867999999999996	0.99999861320096173
0	1.4683999999999995	0.9999999999989253
0	1.5499999999999996	1
0	1.6124000000000001	1
0	1.6315999999999997	1
0	1.7131999999999996	1
0	1.7947999999999995	1
1	2.2936000000000014	8.1151147711214807e-40
1	2.329600000000001	0.99999767040271359
1	2.4112000000000009	0.99999999999709643
1	2.4760000000000009	0.99999999999709643
1	2.4928000000000008	1
1	2.5576000000000008	1
1	2.5744000000000011	1
1	2.656000000000001	1
1	2.7376000000000009	1
1	2.8192000000000013	1
2	1.4679999999999995	0.99999853200107758
2	1.5495999999999994	0.99999999999880274
2	1.6311999999999995	1
2	1.6936	1
2	1.7127999999999997	1
2	1.7943999999999996	1
2	1.8759999999999994	1
4	0.46960000000000002	0.99999953040011025
4	0.55120000000000002	0.99999999999985145
4	0.63280000000000003	1
4	0.71440000000000003	1
4	0.79600000000000004	1
4	0.87760000000000005	1
5	0.5092000000000001	0.99999949080012962
5	0.5908000000000001	0.9999999999998288
5	0.67240000000000011	1
5	0.75400000000000011	1
5	0.83560000000000012	1
5	0.91720000000000013	1
7	1.4263999999999994	0.9999985736010174
7	1.5079999999999996	0.99999999999886635
7	1.5895999999999995	1
7	1.6520000000000001	1
7	1.6711999999999994	1
7	1.7527999999999995	1
7	1.8343999999999996	1
10	0.55280000000000007	0.99999944720015277
10	0.63440000000000007	0.99999999999980205
10	0.71600000000000008	1
10	0.79760000000000009	1
10	0.87920000000000009	1
10	0.9608000000000001	1
12	1.5115999999999996	0.99999848840114258
12	1.5931999999999995	0.99999999999873435
12	1.6747999999999996	1
12	1.7372000000000001	1
12	1.7563999999999997	1
12	1.8379999999999996	1
12	1.9195999999999995	1
13	0.59440000000000004	0.99999940560017664
13	0.67600000000000005	0.99999999999977485
13	0.75760000000000005	1
13	0.83920000000000006	1
13	0.92080000000000006	1
13	1.0024000000000002	1
14	1.5511999999999997	0.99999844880120314
14	1.6327999999999996	0.9999999999986704
14	1.7143999999999997	1
14	1.7768000000000002	1
14	1.7959999999999998	1
14	1.8775999999999997	1
14	1.9591999999999996	1
15	1.6323999999999999	0.99999836760133243
15	1.714	0.99999999999853451
15	1.7955999999999999	1
15	1.8580000000000005	1
15	1.8771999999999998	1
15	1.9587999999999999	1
15	2.0404	1
16	1.6719999999999997	0.99999832800139776
16	1.7535999999999996	0.99999999999846578
16	1.8351999999999997	1
16	1.8976000000000002	1
16	1.9167999999999998	1
16	1.9983999999999997	1
16	2.0799999999999996	1
17	2.3332000000000015	8.1151147711214807e-40
17	2.3692000000000011	0.99999763080280668
17	2.450800000000001	0.99999999999700029
17	2.5156000000000009	0.99999999999700029
17	2.5324000000000009	1
17	2.5972000000000008	1
17	2.6140000000000012	1
17	2.6956000000000011	1
17	2.777200000000001	1
17	2.8588000000000013	1
18	0.10120000000000001	0.99999989880000517
18	0.1608	0.9999999999999889
18	0.22040000000000001	1
18	0.28000000000000003	1
18	0.33960000000000001	1
18	0.3992	1
20	0.63400000000000012	0.99999936600020101
20	0.71560000000000012	0.99999999999974731
20	0.79720000000000013	1
20	0.87880000000000014	1
20	0.96040000000000014	1
20	1.0420000000000003	1
21	0.67559999999999998	0.99999932440022832
21	0.75719999999999998	0.99999999999971678
21	0.83879999999999999	1
21	0.9204	1
21	1.002	1
21	1.0836000000000001	1
22	1.7115999999999998	0.99999828840146476
22	1.7931999999999997	0.99999999999839551
22	1.8747999999999998	1
22	1.9372000000000003	1
22	1.9563999999999999	1
22	2.0379999999999998	1
22	2.1195999999999997	1
22	2.2012	1
22	2.3811999999999998	1
22	2.4627999999999997	1
23	0.71520000000000006	0.99999928480025579
23	0.79680000000000006	0.99999999999968592
23	0.87840000000000007	1
23	0.96000000000000008	1
23	1.1232000000000002	1
23	1.2240000000000002	1
23	1.3056000000000001	1
25	1.7512000000000001	0.99999824880153332
25	1.8328000000000002	0.99999999999832367
25	1.9144000000000001	0.99999999999999989
25	1.9768000000000008	0.99999999999999989
25	1.996	0.99999999999999989
25	2.1592000000000002	0.99999999999999989
25	2.3392000000000004	0.99999999999999989
25	2.4208000000000003	0.99999999999999989
25	2.5024000000000006	0.99999999999999989
25	100.08159999999999	1
26	2.3728000000000016	8.1151147711214807e-40
26	2.4088000000000012	0.99999759120290121
26	2.4904000000000011	0.99999999999690237
26	2.572000000000001	1
26	2.6368000000000009	1
26	2.6536000000000013	1
26	2.7352000000000012	1
26	2.8168000000000011	1
26	2.8984000000000014	1
27	1.7908000000000002	0.99999820920160354
27	1.8724000000000003	0.9999999999982504
27	1.9540000000000002	1
27	2.0164000000000009	1
27	2.0356000000000001	1
27	2.1988000000000003	1
27	2.3788000000000005	1
27	2.4604000000000004	1
27	2.5420000000000007	1
29	0.3508	0.99999964920006157
29	0.43240000000000001	0.99999999999990985
29	0.51400000000000001	1
29	0.59560000000000002	1
29	0.67720000000000002	1
29	0.75880000000000003	1
34	1.8304	0.99999816960167531
34	1.9119999999999999	0.99999999999817557
34	1.9936	1
34	2.0560000000000005	1
34	2.2383999999999999	1
34	2.3368000000000002	1
34	2.4184000000000001	1
34	2.5	1
34	2.5815999999999999	1
35	0.75680000000000014	0.99999924320028644
35	0.83840000000000015	0.99999999999965195
35	0.92000000000000015	1
35	1.0016000000000003	1
35	1.1648000000000001	1
35	1.2656000000000003	1
35	1.3472000000000004	1
36	2.4124000000000017	8.1151147711214807e-40
36	2.4484000000000012	0.99999755160299741
36	2.5300000000000011	0.999999999996803
36	2.611600000000001	1
36	2.6764000000000019	1
36	2.6932000000000014	1
36	2.7748000000000013	1
36	2.8564000000000012	1
36	2.9380000000000015	1
37	1.8700000000000003	0.99999813000174864
37	1.9516000000000004	0.99999999999809919
37	2.0332000000000003	1
37	2.095600000000001	1
37	2.2780000000000005	1
37	2.3596000000000004	1
37	2.3764000000000007	1
37	2.4580000000000006	1
37	2.5396000000000005	1
37	2.6212000000000009	1
38	1.9096000000000004	0.99999809040182341
38	1.9912000000000005	0.99999999999802103
38	2.1352000000000011	0.99999999999802103
38	2.3176000000000005	0.99999999999802103
38	2.3344000000000005	1
38	2.3992000000000004	1
38	2.4160000000000008	1
38	2.4976000000000007	1
38	2.5792000000000006	1
38	2.6608000000000009	1
39	0.14280000000000001	0.99999985720001028
39	0.20440000000000003	0.99999999999998113
39	0.26600000000000001	1
39	0.3276	1
39	0.38919999999999999	1
39	0.45079999999999998	1
41	0.27160000000000001	0.99999972840003692
41	0.35320000000000001	0.99999999999994105
41	0.43480000000000002	1
41	0.51639999999999997	1
41	0.59800000000000009	1
41	0.67959999999999998	1
42	0.7964	0.99999920360031713
42	0.878	0.99999999999961786
42	0.95960000000000001	1
42	1.2044000000000001	1
42	1.2236000000000002	1
42	1.3052000000000004	1
42	1.3868000000000005	1
43	0.83800000000000008	0.99999916200035111
43	0.91960000000000008	0.99999999999958045
43	1.0012000000000001	1
43	1.246	1
43	1.2652000000000001	1
43	1.3468000000000002	1
43	1.4284000000000003	1
44	2.4520000000000017	8.1151147711214807e-40
44	2.4880000000000013	0.99999751200309517
44	2.5696000000000012	0.99999999999670197
44	2.6512000000000011	1
44	2.7328000000000015	1
44	2.8144000000000013	1
44	2.8960000000000012	1
44	2.9776000000000016	1
46	1.9492000000000005	0.99999805080189974
46	2.0308000000000006	0.99999999999794131
46	2.1748000000000012	0.99999999999794131
46	2.3572000000000006	0.99999999999794131
46	2.3740000000000006	1
46	2.4388000000000005	1
46	2.4556000000000009	1
46	2.5372000000000008	1
46	2.6188000000000007	1
46	2.700400000000001	1
47	2.4916000000000018	8.1151147711214807e-40
47	2.5276000000000014	0.99999747240319448
47	2.6092000000000013	0.9999999999965995
47	2.6908000000000012	1
47	2.7724000000000015	1
47	2.8540000000000014	1
47	2.9356000000000013	1
47	3.0172000000000017	1
49	0.39040000000000002	0.99999960960007628
49	0.47200000000000003	0.99999999999989198
49	0.55360000000000009	1
49	0.63519999999999999	1
49	0.7168000000000001	1
49	0.7984	1
50	0.87759999999999994	0.99999912240038513
50	0.95919999999999994	0.99999999999954337
50	1.2232000000000001	1
50	1.2856000000000001	1
50	1.3048000000000002	1
50	1.3864000000000001	1
50	1.468	1
52	2.4916000000000018	8.1151147711214807e-40
52	2.5276000000000014	0.99999747240319448
52	2.6092000000000013	0.9999999999965995
52	2.6908000000000012	1
52	2.7724000000000015	1
52	2.8540000000000014	1
52	2.9356000000000013	1
52	3.0172000000000017	1
53	0.9191999999999998	0.99999908080042255
53	1.0007999999999999	0.99999999999950262
53	1.2647999999999999	1
53	1.3271999999999999	1
53	1.3464	1
53	1.4279999999999999	1
53	1.5095999999999998	1
54	1.9888000000000006	0.99999801120197773
54	2.2144000000000013	0.99999801120197773
54	2.3320000000000007	0.99999999999733991
54	2.3968000000000007	0.99999999999733991
54	2.4136000000000006	1
54	2.4784000000000006	1
54	2.495200000000001	1
54	2.5768000000000009	1
54	2.6584000000000008	1
54	2.7400000000000011	1
55	0.18240000000000001	0.99999981760001666
55	0.24399999999999999	0.99999999999997213
55	0.30559999999999998	1
55	0.36720000000000003	1
55	0.42880000000000001	1
55	0.4904	1
56	0.95879999999999987	0.99999904120045968
56	1.2227999999999999	0.99999999999928724
56	1.3043999999999998	1
56	1.3668	1
56	1.3859999999999997	1
56	1.4675999999999998	1
56	1.5491999999999999	1
57	2.0284000000000009	0.99999797160205728
57	2.2540000000000013	0.99999797160205728
57	2.3716000000000008	0.99999999999724676
57	2.4364000000000008	0.99999999999724676
57	2.4532000000000007	1
57	2.5180000000000007	1
57	2.5348000000000011	1
57	2.6164000000000009	1
57	2.6980000000000008	1
57	2.7796000000000012	1
59	0.23199999999999998	0.99999976800002699
59	0.31359999999999999	0.99999999999995426
59	0.3952	1
59	0.4768	1
59	0.55840000000000001	1
59	0.64000000000000001	1
61	0.43000000000000005	0.99999957000009243
61	0.51160000000000005	0.99999999999987244
61	0.59320000000000006	1
61	0.67480000000000007	1
61	0.75640000000000007	1
61	0.83800000000000008	1
62	1.0003999999999997	0.99999899960050043
62	1.2643999999999997	0.9999999999992355
62	1.3459999999999999	1
62	1.4083999999999999	1
62	1.4276	1
62	1.5091999999999999	1
62	1.5907999999999998	1
65	1.2243999999999997	0.99999877560074968
65	1.3059999999999996	0.99999999999915057
65	1.3875999999999997	1
65	1.4499999999999997	1
65	1.4691999999999998	1
65	1.5507999999999997	1
65	1.6323999999999996	1
67	1.5927999999999998	0.99999840720126854
67	1.6743999999999999	0.99999999999860156
67	1.7559999999999998	1
67	1.8184000000000005	1
67	1.8375999999999997	1
67	1.9191999999999998	1
67	2.0007999999999999	1
68	1.2639999999999996	0.99999873600079892
68	1.3455999999999997	0.99999999999909805
68	1.4271999999999996	1
68	1.4895999999999998	1
68	1.5087999999999995	1
68	1.5903999999999996	1
68	1.6719999999999997	1
69	1.3035999999999996	0.99999869640084982
69	1.3851999999999998	0.9999999999990441
69	1.4667999999999997	1
69	1.5291999999999999	1
69	1.5483999999999996	1
69	1.6299999999999997	1
69	1.7115999999999998	1
72	1.3451999999999995	0.99999865480090477
72	1.4267999999999996	0.99999999999898548
72	1.5083999999999995	1
72	1.5707999999999998	1
72	1.5899999999999994	1
72	1.6715999999999995	1
72	1.7531999999999996	1
75	0.31120000000000003	0.99999968880004853
75	0.39280000000000004	0.99999999999992628
75	0.47440000000000004	1
75	0.55600000000000005	1
75	0.63760000000000006	1
75	0.71920000000000006	1

[frame_distribution_quantiles]
frame_id	retry_q50	retry_q90	retry_q95	retry_q99	wcrt_q50_ms	wcrt_q90_ms	wcrt_q95_ms	wcrt_q99_ms
0	0	0	0	0	1.3867999999999996	1.3867999999999996	1.3867999999999996	1.3867999999999996
1	0	0	0	0	2.329600000000001	2.329600000000001	2.329600000000001	2.329600000000001
2	0	0	0	0	1.4679999999999995	1.4679999999999995	1.4679999999999995	1.4679999999999995
4	0	0	0	0	0.46960000000000002	0.46960000000000002	0.46960000000000002	0.46960000000000002
5	0	0	0	0	0.5092000000000001	0.5092000000000001	0.5092000000000001	0.5092000000000001
7	0	0	0	0	1.4263999999999994	1.4263999999999994	1.4263999999999994	1.4263999999999994
10	0	0	0	0	0.55280000000000007	0.55280000000000007	0.55280000000000007	0.55280000000000007
12	0	0	0	0	1.5115999999999996	1.5115999999999996	1.5115999999999996	1.5115999999999996
13	0	0	0	0	0.59440000000000004	0.59440000000000004	0.59440000000000004	0.59440000000000004
14	0	0	0	0	1.5511999999999997	1.5511999999999997	1.5511999999999997	1.5511999999999997
15	0	0	0	0	1.6323999999999999	1.6323999999999999	1.6323999999999999	1.6323999999999999
16	0	0	0	0	1.6719999999999997	1.6719999999999997	1.6719999999999997	1.6719999999999997
17	0	0	0	0	2.3692000000000011	2.3692000000000011	2.3692000000000011	2.3692000000000011
18	0	0	0	0	0.10120000000000001	0.10120000000000001	0.10120000000000001	0.10120000000000001
20	0	0	0	0	0.63400000000000012	0.63400000000000012	0.63400000000000012	0.63400000000000012
21	0	0	0	0	0.67559999999999998	0.67559999999999998	0.67559999999999998	0.67559999999999998
22	0	0	0	0	1.7115999999999998	1.7115999999999998	1.7115999999999998	1.7115999999999998
23	0	0	0	0	0.71520000000000006	0.71520000000000006	0.71520000000000006	0.71520000000000006
25	0	0	0	0	1.7512000000000001	1.7512000000000001	1.7512000000000001	1.7512000000000001
26	0	0	0	0	2.4088000000000012	2.4088000000000012	2.4088000000000012	2.4088000000000012
27	0	0	0	0	1.7908000000000002	1.7908000000000002	1.7908000000000002	1.7908000000000002
29	0	0	0	0	0.3508	0.3508	0.3508	0.3508
34	0	0	0	0	1.8304	1.8304	1.8304	1.8304
35	0	0	0	0	0.75680000000000014	0.75680000000000014	0.75680000000000014	0.75680000000000014
36	0	0	0	0	2.4484000000000012	2.4484000000000012	2.4484000000000012	2.4484000000000012
37	0	0	0	0	1.8700000000000003	1.8700000000000003	1.8700000000000003	1.8700000000000003
38	0	0	0	0	1.9096000000000004	1.9096000000000004	1.9096000000000004	1.9096000000000004
39	0	0	0	0	0.14280000000000001	0.14280000000000001	0.14280000000000001	0.14280000000000001
41	0	0	0	0	0.27160000000000001	0.27160000000000001	0.27160000000000001	0.27160000000000001
42	0	0	0	0	0.7964	0.7964	0.7964	0.7964
43	0	0	0	0	0.83800000000000008	0.83800000000000008	0.83800000000000008	0.83800000000000008
44	0	0	0	0	2.4880000000000013	2.4880000000000013	2.4880000000000013	2.4880000000000013
46	0	0	0	0	1.9492000000000005	1.9492000000000005	1.9492000000000005	1.9492000000000005
47	0	0	0	0	2.5276000000000014	2.5276000000000014	2.5276000000000014	2.5276000000000014
49	0	0	0	0	0.39040000000000002	0.39040000000000002	0.39040000000000002	0.39040000000000002
50	0	0	0	0	0.87759999999999994	0.87759999999999994	0.87759999999999994	0.87759999999999994
52	0	0	0	0	2.5276000000000014	2.5276000000000014	2.5276000000000014	2.5276000000000014
53	0	0	0	0	0.9191999999999998	0.9191999999999998	0.9191999999999998	0.9191999999999998
54	0	0	0	0	1.9888000000000006	1.9888000000000006	1.9888000000000006	1.9888000000000006
55	0	0	0	0	0.18240000000000001	0.18240000000000001	0.18240000000000001	0.18240000000000001
56	0	0	0	0	0.95879999999999987	0.95879999999999987	0.95879999999999987	0.95879999999999987
57	0	0	0	0	2.0284000000000009	2.0284000000000009	2.0284000000000009	2.0284000000000009
59	0	0	0	0	0.23199999999999998	0.23199999999999998	0.23199999999999998	0.23199999999999998
61	0	0	0	0	0.43000000000000005	0.43000000000000005	0.43000000000000005	0.43000000000000005
62	0	0	0	0	1.0003999999999997	1.0003999999999997	1.0003999999999997	1.0003999999999997
65	0	0	0	0	1.2243999999999997	1.2243999999999997	1.2243999999999997	1.2243999999999997
67	0	0	0	0	1.5927999999999998	1.5927999999999998	1.5927999999999998	1.5927999999999998
68	0	0	0	0	1.2639999999999996	1.2639999999999996	1.2639999999999996	1.2639999999999996
69	0	0	0	0	1.3035999999999996	1.3035999999999996	1.3035999999999996	1.3035999999999996
72	0	0	0	0	1.3451999999999995	1.3451999999999995	1.3451999999999995	1.3451999999999995
75	0	0	0	0	0.31120000000000003	0.31120000000000003	0.31120000000000003	0.31120000000000003

[signal_summary]
code	frame_id	period_ms	level	type	p_timeout	expected_wcrt_ms	wcrt_p95_ms	threshold_wcrt_ms	expected_retry_count	p_threshold
5612475	22	100	0	0	0	1.7116001396665712	1.7115999999999998	1.7115999999999998	1.7116001396665699e-06	1
9459856	65	20	2	0	0	1.224400099911048	1.2243999999999997	1.3875999999999997	1.2244000999110486e-06	5.5555555555555559e-13
45598313	13	10	0	0	0	0.59440004850304395	0.59440000000000004	0.59440000000000004	5.9440004850304434e-07	1
51071393	10	20	0	0	0	0.55280004510848368	0.55280000000000007	0.55280000000000007	5.5280004510848341e-07	1
80127082	43	10	0	0	0	0.83800006838080565	0.83800000000000008	0.83800000000000008	8.3800006838080504e-07	1
111794330	59	2	3	0	0	0.23200001893120156	0.23199999999999998	0.3952	2.320000189312016e-07	5.5555555555555552e-15
118197029	16	100	3	0	0	1.6720001364352106	1.6719999999999997	1.8351999999999997	1.6720001364352116e-06	2.7777777777777779e-13
159606499	35	10	0	0	0	0.75680006175488523	0.75680000000000014	0.75680000000000014	7.5680006175488498e-07	1
314392289	62	20	0	0	0	1.0004002641055301	1.0003999999999997	1.0003999999999997	1.00040026410553e-06	1
319271499	56	20	0	0	0	0.95880025312313666	0.95879999999999987	0.95879999999999987	9.588002531231372e-07	1
350225776	43	10	0	0	0	0.83800006838080565	0.83800000000000008	0.83800000000000008	8.3800006838080504e-07	1
373500835	75	2	0	0	0	0.31120002539392216	0.31120000000000003	0.31120000000000003	3.1120002539392227e-07	1
426610593	39	2	0	0	0	0.14280000879648058	0.14280000000000001	0.14280000000000001	1.4280000879648063e-07	1
481399976	65	20	0	0	0	1.224400099911048	1.2243999999999997	1.2243999999999997	1.2244000999110486e-06	1
500943738	57	100	0	0	0	2.0284006961463996	2.0284000000000009	2.0284000000000009	2.028400696146399e-06	1
503086947	47	1000	3	0	0	2.5276002062521785	2.5276000000000014	2.6908000000000012	2.5276002062521785e-06	2.7777777777777777e-12
530892417	49	10	0	0	0	0.39040003185664268	0.39040000000000002	0.39040000000000002	3.9040003185664265e-07	1
554272389	44	1000	0	0	0	2.4880002030208179	2.4880000000000013	2.4520000000000017	2.4880002030208181e-06	1
561226369	13	20	0	0	0	0.59440004850304395	0.59440000000000004	0.59440000000000004	5.9440004850304434e-07	1
588565254	18	2	0	0	0	0.10120000603152038	0.10120000000000001	0.10120000000000001	1.0120000603152044e-07	1
610455828	53	10	1	0	0	0.91920007500681666	0.9191999999999998	1.2647999999999999	9.192000750068168e-07	2.7777777777777779e-13
632805574	0	20	0	0	0	1.3868001131628891	1.3867999999999996	1.3867999999999996	1.3868001131628879e-06	1
645862466	62	20	0	0	0	1.0004002641055301	1.0003999999999997	1.0003999999999997	1.00040026410553e-06	1
691222737	17	1000	1	0	0	2.3692001933267375	2.3692000000000011	2.450800000000001	2.3692001933267382e-06	2.7777777777777777e-11
698552657	39	1	0	0	0	0.14280000879648058	0.14280000000000001	0.14280000000000001	1.4280000879648063e-07	1
699146507	15	100	0	0	0	1.6324001332038509	1.6323999999999999	1.6323999999999999	1.6324001332038516e-06	1
709633147	53	10	0	0	0	0.91920007500681666	0.9191999999999998	0.9191999999999998	9.192000750068168e-07	1
720767648	53	10	0	0	0	0.91920007500681666	0.9191999999999998	0.9191999999999998	9.192000750068168e-07	1
730930803	72	20	2	0	0	1.3452001097683286	1.3451999999999995	1.5083999999999995	1.345200109768328e-06	5.5555555555555559e-13
753636554	54	100	0	0	0	1.988800682555699	1.9888000000000006	1.9888000000000006	1.9888006825556973e-06	1
771669905	49	5	0	0	0	0.39040003185664268	0.39040000000000002	0.39040000000000002	3.9040003185664265e-07	1
843861932	67	50	2	0	0	1.5928001299724905	1.5927999999999998	1.7559999999999998	1.592800129972492e-06	1.3888888888888889e-12
957004977	0	20	0	0	0	1.3868001131628891	1.3867999999999996	1.3867999999999996	1.3868001131628879e-06	1
1034354539	23	20	0	0	0	0.71520005836032485	0.71520000000000006	0.71520000000000006	7.1520005836032384e-07	1
1053982208	21	20	0	0	0	0.67560005512896459	0.67559999999999998	0.67559999999999998	6.7560005512896556e-07	1
1072827884	46	100	0	0	0	1.9492001590552721	1.9492000000000005	1.9492000000000005	1.9492001590552712e-06	1
1145298949	65	10	0	0	0	1.224400099911048	1.2243999999999997	1.2243999999999997	1.2244000999110486e-06	1
1167421718	69	20	0	0	0	1.3036001063737686	1.3035999999999996	1.3035999999999996	1.3036001063737669e-06	1
1183635832	65	10	2	0	0	1.224400099911048	1.2243999999999997	1.3875999999999997	1.2244000999110486e-06	2.7777777777777779e-13
1270931212	69	20	0	0	0	1.3036001063737686	1.3035999999999996	1.3035999999999996	1.3036001063737669e-06	1
1317480392	2	100	1	0	0	1.4680001197888095	1.4679999999999995	1.5495999999999994	1.4680001197888093e-06	2.7777777777777777e-12
1371908028	68	10	3	0	0	1.2640001031424082	1.2639999999999996	1.4271999999999996	1.2640001031424086e-06	2.7777777777777781e-14
1373624721	53	20	0	0	0	0.91920007500681666	0.9191999999999998	0.9191999999999998	9.192000750068168e-07	1
1388350190	13	10	0	0	0	0.59440004850304395	0.59440000000000004	0.59440000000000004	5.9440004850304434e-07	1
1413561195	62	10	2	0	0	1.0004002641055301	1.0003999999999997	1.3459999999999999	1.00040026410553e-06	2.7777777777777779e-13
1431365294	22	100	1	0	0	1.7116001396665712	1.7115999999999998	1.7931999999999997	1.7116001396665699e-06	2.7777777777777777e-12
1438766992	26	1000	0	0	0	2.4088001965580972	2.4088000000000012	2.3728000000000016	2.4088001965581003e-06	1
1442768130	4	10	0	0	0	0.46960003831936314	0.46960000000000002	0.46960000000000002	4.6960003831936303e-07	1
1480885987	12	50	1	0	0	1.5116001233465699	1.5115999999999996	1.5931999999999995	1.5116001233465692e-06	1.3888888888888889e-12
1481243657	2	100	0	0	0	1.4680001197888095	1.4679999999999995	1.4679999999999995	1.4680001197888093e-06	1
1508590975	49	5	2	0	0	0.39040003185664268	0.39040000000000002	0.47200000000000003	3.9040003185664265e-07	1.388888888888889e-13
1549077713	46	100	0	0	0	1.9492001590552721	1.9492000000000005	1.9492000000000005	1.9492001590552712e-06	1
1578275465	34	100	1	0	0	1.8304001493606523	1.8304	1.9119999999999999	1.830400149360653e-06	2.7777777777777777e-12
1598875361	20	10	0	0	0	0.63400005173440432	0.63400000000000012	0.63400000000000012	6.3400005173440452e-07	1
1629290459	68	20	0	0	0	1.2640001031424082	1.2639999999999996	1.2639999999999996	1.2640001031424086e-06	1
1740465831	43	10	3	0	0	0.83800006838080565	0.83800000000000008	1.0012000000000001	8.3800006838080504e-07	2.7777777777777781e-14
1777648578	5	20	0	0	0	0.50920004155072351	0.5092000000000001	0.5092000000000001	5.0920004155072364e-07	1
1782131687	34	100	0	0	0	1.8304001493606523	1.8304	1.8304	1.830400149360653e-06	1
1800927322	21	20	2	1	0	0.67560005512896459	0.67559999999999998	0.75719999999999998	6.7560005512896556e-07	5.5555555555555559e-13
1802518005	2	100	0	0	0	1.4680001197888095	1.4679999999999995	1.4679999999999995	1.4680001197888093e-06	1
1819971329	20	20	0	0	0	0.63400005173440432	0.63400000000000012	0.63400000000000012	6.3400005173440452e-07	1
1822342732	68	10	0	0	0	1.2640001031424082	1.2639999999999996	1.2639999999999996	1.2640001031424086e-06	1
1840354016	59	1	0	0	0	0.23200001893120156	0.23199999999999998	0.23199999999999998	2.320000189312016e-07	1
1860107492	61	5	0	0	0	0.43000003508800294	0.43000000000000005	0.43000000000000005	4.3000003508800252e-07	1
1957417169	42	20	2	0	0	0.79640006498624527	0.7964	0.878	7.9640006498624475e-07	5.5555555555555559e-13
1967387693	23	10	2	0	0	0.71520005836032485	0.71520000000000006	0.87840000000000007	7.1520005836032384e-07	2.7777777777777779e-13
2070247510	67	100	0	0	0	1.5928001299724905	1.5927999999999998	1.5927999999999998	1.592800129972492e-06	1
2091100626	67	100	0	0	0	1.5928001299724905	1.5927999999999998	1.5927999999999998	1.592800129972492e-06	1
2145565970	23	10	0	0	0	0.71520005836032485	0.71520000000000006	0.71520000000000006	7.1520005836032384e-07	1
2164601341	16	100	0	0	0	1.6720001364352106	1.6719999999999997	1.6719999999999997	1.6720001364352116e-06	1
2222997348	13	10	0	0	0	0.59440004850304395	0.59440000000000004	0.59440000000000004	5.9440004850304434e-07	1
2230883187	29	5	0	0	0	0.35080002862528237	0.3508	0.3508	3.508000286252822e-07	1
2296884720	56	10	0	0	0	0.95880025312313666	0.95879999999999987	0.95879999999999987	9.588002531231372e-07	1
2351132672	50	10	2	0	0	0.87760007161224918	0.87759999999999994	1.2232000000000001	8.7760007161224877e-07	2.7777777777777779e-13
2351684000	50	20	0	0	0	0.87760007161224918	0.87759999999999994	0.87759999999999994	8.7760007161224877e-07	1
2392727978	50	20	0	0	0	0.87760007161224918	0.87759999999999994	0.87759999999999994	8.7760007161224877e-07	1
2405651669	4	20	0	0	0	0.46960003831936314	0.46960000000000002	0.46960000000000002	4.6960003831936303e-07	1
2421310413	43	20	0	0	0	0.83800006838080565	0.83800000000000008	0.83800000000000008	8.3800006838080504e-07	1
2447188496	56	10	1	0	0	0.95880025312313666	0.95879999999999987	1.3043999999999998	9.588002531231372e-07	2.7777777777777779e-13
2451755454	72	20	0	0	0	1.3452001097683286	1.3451999999999995	1.3451999999999995	1.345200109768328e-06	1
2526474040	35	20	0	0	0	0.75680006175488523	0.75680000000000014	0.75680000000000014	7.5680006175488498e-07	1
2535212693	13	20	0	0	0	0.59440004850304395	0.59440000000000004	0.59440000000000004	5.9440004850304434e-07	1
2560072104	42	10	0	0	0	0.79640006498624527	0.7964	0.7964	7.9640006498624475e-07	1
2705617495	39	1	0	0	0	0.14280000879648058	0.14280000000000001	0.14280000000000001	1.4280000879648063e-07	1
2755965671	10	20	0	0	0	0.55280004510848368	0.55280000000000007	0.55280000000000007	5.5280004510848341e-07	1
2757104096	7	20	0	0	0	1.426400116394249	1.4263999999999994	1.4263999999999994	1.4264001163942487e-06	1
2767203401	56	10	0	0	0	0.95880025312313666	0.95879999999999987	0.95879999999999987	9.588002531231372e-07	1
2773758631	4	10	2	0	0	0.46960003831936314	0.46960000000000002	0.55120000000000002	4.6960003831936303e-07	2.7777777777777779e-13
2798121568	46	100	0	0	0	1.9492001590552721	1.9492000000000005	1.9492000000000005	1.9492001590552712e-06	1
2807615686	62	20	2	0	0	1.0004002641055301	1.0003999999999997	1.3459999999999999	1.00040026410553e-06	5.5555555555555559e-13
2811796109	20	10	0	0	0	0.63400005173440432	0.63400000000000012	0.63400000000000012	6.3400005173440452e-07	1
2815812547	2	100	1	0	0	1.4680001197888095	1.4679999999999995	1.5495999999999994	1.4680001197888093e-06	2.7777777777777777e-12
2848713904	4	20	0	0	0	0.46960003831936314	0.46960000000000002	0.46960000000000002	4.6960003831936303e-07	1
2901157809	29	10	0	0	0	0.35080002862528237	0.3508	0.3508	3.508000286252822e-07	1
2949473062	21	10	0	0	0	0.67560005512896459	0.67559999999999998	0.67559999999999998	6.7560005512896556e-07	1
2949759442	21	10	0	0	0	0.67560005512896459	0.67559999999999998	0.67559999999999998	6.7560005512896556e-07	1
2952643346	72	10	0	0	0	1.3452001097683286	1.3451999999999995	1.3451999999999995	1.345200109768328e-06	1
2965620821	10	10	0	0	0	0.55280004510848368	0.55280000000000007	0.55280000000000007	5.5280004510848341e-07	1
2974099222	72	20	0	0	0	1.3452001097683286	1.3451999999999995	1.3451999999999995	1.345200109768328e-06	1
3022262904	21	10	0	0	0	0.67560005512896459	0.67559999999999998	0.67559999999999998	6.7560005512896556e-07	1
3052500498	35	10	3	0	0	0.75680006175488523	0.75680000000000014	0.92000000000000015	7.5680006175488498e-07	2.7777777777777781e-14
3099845018	69	10	0	0	0	1.3036001063737686	1.3035999999999996	1.3035999999999996	1.3036001063737669e-06	1
3148611577	14	50	0	0	0	1.55120012657793	1.5511999999999997	1.5511999999999997	1.5512001265779309e-06	1
3150329992	46	100	0	0	0	1.9492001590552721	1.9492000000000005	1.9492000000000005	1.9492001590552712e-06	1
3155452069	36	1000	0	0	0	2.4484001997894578	2.4484000000000012	2.4124000000000017	2.4484001997894611e-06	1
3170673901	55	1	0	0	0	0.18240001123584071	0.18240000000000001	0.18240000000000001	1.8240001123584087e-07	1
3229788853	16	100	0	0	0	1.6720001364352106	1.6719999999999997	1.6719999999999997	1.6720001364352116e-06	1
3243503572	52	1000	1	0	0	2.5276002062521785	2.5276000000000014	2.6092000000000013	2.5276002062521785e-06	2.7777777777777777e-11
3251641922	61	5	0	0	0	0.43000003508800294	0.43000000000000005	0.43000000000000005	4.3000003508800252e-07	1
3257682079	43	10	0	0	0	0.83800006838080565	0.83800000000000008	0.83800000000000008	8.3800006838080504e-07	1
3273924565	21	20	0	0	0	0.67560005512896459	0.67559999999999998	0.67559999999999998	6.7560005512896556e-07	1
3329066114	23	10	0	0	0	0.71520005836032485	0.71520000000000006	0.71520000000000006	7.1520005836032384e-07	1
3331680854	68	10	0	0	0	1.2640001031424082	1.2639999999999996	1.2639999999999996	1.2640001031424086e-06	1
3340489227	56	10	1	0	0	0.95880025312313666	0.95879999999999987	1.3043999999999998	9.588002531231372e-07	2.7777777777777779e-13
3368790617	2	100	0	0	0	1.4680001197888095	1.4679999999999995	1.4679999999999995	1.4680001197888093e-06	1
3372042961	39	1	3	0	0	0.14280000879648058	0.14280000000000001	0.26600000000000001	1.4280000879648063e-07	2.7777777777777776e-15
3446952569	53	10	0	0	0	0.91920007500681666	0.9191999999999998	0.9191999999999998	9.192000750068168e-07	1
3477601967	38	100	0	0	0	1.9096001558238913	1.9096000000000004	1.9096000000000004	1.909600155823893e-06	1
3498348744	50	20	0	0	0	0.87760007161224918	0.87759999999999994	0.87759999999999994	8.7760007161224877e-07	1
3521484067	1	1000	0	0	0	2.3296001900953769	2.329600000000001	2.2936000000000014	2.3296001900953778e-06	1
3550292640	10	10	0	0	0	0.55280004510848368	0.55280000000000007	0.55280000000000007	5.5280004510848341e-07	1
3613274338	5	10	0	0	0	0.50920004155072351	0.5092000000000001	0.5092000000000001	5.0920004155072364e-07	1
3645992555	13	10	0	0	0	0.59440004850304395	0.59440000000000004	0.59440000000000004	5.9440004850304434e-07	1
3651829594	49	10	2	0	0	0.39040003185664268	0.39040000000000002	0.47200000000000003	3.9040003185664265e-07	2.7777777777777779e-13
3675839323	27	100	0	0	0	1.7908001461292924	1.7908000000000002	1.7908000000000002	1.7908001461292909e-06	1
3719474076	35	20	0	0	0	0.75680006175488523	0.75680000000000014	0.75680000000000014	7.5680006175488498e-07	1
3737438630	2	100	1	0	0	1.4680001197888095	1.4679999999999995	1.5495999999999994	1.4680001197888093e-06	2.7777777777777777e-12
3775373911	21	20	0	0	0	0.67560005512896459	0.67559999999999998	0.67559999999999998	6.7560005512896556e-07	1
3780117374	62	20	0	0	0	1.0004002641055301	1.0003999999999997	1.0003999999999997	1.00040026410553e-06	1
3784742221	21	20	0	0	0	0.67560005512896459	0.67559999999999998	0.67559999999999998	6.7560005512896556e-07	1
3799997022	25	100	0	0	1.1102230246251565e-16	1.7512001428979427	1.7512000000000001	1.7512000000000001	1.7512001436750872e-06	1
3818510232	2	50	0	0	0	1.4680001197888095	1.4679999999999995	1.4679999999999995	1.4680001197888093e-06	1
3871043624	65	20	0	0	0	1.224400099911048	1.2243999999999997	1.2243999999999997	1.2244000999110486e-06	1
3907711301	0	20	0	0	0	1.3868001131628891	1.3867999999999996	1.3867999999999996	1.3868001131628879e-06	1
3909602073	4	20	2	0	0	0.46960003831936314	0.46960000000000002	0.55120000000000002	4.6960003831936303e-07	5.5555555555555559e-13
3913191434	20	10	1	0	0	0.63400005173440432	0.63400000000000012	0.71560000000000012	6.3400005173440452e-07	2.7777777777777779e-13
3915145539	12	100	0	0	0	1.5116001233465699	1.5115999999999996	1.5115999999999996	1.5116001233465692e-06	1
3933168330	5	20	1	0	0	0.50920004155072351	0.5092000000000001	0.5908000000000001	5.0920004155072364e-07	5.5555555555555559e-13
3962716911	69	20	0	0	0	1.3036001063737686	1.3035999999999996	1.3035999999999996	1.3036001063737669e-06	1
4063204130	21	20	0	0	0	0.67560005512896459	0.67559999999999998	0.67559999999999998	6.7560005512896556e-07	1
4082720300	37	100	1	0	0	1.8700001525920131	1.8700000000000003	1.9516000000000004	1.8700001525920144e-06	2.7777777777777777e-12
4120281164	0	20	0	0	0	1.3868001131628891	1.3867999999999996	1.3867999999999996	1.3868001131628879e-06	1
4148982624	57	100	0	0	0	2.0284006961463996	2.0284000000000009	2.0284000000000009	2.028400696146399e-06	1
4186184780	57	100	0	0	0	2.0284006961463996	2.0284000000000009	2.0284000000000009	2.028400696146399e-06	1
4191187959	0	20	2	0	0	1.3868001131628891	1.3867999999999996	1.5499999999999996	1.3868001131628879e-06	5.5555555555555559e-13
4191783605	18	1	0	0	0	0.10120000603152038	0.10120000000000001	0.10120000000000001	1.0120000603152044e-07	1
4210607569	41	2	0	0	0	0.27160002216256179	0.27160000000000001	0.27160000000000001	2.7160002216256187e-07	1
4227173477	62	10	0	0	0	1.0004002641055301	1.0003999999999997	1.0003999999999997	1.00040026410553e-06	1
4252903784	4	10	1	0	0	0.46960003831936314	0.46960000000000002	0.55120000000000002	4.6960003831936303e-07	2.7777777777777779e-13
4259120575	67	100	0	0	0	1.5928001299724905	1.5927999999999998	1.5927999999999998	1.592800129972492e-06	1
