base_bandwidth_utilization	0.30795600000000001
expected_bandwidth_utilization	0.30795618405250069

rounded_expected_bandwidth_utilization	0.61591199999999957

bandwidth_utilization_p99	0.30795599999999979

[frame_summary]
frame_id	priority	period_ms	deadline_ms	trans_time_ms	expected_retry_count	expected_tx_count	rounded_expected_retry_count	rounded_expected_tx_count	retry_p99	tx_count_p99	expected_wcrt_ms	p_timeout	wcrt_p95_ms
0	31	20	20	0.039600000000000003	1.4356000884329651e-06	1.0000014356000884	1	2	0	1	1.4356000884329652	0	1.4355999999999998
1	48	100	100	0.039600000000000003	2.3068001420988906e-06	1.000002306800142	1	2	0	1	2.3068001420988899	0	2.3068000000000013
2	45	50	50	0.039600000000000003	1.9900005173807969e-06	1.0000019900005175	1	2	0	1	1.9900005166036459	1.1102230246251565e-16	1.9900000000000009
3	49	100	100	0.039600000000000003	2.3464001445382532e-06	1.0000023464001446	1	2	0	1	2.3464001445382507	0	2.3464000000000014
4	7	10	10	0.041599999999999998	3.6440002244704147e-07	1.0000003644000224	1	2	0	1	0.36440002244704139	0	0.3644
5	8	10	10	0.039600000000000003	4.0400002488640145e-07	1.000000404000025	1	2	0	1	0.40400002488640152	0	0.40400000000000003
6	46	50	50	0.039600000000000003	2.0296005268837857e-06	1.000002029600527	1	2	0	1	2.0296005268837858	0	2.0296000000000012
7	9	10	10	0.039600000000000003	4.4360002732576196e-07	1.0000004436000274	1	2	0	1	0.44360002732576176	0	0.44360000000000005
8	32	20	20	0.039600000000000003	1.4752000908723245e-06	1.000001475200091	1	2	0	1	1.4752000908723253	0	1.4751999999999996
9	50	100	100	0.045600000000000002	2.3880001574299665e-06	1.0000023880001574	1	2	0	1	2.3880001566528226	1.1102230246251565e-16	2.3880000000000017
10	5	5	5	0.039600000000000003	2.8320001687872087e-07	1.0000002832000168	1	2	0	1	0.28320001687872104	0	0.28320000000000001
11	47	50	50	0.039600000000000003	2.2672001396595298e-06	1.0000022672001396	1	2	0	1	2.2672001396595296	0	2.2672000000000012
12	68	1000	1000	0.041599999999999998	3.2196002112057787e-06	1.0000032196002111	1	2	0	1	3.2196002112057762	0	3.2196000000000025
13	51	100	100	0.039600000000000003	2.4276001592505707e-06	1.0000024276001593	1	2	0	1	2.4276001592505723	0	2.4276000000000018
14	10	10	10	0.039600000000000003	4.8320002976512262e-07	1.0000004832000298	1	2	0	1	0.48320002976512189	0	0.48320000000000007
15	0	1	1	0.039600000000000003	8.5200005744054176e-08	1.0000000852000057	1	2	0	1	0.085200005077920415	1.1102230246251565e-16	0.085199999999999998
16	33	20	20	0.039600000000000003	1.5148000933116866e-06	1.0000015148000934	1	2	0	1	1.5148000933116859	0	1.5147999999999999
17	11	10	10	0.039600000000000003	5.2280003220448287e-07	1.0000005228000322	1	2	0	1	0.52280003220448223	0	0.52280000000000015
20	34	20	20	0.039600000000000003	1.5544000957510467e-06	1.0000015544000957	1	2	0	1	1.5544000957510458	0	1.5543999999999998
21	12	10	10	0.039600000000000003	5.6240003464384173e-07	1.0000005624000345	1	2	0	1	0.56240003464384236	0	0.56240000000000012
22	35	20	20	0.039600000000000003	1.5940000981904075e-06	1.0000015940000981	1	2	0	1	1.5940000981904063	0	1.5940000000000001
24	69	1000	1000	0.039600000000000003	3.2592002138035398e-06	1.0000032592002137	1	2	0	1	3.2592002138035365	0	3.2592000000000025
25	13	10	10	0.039600000000000003	6.0200003708320272e-07	1.0000006020000372	1	2	0	1	0.60200003708320249	0	0.60200000000000009
26	36	20	20	0.039600000000000003	1.6336001006297682e-06	1.0000016336001005	1	2	0	1	1.6336001006297662	0	1.6336000000000002
27	14	10	10	0.039600000000000003	6.4160003952256275e-07	1.0000006416000395	1	2	0	1	0.64160003952256273	0	0.64160000000000017
29	15	10	10	0.039600000000000003	6.8120004196192278e-07	1.0000006812000419	1	2	0	1	0.68120004196192263	0	0.68120000000000003
30	37	20	20	0.039600000000000003	1.6732001030691278e-06	1.0000016732001031	1	2	0	1	1.6732001030691266	0	1.6732000000000002
32	38	20	20	0.039600000000000003	1.7128001055084868e-06	1.0000017128001055	1	2	0	1	1.7128001055084869	0	1.7128000000000003
33	16	10	10	0.039600000000000003	7.2080004440128366e-07	1.0000007208000443	1	2	0	1	0.72080004440128287	0	0.72080000000000011
35	1	1	1	0.039600000000000003	1.2480000743808047e-07	1.0000001248000074	1	2	0	1	0.12480000743808044	0	0.12479999999999999
36	52	100	100	0.039600000000000003	2.4672001618483331e-06	1.0000024672001619	1	2	0	1	2.4672001618483326	0	2.4672000000000018
37	39	20	20	0.039600000000000003	1.7524001079478475e-06	1.0000017524001079	1	2	0	1	1.7524001079478473	0	1.7524000000000004
38	40	20	20	0.039600000000000003	1.7920001103872088e-06	1.0000017920001103	1	2	0	1	1.7920001103872074	0	1.7920000000000005
40	53	100	100	0.039600000000000003	2.5068001644460908e-06	1.0000025068001643	1	2	0	1	2.5068001644460929	0	2.5068000000000019
41	54	100	100	0.039600000000000003	2.5464001670438532e-06	1.0000025464001669	1	2	0	1	2.5464001670438532	0	2.546400000000002
42	55	100	100	0.039600000000000003	2.5860001696416156e-06	1.0000025860001696	1	2	0	1	2.5860001696416135	0	2.5860000000000021
43	17	10	10	0.039600000000000003	7.6040004684064326e-07	1.0000007604000469	1	2	0	1	0.76040004684064288	0	0.76039999999999996
44	56	100	100	0.039600000000000003	2.6256001730165315e-06	1.0000026256001731	1	2	0	1	2.6256001722393849	1.1102230246251565e-16	2.6256000000000022
46	18	10	10	0.039600000000000003	8.0000004928000276e-07	1.0000008000000493	1	2	0	1	0.80000004928000312	0	0.80000000000000004
47	57	100	100	0.039600000000000003	2.6652001748371348e-06	1.0000026652001748	1	2	0	1	2.6652001748371337	0	2.6652000000000022
48	70	1000	1000	0.039600000000000003	3.2988002164013014e-06	1.0000032988002163	1	2	0	1	3.2988002164012968	0	3.2988000000000026
49	19	10	10	0.039600000000000003	8.3960005171936269e-07	1.0000008396000517	1	2	0	1	0.83960005171936314	0	0.8395999999999999
50	20	10	10	0.039600000000000003	8.7920005482485696e-07	1.0000008792000548	1	2	0	1	0.87920005415872438	1.1102230246251565e-16	0.87919999999999998
52	41	20	20	0.039600000000000003	1.8316001128265677e-06	1.0000018316001129	1	2	0	1	1.8316001128265675	0	1.8316000000000006
53	21	10	10	0.039600000000000003	9.1880005659814024e-07	1.0000009188000567	1	2	0	1	0.91880005659814024	0	0.91879999999999984
55	22	10	10	0.041599999999999998	9.6040005916070528e-07	1.0000009604000593	1	2	0	1	0.96040005916070537	0	0.96039999999999992
56	58	100	100	0.039600000000000003	2.7048001774348926e-06	1.0000027048001774	1	2	0	1	2.704800177434894	0	2.7048000000000023
57	3	2	2	0.039600000000000003	2.0400001215840092e-07	1.0000002040000122	1	2	0	1	0.20400001215840077	0	0.20400000000000001
59	23	10	10	0.039600000000000003	1.0000001803999526e-06	1.0000010000001804	1	2	0	1	1.0000001803999516	0	0.99999999999999978
60	4	2	2	0.039600000000000003	2.4360001451856102e-07	1.0000002436000146	1	2	0	1	0.24360001451856089	0	0.24360000000000001
61	59	100	100	0.039600000000000003	2.744400180032652e-06	1.00000274440018	1	2	0	1	2.7444001800326547	0	2.7444000000000024
62	60	100	100	0.039600000000000003	2.7840001826304161e-06	1.0000027840001826	1	2	0	1	2.7840001826304146	0	2.7840000000000025
63	24	10	10	0.039600000000000003	1.1584000713574457e-06	1.0000011584000714	1	2	0	1	1.1584000713574443	0	1.1583999999999999
64	61	100	100	0.039600000000000003	2.8236001852281747e-06	1.0000028236001852	1	2	0	1	2.8236001852281749	0	2.8236000000000026
65	62	100	100	0.039600000000000003	2.8632001878259345e-06	1.0000028632001878	1	2	0	1	2.8632001878259348	0	2.8632000000000026
66	25	10	10	0.039600000000000003	1.1980000737968041e-06	1.0000011980000738	1	2	0	1	1.1980000737968042	0	1.1979999999999997
67	6	5	5	0.039600000000000003	3.2280001923888121e-07	1.0000003228000192	1	2	0	1	0.32280001923888113	0	0.32279999999999998
69	63	100	100	0.039600000000000003	2.9028001904236973e-06	1.0000029028001904	1	2	0	1	2.9028001904236951	0	2.9028000000000027
70	26	10	10	0.039600000000000003	1.2376000762361651e-06	1.0000012376000762	1	2	0	1	1.2376000762361647	0	1.2375999999999998
72	42	20	20	0.039600000000000003	1.8712001152659273e-06	1.0000018712001153	1	2	0	1	1.8712001152659279	0	1.8712000000000006
73	2	1	1	0.039600000000000003	1.6440000979824077e-07	1.0000001644000098	1	2	0	1	0.16440000979824057	0	0.16439999999999999
74	64	100	100	0.039600000000000003	2.94240019302199e-06	1.0000029424001931	1	2	0	1	2.9424001930219927	0	2.9424000000000028
76	65	100	100	0.039600000000000003	2.9820005498803122e-06	1.0000029820005498	1	2	0	1	2.9820005498803113	0	2.9820000000000029
78	27	10	10	0.039600000000000003	1.2772000786755241e-06	1.0000012772000786	1	2	0	1	1.2772000786755244	0	1.2771999999999997
79	71	1000	1000	0.039600000000000003	3.3384002189990578e-06	1.0000033384002189	1	2	0	1	3.3384002189990576	0	3.3384000000000027
80	28	10	10	0.039600000000000003	1.3168000811148842e-06	1.0000013168000812	1	2	0	1	1.3168000811148848	0	1.3167999999999995
81	43	20	20	0.039600000000000003	1.9108001177052899e-06	1.0000019108001177	1	2	0	1	1.910800117705288	0	1.9108000000000007
84	72	1000	1000	0.039600000000000003	3.3384002189990578e-06	1.0000033384002189	1	2	0	1	3.3384002189990576	0	3.3384000000000027
85	29	10	10	0.039600000000000003	1.3564000842203786e-06	1.0000013564000843	1	2	0	1	1.3564000835542458	1.1102230246251565e-16	1.3563999999999996
86	44	20	20	0.039600000000000003	1.9504001201450459e-06	1.0000019504001201	1	2	0	1	1.9504001201450487	0	1.9504000000000008
87	30	10	10	0.039600000000000003	1.3960000859936065e-06	1.000001396000086	1	2	0	1	1.3960000859936048	0	1.3959999999999995
88	66	100	100	0.039600000000000003	3.0216005571825341e-06	1.0000030216005571	1	2	0	1	3.0216005571825377	0	3.021600000000003
89	67	100	100	0.039600000000000003	3.1800002086080171e-06	1.0000031800002087	1	2	0	1	3.1800002086080164	0	3.1800000000000024

[frame_retry_distribution]
frame_id	retry_count	probability
0	0	0.99999856440103052
0	1	1.4355978506212888e-06
0	2	1.1189048958496916e-12
0	3	6.2824054988085681e-19
0	4	2.8464230777376979e-25
0	5	1.1057042199243834e-31
1	0	0.99999769320266074
1	1	2.3067945365813515e-06
1	2	2.8027551892966166e-12
1	3	2.386790247700685e-18
1	4	1.5997499286080229e-24
1	5	8.9863119869326363e-31
1	6	3.3995271087920321e-37
2	0	0.99999801000197996
2	1	1.9899955233010363e-06
2	2	2.4966482297399514e-12
2	3	2.0482983720585275e-18
2	4	1.3145335900011072e-24
2	5	7.0758230060553999e-31
2	6	2.3549482594125616e-37
2	7	1.1102230246251565e-16
3	0	0.99999765360275295
3	1	2.346394349875607e-06
3	2	2.8973275647510189e-12
3	3	2.5055474045530615e-18
3	4	1.7041065129762312e-24
3	5	9.7070026613051675e-31
3	6	3.9485932148138535e-37
4	0	0.99999963560006644
4	1	3.6439984476563316e-07
4	2	8.8840676681275621e-14
4	3	1.8318416808856115e-20
4	4	3.4599031845176975e-27
4	5	6.207370883428211e-34
5	0	0.9999995960000817
5	1	4.0399981189764372e-07
5	2	1.06494343856167e-13
5	3	2.3343472548692652e-20
5	4	4.6313909074863709e-27
5	5	8.6520661477360005e-34
6	0	0.99999797040205962
6	1	2.0295953538449988e-06
6	2	2.5865161596106726e-12
6	3	2.155809994560371e-18
6	4	1.40475370288281e-24
6	5	7.6721421171178354e-31
6	6	2.7779885603946012e-37
7	0	0.99999955640009841
7	1	4.4359977589333691e-07
7	2	1.2571616874405545e-13
7	3	2.9195261323025373e-20
7	4	6.0719371603619106e-27
7	5	1.1796606659273915e-33
8	0	0.99999852480108808
8	1	1.4751977329143811e-06
8	2	1.1789779555201312e-12
8	3	6.7750906200068789e-19
8	4	3.1364305563616316e-25
8	5	1.2429944391497936e-31
9	0	0.9999976120028512
9	1	2.3879941408103879e-06
9	2	3.007917222445392e-12
9	3	2.6591071606509367e-18
9	4	1.8524913907206855e-24
9	5	1.0828566670691573e-30
9	6	4.7873337602285625e-37
9	7	1.1102230246251565e-16
10	0	0.99999971680004018
10	1	2.8319990291905649e-07
10	2	5.6979817071317042e-14
10	3	1.0074552145555845e-20
10	4	1.6745361553745153e-27
10	5	2.692862726233492e-34
11	0	0.99999773280257009
11	1	2.2671947201507888e-06
11	2	2.7097509626035636e-12
11	3	2.2718437008990847e-18
11	4	1.5002581773997155e-24
11	5	8.3090495982711436e-31
11	6	3.0759362698933972e-37
12	0	0.99999678040518292
12	1	3.2195894229874587e-06
12	2	5.3940997654202405e-12
12	3	6.2630605587793806e-18
12	4	5.6633769010245153e-24
12	5	4.2496946213287449e-30
12	6	2.6379502256317648e-36
13	0	0.99999757240294662
13	1	2.4275939475152256e-06
13	2	3.1058634927063336e-12
13	3	2.7866652173222208e-18
13	4	1.9688904790274929e-24
13	5	1.1664319428788114e-30
13	6	5.3127414479866592e-37
14	0	0.99999951680011678
14	1	4.8319973675271253e-07
14	2	1.4650615115864328e-13
14	3	3.5935882128156168e-20
14	4	7.819335417775624e-27
14	5	1.5779400515920394e-33
15	0	0.99999991480000361
15	1	8.5199987663040954e-08
15	2	8.7074382201994355e-15
15	3	9.8968293872366712e-22
15	4	1.2029671038077793e-28
15	5	1.5309472296672267e-35
15	6	1.1102230246251565e-16
16	0	0.99999848520114742
16	1	1.5147976120711629e-06
16	2	1.2406191678641426e-12
16	3	7.2928411290233807e-19
16	4	3.4480163793786064e-25
16	5	1.3935720271997355e-31
17	0	0.99999947720013671
17	1	5.227996944757702e-07
17	2	1.6886429091363308e-13
17	3	4.3627433950550275e-20
17	4	9.9138382722662981e-27
17	5	2.0755823751439098e-33
20	0	0.9999984456012081
20	1	1.5543974880916304e-06
20	2	1.3038285326954231e-12
20	3	7.836278013160086e-19
20	4	3.7822236836330555e-25
20	5	1.5583774946134437e-31
21	0	0.99999943760015819
21	1	5.6239964906250902e-07
21	2	1.9279058782272758e-13
21	3	5.2332015766836486e-20
21	4	1.2398157433793395e-26
21	5	2.6899194145070484e-33
22	0	0.99999840600127055
22	1	1.593997360975786e-06
22	2	1.3686060498276753e-12
22	3	8.4060222596209978e-19
22	4	4.1401201970169643e-25
22	5	1.7383946618373236e-31
24	0	0.9999967408053112
24	1	3.2591891638298596e-06
24	2	5.5249771080858784e-12
24	3	6.4879236128972638e-18
24	4	5.9308687902708087e-24
24	5	4.4972867301987061e-30
24	6	2.8267116945798108e-36
25	0	0.99999939800018134
25	1	6.0199960051293292e-07
25	2	2.1828504169963082e-13
25	3	6.2111726543808064e-20
25	4	1.5317463729250346e-26
25	5	3.4401745031204404e-33
26	0	0.99999836640133433
26	1	1.6335972307236294e-06
26	2	1.4349517190746081e-12
26	3	9.0026948555114604e-19
26	4	4.5227982384646537e-25
26	5	1.9346516330286349e-31
27	0	0.99999935840020593
27	1	6.4159954882703892e-07
27	2	2.4534765235804415e-13
27	3	7.3028665238419437e-20
27	4	1.8719387101976868e-26
27	5	4.3475599108820141e-33
29	0	0.99999931880023207
29	1	6.8119949400482809e-07
29	2	2.7397841961167098e-13
29	3	8.51449307977913e-20
29	4	2.2654016611273196e-26
29	5	5.4353742250697409e-33
30	0	0.99999832680139977
30	1	1.6731970973351592e-06
30	2	1.5028655402499196e-12
30	3	9.6269167878386873e-19
30	4	4.9313747179482007e-25
30	5	2.1482217698590735e-31
32	0	0.99999828720146688
32	1	1.7127969608103767e-06
32	2	1.5723475131673185e-12
32	3	1.0279309043511314e-18
32	4	5.3669911364723326e-25
32	5	2.3802246653180492e-31
33	0	0.99999927920025977
33	1	7.2079943604630148e-07
33	2	3.0417734327421479e-13
33	3	9.8522622159206412e-20
33	4	2.7173900431912437e-26
33	5	6.7290997312394124e-33
35	0	0.99999987520000777
35	1	1.2479997698688216e-07
35	2	1.5225596284954036e-14
35	3	1.9171969859389037e-21
35	4	2.4913841974650911e-28
35	5	3.3233272480405332e-35
36	0	0.9999975328030436
36	1	2.4671937510837565e-06
36	2	3.2053779111352257e-12
36	3	2.9182358610093377e-18
36	4	2.0906867058123387e-24
36	5	1.2550859292522811e-30
36	6	5.80679494103767e-37
37	0	0.99999824760153555
37	1	1.752396821149284e-06
37	2	1.6433976376405037e-12
37	3	1.0960492609339873e-18
37	4	5.8308135860697868e-25
37	5	2.6318271175157565e-31
38	0	0.99999820800160566
38	1	1.7919966783518803e-06
38	2	1.7160159134831808e-12
38	3	1.1671088472036211e-18
38	4	6.3240327497961759e-25
38	5	2.9042438221623757e-31
38	6	4.7920376868324317e-38
40	0	0.99999749320314202
40	1	2.5067935515159742e-06
40	2	3.3064604775457601e-12
40	3	3.0538811902036588e-18
40	4	2.218044272514698e-24
40	5	1.3490464977361013e-30
40	6	6.338183362341418e-37
41	0	0.9999974536032421
41	1	2.546393348811889e-06
41	2	3.4091111917516632e-12
41	3	3.1936633033868359e-18
41	4	2.3511298396670281e-24
41	5	1.4485482354897518e-30
41	6	6.9091138555164648e-37
42	0	0.99999741400334374
42	1	2.5859931429714958e-06
42	2	3.5133300535666242e-12
42	3	3.3376442990305439e-18
42	4	2.490112526894046e-24
42	5	1.5538325394268653e-30
42	6	7.521889584611095e-37
43	0	0.99999923960028914
43	1	7.603993749514573e-07
43	2	3.3594442315937689e-13
43	3	1.1322383825011075e-19
43	4	3.2334045853653356e-26
43	5	8.2564997940991715e-33
44	0	0.99999737440344683
44	1	2.6255929339947923e-06
44	2	3.619117062804343e-12
44	3	3.4858862755966985e-18
44	4	2.6351639129124309e-24
44	5	1.6651477135949869e-30
44	6	8.1789124753632687e-37
44	7	1.1102230246251565e-16
46	0	0.99999920000032005
46	1	7.999993107202967e-07
46	2	3.6927965908086219e-13
46	3	1.2931067798811513e-19
46	4	3.8191914743555035e-26
46	5	1.4584915709895773e-32
47	0	0.99999733480355169
47	1	2.6651927218817809e-06
47	2	3.7264722192785262e-12
47	3	3.6384513315373956e-18
47	4	2.7864580355302807e-24
47	5	1.7827490665553433e-30
47	6	8.8826859950235044e-37
48	0	0.99999670120544104
48	1	3.2987889015359571e-06
48	2	5.6574225950072475e-12
48	3	6.71810332028503e-18
48	4	6.2077224570800089e-24
48	5	4.7562820249385926e-30
48	6	3.0426491487867221e-36
49	0	0.99999916040035253
49	1	8.3959924335282044e-07
49	2	4.0418305085237185e-13
49	3	1.4684524028099187e-19
49	4	4.4807440908362509e-26
49	5	1.7458490709484272e-32
50	0	0.99999912080038644
50	1	8.7919917284902893e-07
50	2	4.4065459828761029e-13
50	3	1.6588960431899383e-19
50	4	7.1950688910279961e-26
50	5	2.3145740802119095e-32
50	6	1.1102230246251565e-16
52	0	0.99999816840167743
52	1	1.8315965324181631e-06
52	2	1.7902023405090467e-12
52	3	1.2411717618214026e-18
52	4	6.8478625458484188e-25
52	5	4.5546155446496146e-31
52	6	1.514950503485649e-37
53	0	0.99999908120042214
53	1	9.1879909920892143e-07
53	2	4.7869424433139829e-13
53	3	2.4337477867982191e-19
53	4	8.960148458753979e-26
53	5	2.8092955470490777e-32
55	0	0.99999903960046121
55	1	9.6039901847170141e-07
55	2	5.2034409433788451e-13
55	3	2.7174132785741104e-19
55	4	1.02749775162781e-25
55	5	3.303807129890858e-32
56	0	0.99999729520365799
56	1	2.7047925066324609e-06
56	2	3.8353955228028866e-12
56	3	3.7954015652948467e-18
56	4	2.9441713916465751e-24
56	5	1.9068990087624926e-30
56	6	9.6358179707393331e-37
57	0	0.99999979600002087
57	1	2.0399994622560727e-07
57	2	3.2966389345261255e-14
57	3	4.9822166528071048e-21
57	4	7.3597673910781982e-28
57	5	1.0796018294921067e-34
59	0	0.99999900000050013
59	1	9.9999881960069757e-07
59	2	6.8039915494372594e-13
59	3	3.1505097596594713e-19
59	4	1.1837112766895968e-25
59	5	3.8605900887654028e-32
60	0	0.99999975640002969
60	1	2.435999261404913e-07
60	2	4.4189023968219203e-14
60	3	7.2439203961673798e-21
60	4	1.1365981573595556e-27
60	5	1.7466684122129146e-34
61	0	0.99999725560376596
61	1	2.7443922882468355e-06
61	2	3.9458869731911165e-12
61	3	3.9567990753014666e-18
61	4	3.1084829372507603e-24
61	5	2.0378669442703437e-30
61	6	1.2497759875232002e-36
62	0	0.99999721600387537
62	1	2.7839920667249075e-06
62	2	4.0579465702569372e-12
62	3	4.1227059599797857e-18
62	4	3.2795736978088216e-24
62	5	2.5655435105569088e-30
62	6	1.3901892035495411e-36
63	0	0.99999884160067098
63	1	1.1583985867528634e-06
63	2	7.423017686654447e-13
63	3	3.4832775552851209e-19
63	4	1.3381049976291883e-25
63	5	4.4636131008129506e-32
64	0	0.99999717640398633
64	1	2.8235918420666676e-06
64	2	4.171574313814011e-12
64	3	4.2931843177425166e-18
64	4	3.457628305563457e-24
64	5	2.7321390334829762e-30
64	6	1.4998743832476667e-36
65	0	0.99999713680409896
65	1	2.8631916142721223e-06
65	2	4.286770203676088e-12
65	3	4.4682957161590101e-18
65	4	4.1736662207196126e-24
65	5	2.9736093220073745e-30
65	6	1.635817450758683e-36
66	0	0.99999880200071767
66	1	1.1979984910001499e-06
66	2	7.9139775440459656e-13
66	3	3.8178926144811149e-19
66	4	1.5042062481479405e-25
66	5	5.1354070933208434e-32
67	0	0.99999967720005212
67	1	3.2279987656130367e-07
67	2	7.1338768468257493e-14
67	3	1.3536210938234902e-20
67	4	2.3772509393679973e-27
67	5	3.9953873153213245e-34
69	0	0.99999709720421315
69	1	2.9027913833412735e-06
69	2	4.4035342396568588e-12
69	3	4.6481032939283176e-18
69	4	4.387570381924876e-24
69	5	3.160237984148314e-30
69	6	1.7608719189795562e-36
70	0	0.99999876240076591
70	1	1.2375983921111249e-06
70	2	8.4206189412139625e-13
70	3	4.1732261476255829e-19
70	4	1.6852724348831897e-25
70	5	5.8855478146771339e-32
72	0	0.99999812880175076
72	1	1.8711963833481355e-06
72	2	1.865956918531812e-12
72	3	1.3182998424154742e-18
72	4	1.0013778968234586e-24
72	5	5.401732696289268e-31
72	6	1.6973144718144357e-37
73	0	0.9999998356000136
73	1	1.6439996317440431e-07
73	2	2.3311913388740434e-14
73	3	3.2273418683760792e-21
73	4	4.4767081484935926e-28
73	5	6.2631340495694522e-35
74	0	0.99999705760432889
74	1	2.9423911492741117e-06
74	2	4.5218658843723171e-12
74	3	5.3698662712192075e-18
74	4	4.6767193203484369e-24
74	5	3.3650272660816422e-30
74	6	1.8937226703273043e-36
76	0	0.99999701800444629
76	1	2.9819905578101531e-06
76	2	4.9960266528157827e-12
76	3	5.6177781930241333e-18
76	4	4.9146761652171558e-24
76	5	3.571534515881607e-30
76	6	2.0347512803316302e-36
78	0	0.9999987228008157
78	1	1.2771982900857839e-06
78	2	8.9429418762954254e-13
78	3	4.5498991427092521e-19
78	4	1.8821745572115562e-25
78	5	6.7206813420227118e-32
79	0	0.99999666160557243
79	1	3.3383886361057448e-06
79	2	5.7914362259980375e-12
79	3	6.9536617792274475e-18
79	4	6.494153743739531e-24
79	5	5.027069801667468e-30
79	6	3.2512623166415238e-36
80	0	0.99999868320086704
80	1	1.3167981849241301e-06
80	2	9.4809463474274277e-13
80	3	4.9485325876245418e-19
80	4	2.0958082055911516e-25
80	5	7.6478186852417382e-32
81	0	0.99999808920182565
81	1	1.9107962311417992e-06
81	2	1.9432796473651833e-12
81	3	1.39855569378365e-18
81	4	1.0761484742177276e-24
81	5	5.8864820524264648e-31
81	6	1.8972275078685417e-37
84	0	0.99999666160557243
84	1	3.3383886361057448e-06
84	2	5.7914362259980375e-12
84	3	6.9536617792274475e-18
84	4	6.494153743739531e-24
84	5	5.027069801667468e-30
84	6	3.2512623166415238e-36
85	0	0.99999864360091983
85	1	1.3563980766261634e-06
85	2	1.0034632352746991e-12
85	3	5.3697474701654848e-19
85	4	2.3270935615566508e-25
85	5	8.6743455250154497e-32
85	6	1.1102230246251565e-16
86	0	0.99999804960190208
86	1	1.9503960757991458e-06
86	2	2.0221701264331253e-12
86	3	1.8823908291632646e-18
86	4	1.2192937075157179e-24
86	5	6.5030193385079874e-31
86	6	2.1159843154553629e-37
87	0	0.9999986040009744
87	1	1.3959979651918843e-06
87	2	1.0603999890391149e-12
87	3	5.814164778027726e-19
87	4	2.5769753977144221e-25
87	5	9.8080319508736611e-32
88	0	0.99999697840456514
88	1	3.0215903127659287e-06
88	2	5.1221995621845044e-12
88	3	5.8270638772179919e-18
88	4	5.1553531846770792e-24
88	5	3.7871666492555304e-30
88	6	2.1843531152467756e-36
89	0	0.9999968200050563
89	1	3.1799896790087524e-06
89	2	5.2647905671966295e-12
89	3	6.0434520596366385e-18
89	4	5.4050334061366541e-24
89	5	4.0131251447840265e-30
89	6	2.3429376601647673e-36

[frame_retry_cdf]
frame_id	retry_count	cumulative_probability
0	0	0.99999856440103052
0	1	0.99999999999888112
0	2	1
0	3	1
0	4	1
0	5	1
1	0	0.99999769320266074
1	1	0.99999999999719735
1	2	1
1	3	1
1	4	1
1	5	1
1	6	1
2	0	0.99999801000197996
2	1	0.99999999999750322
2	2	0.99999999999999989
2	3	0.99999999999999989
2	4	0.99999999999999989
2	5	0.99999999999999989
2	6	0.99999999999999989
2	7	1
3	0	0.99999765360275295
3	1	0.99999999999710287
3	2	1
3	3	1
3	4	1
3	5	1
3	6	1
4	0	0.99999963560006644
4	1	0.99999999999991118
4	2	1
4	3	1
4	4	1
4	5	1
5	0	0.9999995960000817
5	1	0.99999999999989364
5	2	1
5	3	1
5	4	1
5	5	1
6	0	0.99999797040205962
6	1	0.99999999999741351
6	2	1
6	3	1
6	4	1
6	5	1
6	6	1
7	0	0.99999955640009841
7	1	0.99999999999987432
7	2	1
7	3	1
7	4	1
7	5	1
8	0	0.99999852480108808
8	1	0.99999999999882105
8	2	1
8	3	1
8	4	1
8	5	1
9	0	0.9999976120028512
9	1	0.99999999999699196
9	2	0.99999999999999989
9	3	0.99999999999999989
9	4	0.99999999999999989
9	5	0.99999999999999989
9	6	0.99999999999999989
9	7	1
10	0	0.99999971680004018
10	1	0.99999999999994316
10	2	1
10	3	1
10	4	1
10	5	1
11	0	0.99999773280257009
11	1	0.99999999999729028
11	2	1
11	3	1
11	4	1
11	5	1
11	6	1
12	0	0.99999678040518292
12	1	0.99999999999460587
12	2	1
12	3	1
12	4	1
12	5	1
12	6	1
13	0	0.99999757240294662
13	1	0.99999999999689415
13	2	1
13	3	1
13	4	1
13	5	1
13	6	1
14	0	0.99999951680011678
14	1	0.99999999999985356
14	2	1
14	3	1
14	4	1
14	5	1
15	0	0.99999991480000361
15	1	0.99999999999999123
15	2	0.99999999999999989
15	3	0.99999999999999989
15	4	0.99999999999999989
15	5	0.99999999999999989
15	6	1
16	0	0.99999848520114742
16	1	0.99999999999875955
16	2	1
16	3	1
16	4	1
16	5	1
17	0	0.99999947720013671
17	1	0.99999999999983114
17	2	1
17	3	1
17	4	1
17	5	1
20	0	0.9999984456012081
20	1	0.99999999999869615
20	2	1
20	3	1
20	4	1
20	5	1
21	0	0.99999943760015819
21	1	0.99999999999980727
21	2	1
21	3	1
21	4	1
21	5	1
22	0	0.99999840600127055
22	1	0.99999999999863154
22	2	1
22	3	1
22	4	1
22	5	1
24	0	0.9999967408053112
24	1	0.99999999999447509
24	2	1
24	3	1
24	4	1
24	5	1
24	6	1
25	0	0.99999939800018134
25	1	0.99999999999978184
25	2	1
25	3	1
25	4	1
25	5	1
26	0	0.99999836640133433
26	1	0.99999999999856504
26	2	1
26	3	1
26	4	1
26	5	1
27	0	0.99999935840020593
27	1	0.99999999999975475
27	2	1
27	3	1
27	4	1
27	5	1
29	0	0.99999931880023207
29	1	0.99999999999972611
29	2	1
29	3	1
29	4	1
29	5	1
30	0	0.99999832680139977
30	1	0.99999999999849709
30	2	1
30	3	1
30	4	1
30	5	1
32	0	0.99999828720146688
32	1	0.9999999999984277
32	2	1
32	3	1
32	4	1
32	5	1
33	0	0.99999927920025977
33	1	0.9999999999996958
33	2	1
33	3	1
33	4	1
33	5	1
35	0	0.99999987520000777
35	1	0.99999999999998479
35	2	1
35	3	1
35	4	1
35	5	1
36	0	0.9999975328030436
36	1	0.99999999999679468
36	2	1
36	3	1
36	4	1
36	5	1
36	6	1
37	0	0.99999824760153555
37	1	0.99999999999835665
37	2	1
37	3	1
37	4	1
37	5	1
38	0	0.99999820800160566
38	1	0.99999999999828404
38	2	1
38	3	1
38	4	1
38	5	1
38	6	1
40	0	0.99999749320314202
40	1	0.99999999999669353
40	2	1
40	3	1
40	4	1
40	5	1
40	6	1
41	0	0.9999974536032421
41	1	0.99999999999659095
41	2	1
41	3	1
41	4	1
41	5	1
41	6	1
42	0	0.99999741400334374
42	1	0.9999999999964867
42	2	1
42	3	1
42	4	1
42	5	1
42	6	1
43	0	0.99999923960028914
43	1	0.99999999999966405
43	2	1
43	3	1
43	4	1
43	5	1
44	0	0.99999737440344683
44	1	0.99999999999638078
44	2	0.99999999999999989
44	3	0.99999999999999989
44	4	0.99999999999999989
44	5	0.99999999999999989
44	6	0.99999999999999989
44	7	1
46	0	0.99999920000032005
46	1	0.99999999999963074
46	2	1
46	3	1
46	4	1
46	5	1
47	0	0.99999733480355169
47	1	0.99999999999627354
47	2	1
47	3	1
47	4	1
47	5	1
47	6	1
48	0	0.99999670120544104
48	1	0.99999999999434253
48	2	1
48	3	1
48	4	1
48	5	1
48	6	1
49	0	0.99999916040035253
49	1	0.99999999999959588
49	2	1
49	3	1
49	4	1
49	5	1
50	0	0.99999912080038644
50	1	0.99999999999955924
50	2	0.99999999999999989
50	3	0.99999999999999989
50	4	0.99999999999999989
50	5	0.99999999999999989
50	6	1
52	0	0.99999816840167743
52	1	0.99999999999820988
52	2	1
52	3	1
52	4	1
52	5	1
52	6	1
53	0	0.99999908120042214
53	1	0.99999999999952138
53	2	1
53	3	1
53	4	1
53	5	1
55	0	0.99999903960046121
55	1	0.99999999999947964
55	2	1
55	3	1
55	4	1
55	5	1
56	0	0.99999729520365799
56	1	0.99999999999616462
56	2	1
56	3	1
56	4	1
56	5	1
56	6	1
57	0	0.99999979600002087
57	1	0.99999999999996714
57	2	1
57	3	1
57	4	1
57	5	1
59	0	0.99999900000050013
59	1	0.99999999999931977
59	2	1
59	3	1
59	4	1
59	5	1
60	0	0.99999975640002969
60	1	0.99999999999995581
60	2	1
60	3	1
60	4	1
60	5	1
61	0	0.99999725560376596
61	1	0.99999999999605416
61	2	1
61	3	1
61	4	1
61	5	1
61	6	1
62	0	0.99999721600387537
62	1	0.99999999999594213
62	2	1
62	3	1
62	4	1
62	5	1
62	6	1
63	0	0.99999884160067098
63	1	0.9999999999992577
63	2	1
63	3	1
63	4	1
63	5	1
64	0	0.99999717640398633
64	1	0.99999999999582845
64	2	1
64	3	1
64	4	1
64	5	1
64	6	1
65	0	0.99999713680409896
65	1	0.99999999999571321
65	2	1
65	3	1
65	4	1
65	5	1
65	6	1
66	0	0.99999880200071767
66	1	0.99999999999920863
66	2	1
66	3	1
66	4	1
66	5	1
67	0	0.99999967720005212
67	1	0.99999999999992872
67	2	1
67	3	1
67	4	1
67	5	1
69	0	0.99999709720421315
69	1	0.99999999999559652
69	2	1
69	3	1
69	4	1
69	5	1
69	6	1
70	0	0.99999876240076591
70	1	0.99999999999915801
70	2	1
70	3	1
70	4	1
70	5	1
72	0	0.99999812880175076
72	1	0.99999999999813416
72	2	1
72	3	1
72	4	1
72	5	1
72	6	1
73	0	0.9999998356000136
73	1	0.9999999999999768
73	2	1
73	3	1
73	4	1
73	5	1
74	0	0.99999705760432889
74	1	0.99999999999547817
74	2	1
74	3	1
74	4	1
74	5	1
74	6	1
76	0	0.99999701800444629
76	1	0.99999999999500411
76	2	1
76	3	1
76	4	1
76	5	1
76	6	1
78	0	0.9999987228008157
78	1	0.99999999999910583
78	2	1
78	3	1
78	4	1
78	5	1
79	0	0.99999666160557243
79	1	0.99999999999420852
79	2	1
79	3	1
79	4	1
79	5	1
79	6	1
80	0	0.99999868320086704
80	1	0.99999999999905198
80	2	1
80	3	1
80	4	1
80	5	1
81	0	0.99999808920182565
81	1	0.99999999999805678
81	2	1
81	3	1
81	4	1
81	5	1
81	6	1
84	0	0.99999666160557243
84	1	0.99999999999420852
84	2	1
84	3	1
84	4	1
84	5	1
84	6	1
85	0	0.99999864360091983
85	1	0.99999999999899647
85	2	0.99999999999999989
85	3	0.99999999999999989
85	4	0.99999999999999989
85	5	0.99999999999999989
85	6	1
86	0	0.99999804960190208
86	1	0.99999999999797784
86	2	1
86	3	1
86	4	1
86	5	1
86	6	1
87	0	0.9999986040009744
87	1	0.99999999999893963
87	2	1
87	3	1
87	4	1
87	5	1
88	0	0.99999697840456514
88	1	0.99999999999487788
88	2	1
88	3	1
88	4	1
88	5	1
88	6	1
89	0	0.9999968200050563
89	1	0.99999999999473532
89	2	1
89	3	1
89	4	1
89	5	1
89	6	1

[frame_wcrt_distribution]
frame_id	response_time_ms	probability
0	1.4355999999999998	0.99999856440103052
0	1.4971999999999999	1.4355978506212888e-06
0	1.5587999999999997	1.1189048958496916e-12
0	1.6203999999999998	6.2824054988085681e-19
0	1.6248000000000002	8.1151147711214807e-40
0	1.6819999999999997	2.8464230777376979e-25
0	1.7435999999999998	1.1057042118092686e-31
1	2.2980000000000014	8.1151147711214807e-40
1	2.3068000000000013	0.99999769320266074
1	2.3684000000000012	2.3067945365813515e-06
1	2.4300000000000015	2.8027551892966166e-12
1	2.4784000000000015	7.6455506361699676e-38
1	2.4916000000000014	2.386790247700685e-18
1	2.5532000000000012	1.5997499286080229e-24
1	2.6148000000000011	8.9863119788175207e-31
1	2.6764000000000014	2.6349720451750358e-37
2	1.9900000000000009	0.99999801000197996
2	2.1792000000000011	8.1151147711214807e-40
2	2.2496000000000009	1.9899955233010363e-06
2	2.2980000000000009	2.2173084999990585e-32
2	2.3112000000000013	2.4966482297399514e-12
2	2.3596000000000008	5.2438528957043301e-38
2	2.3728000000000011	2.0482983720585275e-18
2	2.434400000000001	1.3145335900011072e-24
2	2.4960000000000009	6.8540921479403798e-31
2	2.5576000000000012	1.8305629698421286e-37
2	50.061599999999999	1.1102230246251565e-16
3	2.3376000000000015	8.1151147711214807e-40
3	2.3464000000000014	0.99999765360275295
3	2.4080000000000013	2.346394349875607e-06
3	2.4696000000000016	2.8973275647510189e-12
3	2.5180000000000016	8.6255159101353419e-38
3	2.5312000000000014	2.5055474045530615e-18
3	2.5928000000000013	1.7041065129762312e-24
3	2.6544000000000012	9.7070026531900519e-31
3	2.7160000000000015	3.0860416238003195e-37
4	0.3644	0.99999963560006644
4	0.42599999999999999	3.6439984476563316e-07
4	0.48760000000000003	8.8840676681275621e-14
4	0.54920000000000002	1.8318416808856115e-20
4	0.61080000000000001	3.4599031845176975e-27
4	0.6724	6.207370883428211e-34
5	0.40400000000000003	0.9999995960000817
5	0.46560000000000001	4.0399981189764372e-07
5	0.5272	1.06494343856167e-13
5	0.58879999999999999	2.3343472548692652e-20
5	0.65040000000000009	4.6313909074863709e-27
5	0.71199999999999997	8.6520661477360005e-34
6	2.0296000000000012	0.99999797040205962
6	2.2188000000000012	8.1151147711214807e-40
6	2.289200000000001	2.0295953538449988e-06
6	2.337600000000001	2.4063527721700738e-32
6	2.3508000000000013	2.5865161596106726e-12
6	2.3992000000000013	5.9619444680985866e-38
6	2.4124000000000012	2.155809994560371e-18
6	2.4740000000000011	1.40475370288281e-24
6	2.535600000000001	7.4315068317857135e-31
6	2.5972000000000013	2.1817941135847426e-37
7	0.44360000000000005	0.99999955640009841
7	0.50520000000000009	4.4359977589333691e-07
7	0.56680000000000008	1.2571616874405545e-13
7	0.62840000000000007	2.9195261323025373e-20
7	0.69000000000000006	6.0719371603619106e-27
7	0.75160000000000005	1.1796606659273915e-33
8	1.4751999999999996	0.99999852480108808
8	1.5367999999999997	1.4751977329143811e-06
8	1.5983999999999996	1.1789779555201312e-12
8	1.6599999999999997	6.7750906200068789e-19
8	1.6644000000000001	8.1151147711214807e-40
8	1.7215999999999996	3.1364305563616316e-25
8	1.7831999999999997	1.2429944310346787e-31
9	2.3880000000000017	0.9999976120028512
9	2.3992000000000018	1.6430203687262489e-39
9	2.4536000000000016	2.3879941408103879e-06
9	2.5192000000000019	3.007917222445392e-12
9	2.5848000000000018	2.6591071606509367e-18
9	2.6504000000000016	1.8524913907206855e-24
9	2.7160000000000015	1.0828566654261368e-30
9	2.7816000000000018	4.7873337602285625e-37
9	100.0656	1.1102230246251565e-16
10	0.28320000000000001	0.99999971680004018
10	0.34279999999999999	2.8319990291905649e-07
10	0.40239999999999998	5.6979817071317042e-14
10	0.46200000000000002	1.0074552145555845e-20
10	0.52160000000000006	1.6745361553745153e-27
10	0.58119999999999994	2.692862726233492e-34
11	2.2584000000000013	8.1151147711214807e-40
11	2.2672000000000012	0.99999773280257009
11	2.3288000000000011	2.2671947201507888e-06
11	2.3772000000000011	2.4972558884216921e-32
11	2.3904000000000014	2.7097509626035636e-12
11	2.4388000000000014	6.7601767676930494e-38
11	2.4520000000000013	2.2718437008990847e-18
11	2.5136000000000012	1.5002581773997155e-24
11	2.575200000000001	8.0593240013138593e-31
11	2.6368000000000014	2.3999185931240926e-37
12	3.1120000000000028	1.0382104335251053e-39
12	3.2196000000000025	0.99999678040518292
12	3.2852000000000023	3.2195894229874587e-06
12	3.3508000000000027	5.3940997654202405e-12
12	3.4164000000000025	6.2630605587793806e-18
12	3.428800000000003	3.4738512982383929e-33
12	3.4820000000000024	5.6633769010245153e-24
12	3.4944000000000033	6.5133407668533137e-37
12	3.5476000000000023	4.2462207689922959e-30
12	3.6132000000000026	1.9866161489464329e-36
13	2.4276000000000018	0.99999757240294662
13	2.4388000000000014	8.1151147711214807e-40
13	2.4932000000000016	2.4275939475152256e-06
13	2.558800000000002	3.1058634927063336e-12
13	2.6244000000000018	2.7866652173222208e-18
13	2.6900000000000017	1.9688904790274929e-24
13	2.7556000000000016	1.1664319420672998e-30
13	2.8212000000000019	5.3127414479866592e-37
14	0.48320000000000007	0.99999951680011678
14	0.54480000000000006	4.8319973675271253e-07
14	0.60640000000000005	1.4650615115864328e-13
14	0.66800000000000015	3.5935882128156168e-20
14	0.72960000000000003	7.819335417775624e-27
14	0.79120000000000013	1.5779400515920394e-33
15	0.085199999999999998	0.99999991480000361
15	0.14479999999999998	8.5199987663040954e-08
15	0.2044	8.7074382201994355e-15
15	0.26400000000000001	9.8968293872366712e-22
15	0.3236	1.2029671038077793e-28
15	0.38319999999999999	1.5309472296672267e-35
15	1.0596000000000001	1.1102230246251565e-16
16	1.5147999999999999	0.99999848520114742
16	1.5764	1.5147976120711629e-06
16	1.6379999999999999	1.2406191678641426e-12
16	1.6996	7.2928411290233807e-19
16	1.7040000000000004	8.1151147711214807e-40
16	1.7611999999999999	3.4480163793786064e-25
16	1.8228	1.3935720190846208e-31
17	0.52280000000000015	0.99999947720013671
17	0.58440000000000014	5.227996944757702e-07
17	0.64600000000000013	1.6886429091363308e-13
17	0.70760000000000023	4.3627433950550275e-20
17	0.76920000000000011	9.9138382722662981e-27
17	0.8308000000000002	2.0755823751439098e-33
20	1.5543999999999998	0.9999984456012081
20	1.6159999999999999	1.5543974880916304e-06
20	1.6775999999999998	1.3038285326954231e-12
20	1.7391999999999999	7.836278013160086e-19
20	1.7436000000000003	8.1151147711214807e-40
20	1.8007999999999997	3.7822236836330555e-25
20	1.8623999999999998	1.5583774864983289e-31
21	0.56240000000000012	0.99999943760015819
21	0.62400000000000011	5.6239964906250902e-07
21	0.6856000000000001	1.9279058782272758e-13
21	0.74720000000000009	5.2332015766836486e-20
21	0.80880000000000019	1.2398157433793395e-26
21	0.87040000000000006	2.6899194145070484e-33
22	1.5940000000000001	0.99999840600127055
22	1.6556000000000002	1.593997360975786e-06
22	1.7172000000000001	1.3686060498276753e-12
22	1.7788000000000002	8.4060222596209978e-19
22	1.7832000000000006	8.1151147711214807e-40
22	1.8404	4.1401201970169643e-25
22	1.9020000000000001	1.7383946537222089e-31
24	3.1516000000000028	8.1151147711214807e-40
24	3.2592000000000025	0.9999967408053112
24	3.3248000000000024	3.2591891638298596e-06
24	3.3904000000000027	5.5249771080858784e-12
24	3.4560000000000026	6.4879236128972638e-18
24	3.468400000000003	3.2835033121293577e-33
24	3.5216000000000025	5.9308687902708087e-24
24	3.5340000000000034	7.0867421813096382e-37
24	3.5872000000000024	4.4940032260750659e-30
24	3.6528000000000027	2.118037476448847e-36
25	0.60200000000000009	0.99999939800018134
25	0.66360000000000008	6.0199960051293292e-07
25	0.72520000000000007	2.1828504169963082e-13
25	0.78680000000000017	6.2111726543808064e-20
25	0.84840000000000004	1.5317463729250346e-26
25	0.91000000000000014	3.4401745031204404e-33
26	1.6336000000000002	0.99999836640133433
26	1.6952000000000003	1.6335972307236294e-06
26	1.7568000000000001	1.4349517190746081e-12
26	1.8184000000000002	9.0026948555114604e-19
26	1.8228000000000006	8.1151147711214807e-40
26	1.8800000000000001	4.5227982384646537e-25
26	1.9416000000000002	1.93465162491352e-31
27	0.64160000000000017	0.99999935840020593
27	0.70320000000000016	6.4159954882703892e-07
27	0.76480000000000015	2.4534765235804415e-13
27	0.82640000000000025	7.3028665238419437e-20
27	0.88800000000000012	1.8719387101976868e-26
27	0.94960000000000022	4.3475599108820141e-33
29	0.68120000000000003	0.99999931880023207
29	0.74280000000000002	6.8119949400482809e-07
29	0.8044	2.7397841961167098e-13
29	0.8660000000000001	8.51449307977913e-20
29	0.92759999999999998	2.2654016611273196e-26
29	0.98920000000000008	5.4353742250697409e-33
30	1.6732000000000002	0.99999832680139977
30	1.7348000000000003	1.6731970973351592e-06
30	1.7964000000000002	1.5028655402499196e-12
30	1.8580000000000003	9.6269167878386873e-19
30	1.8624000000000007	8.1151147711214807e-40
30	1.9196000000000002	4.9313747179482007e-25
30	1.9812000000000003	2.1482217617439584e-31
32	1.7128000000000003	0.99999828720146688
32	1.7744000000000004	1.7127969608103767e-06
32	1.8360000000000003	1.5723475131673185e-12
32	1.8976000000000004	1.0279309043511314e-18
32	1.9020000000000008	8.1151147711214807e-40
32	1.9592000000000003	5.3669911364723326e-25
32	2.0208000000000004	2.3802246572029345e-31
33	0.72080000000000011	0.99999927920025977
33	0.7824000000000001	7.2079943604630148e-07
33	0.84400000000000008	3.0417734327421479e-13
33	0.90560000000000018	9.8522622159206412e-20
33	0.96720000000000006	2.7173900431912437e-26
33	1.0288000000000002	6.7290997312394124e-33
35	0.12479999999999999	0.99999987520000777
35	0.18440000000000001	1.2479997698688216e-07
35	0.24399999999999999	1.5225596284954036e-14
35	0.30359999999999998	1.9171969859389037e-21
35	0.36319999999999997	2.4913841974650911e-28
35	0.42279999999999995	3.3233272480405332e-35
36	2.4672000000000018	0.9999975328030436
36	2.4784000000000015	8.1151147711214807e-40
36	2.5328000000000017	2.4671937510837565e-06
36	2.598400000000002	3.2053779111352257e-12
36	2.6640000000000019	2.9182358610093377e-18
36	2.7296000000000018	2.0906867058123387e-24
36	2.7952000000000017	1.2550859284407697e-30
36	2.860800000000002	5.80679494103767e-37
37	1.7524000000000004	0.99999824760153555
37	1.8140000000000005	1.752396821149284e-06
37	1.8756000000000004	1.6433976376405037e-12
37	1.9372000000000005	1.0960492609339873e-18
37	1.9416000000000009	8.1151147711214807e-40
37	1.9988000000000004	5.8308135860697868e-25
37	2.0604000000000005	2.6318271094006414e-31
38	1.7920000000000005	0.99999820800160566
38	1.8536000000000006	1.7919966783518803e-06
38	1.9152000000000005	1.7160159134831808e-12
38	1.9768000000000006	1.1671088472036211e-18
38	1.981200000000001	8.1151147711214807e-40
38	2.0384000000000007	6.3240327497961759e-25
38	2.1000000000000005	1.8205628911704819e-31
38	2.1616000000000004	1.9788018788699078e-38
38	2.2980000000000005	1.0836809228767795e-31
38	2.3596000000000004	2.8132358079625242e-38
40	2.5068000000000019	0.99999749320314202
40	2.5180000000000016	8.1151147711214807e-40
40	2.5724000000000018	2.5067935515159742e-06
40	2.6380000000000021	3.3064604775457601e-12
40	2.703600000000002	3.0538811902036588e-18
40	2.7692000000000019	2.218044272514698e-24
40	2.8348000000000018	1.3490464969245897e-30
40	2.9004000000000021	6.338183362341418e-37
41	2.546400000000002	0.9999974536032421
41	2.5576000000000016	8.1151147711214807e-40
41	2.6120000000000019	2.546393348811889e-06
41	2.6776000000000022	3.4091111917516632e-12
41	2.7432000000000021	3.1936633033868359e-18
41	2.808800000000002	2.3511298396670281e-24
41	2.8744000000000018	1.4485482346782403e-30
41	2.9400000000000022	6.9091138555164648e-37
42	2.5860000000000021	0.99999741400334374
42	2.5972000000000017	8.1151147711214807e-40
42	2.651600000000002	2.5859931429714958e-06
42	2.7172000000000023	3.5133300535666242e-12
42	2.7828000000000022	3.3376442990305439e-18
42	2.848400000000002	2.490112526894046e-24
42	2.9140000000000019	1.553832538615354e-30
42	2.9796000000000022	7.521889584611095e-37
43	0.76039999999999996	0.99999923960028914
43	0.82199999999999995	7.603993749514573e-07
43	0.88359999999999994	3.3594442315937689e-13
43	0.94520000000000004	1.1322383825011075e-19
43	1.0067999999999999	3.2334045853653356e-26
43	1.0684	8.2564997940991715e-33
44	2.6256000000000022	0.99999737440344683
44	2.6368000000000018	8.1151147711214807e-40
44	2.691200000000002	2.6255929339947923e-06
44	2.7568000000000024	3.619117062804343e-12
44	2.8224000000000022	3.4858862755966985e-18
44	2.8880000000000021	2.6351639129124309e-24
44	2.953600000000002	1.6651477127834753e-30
44	3.0192000000000023	8.1789124753632687e-37
44	100.0656	1.1102230246251565e-16
46	0.80000000000000004	0.99999920000032005
46	0.86160000000000003	7.999993107202967e-07
46	0.92320000000000002	3.6927965908086219e-13
46	0.98480000000000012	1.2931067798811513e-19
46	1.1080000000000001	4.502147351854564e-33
46	1.1652000000000002	3.8191914743555035e-26
46	1.2268000000000003	1.0082768358041215e-32
47	2.6652000000000022	0.99999733480355169
47	2.6764000000000019	8.1151147711214807e-40
47	2.7308000000000021	2.6651927218817809e-06
47	2.7964000000000024	3.7264722192785262e-12
47	2.8620000000000023	3.6384513315373956e-18
47	2.9276000000000022	2.7864580355302807e-24
47	2.9932000000000021	1.7827490657438318e-30
47	3.0588000000000024	8.8826859950235044e-37
48	3.1912000000000029	8.1151147711214807e-40
48	3.2988000000000026	0.99999670120544104
48	3.3644000000000025	3.2987889015359571e-06
48	3.4300000000000028	5.6574225950072475e-12
48	3.4956000000000027	6.71810332028503e-18
48	3.5080000000000031	3.3712588255943429e-33
48	3.5612000000000026	6.2077224570800089e-24
48	3.5736000000000034	7.7029397752786381e-37
48	3.6268000000000025	4.7529107653014868e-30
48	3.6924000000000028	2.2723551712588582e-36
49	0.8395999999999999	0.99999916040035253
49	0.90119999999999989	8.3959924335282044e-07
49	0.96279999999999988	4.0418305085237185e-13
49	1.0244	1.4684524028099187e-19
49	1.1476	5.5173632692112177e-33
49	1.2048000000000001	4.4807440908362509e-26
49	1.2664000000000002	1.1941127440273057e-32
50	0.87919999999999998	0.99999912080038644
50	0.94079999999999997	8.7919917284902893e-07
50	1.0024	4.4065459828761029e-13
50	1.1828000000000003	1.6588960431899383e-19
50	1.1872	4.7955459781620996e-33
50	1.2444000000000002	7.1950688910279961e-26
50	1.3060000000000003	1.8350194823956998e-32
50	10.0616	1.1102230246251565e-16
52	1.8316000000000006	0.99999816840167743
52	1.8932000000000007	1.8315965324181631e-06
52	1.9548000000000005	1.7902023405090467e-12
52	2.0164000000000004	1.2411717618214026e-18
52	2.0208000000000008	8.1151147711214807e-40
52	2.1396000000000006	5.7850974043957349e-32
52	2.2012000000000005	3.0475714413079833e-38
52	2.2760000000000007	6.8478625458484188e-25
52	2.3376000000000006	3.9761057960949282e-31
52	2.3992000000000009	1.2101933593548507e-37
53	0.91879999999999984	0.99999908120042214
53	0.98039999999999983	9.1879909920892143e-07
53	1.1608000000000001	4.7869424433139829e-13
53	1.2224000000000002	2.4337477867982191e-19
53	1.2267999999999999	5.6709623025542345e-33
53	1.284	8.960148458753979e-26
53	1.3456000000000001	2.2421993167936551e-32
55	0.96039999999999992	0.99999903960046121
55	1.022	9.6039901847170141e-07
55	1.2024000000000001	5.2034409433788451e-13
55	1.2640000000000002	2.7174132785741104e-19
55	1.2684	7.058548404624276e-33
55	1.3256000000000001	1.02749775162781e-25
55	1.3872000000000002	2.5979522894284296e-32
56	2.7048000000000023	0.99999729520365799
56	2.716000000000002	8.1151147711214807e-40
56	2.7704000000000022	2.7047925066324609e-06
56	2.8360000000000025	3.8353955228028866e-12
56	2.9016000000000024	3.7954015652948467e-18
56	2.9672000000000023	2.9441713916465751e-24
56	3.0328000000000022	1.906899007950981e-30
56	3.0984000000000025	9.6358179707393331e-37
57	0.20400000000000001	0.99999979600002087
57	0.2636	2.0399994622560727e-07
57	0.32320000000000004	3.2966389345261255e-14
57	0.38280000000000003	4.9822166528071048e-21
57	0.44240000000000002	7.3597673910781982e-28
57	0.502	1.0796018294921067e-34
59	0.99999999999999978	0.99999900000050013
59	1.1804000000000001	9.9999881960069757e-07
59	1.242	6.8039915494372594e-13
59	1.3036000000000001	3.1505097596594713e-19
59	1.3079999999999998	6.8089340599709625e-33
59	1.3652	1.1837112766895968e-25
59	1.4268000000000001	3.1796966827683067e-32
60	0.24360000000000001	0.99999975640002969
60	0.30320000000000003	2.435999261404913e-07
60	0.36280000000000001	4.4189023968219203e-14
60	0.4224	7.2439203961673798e-21
60	0.48199999999999998	1.1365981573595556e-27
60	0.54159999999999997	1.7466684122129146e-34
61	2.7444000000000024	0.99999725560376596
61	2.755600000000002	8.1151147711214807e-40
61	2.8100000000000023	2.7443922882468355e-06
61	2.8756000000000026	3.9458869731911165e-12
61	2.9412000000000025	3.9567990753014666e-18
61	3.0068000000000024	3.1084829372507603e-24
61	3.0724000000000022	3.0660732331572569e-31
61	3.1380000000000026	5.3607920305781235e-37
61	3.1912000000000016	1.7312596201431063e-30
61	3.2568000000000019	7.1369678446538775e-37
62	2.7840000000000025	0.99999721600387537
62	2.7952000000000017	8.1151147711214807e-40
62	2.8496000000000024	2.7839920667249075e-06
62	2.9152000000000027	4.0579465702569372e-12
62	2.9808000000000026	4.1227059599797857e-18
62	3.1120000000000023	1.3055581668420957e-31
62	3.1652000000000013	3.2795736978088216e-24
62	3.1776000000000026	3.3810850637865071e-37
62	3.2308000000000012	2.4349876930611879e-30
62	3.2964000000000016	1.0520806971708904e-36
63	1.1583999999999999	0.99999884160067098
63	1.22	1.1583985867528634e-06
63	1.2815999999999999	7.423017686654447e-13
63	1.3431999999999999	3.4832775552851209e-19
63	1.3475999999999999	8.1151147711214807e-40
63	1.4047999999999998	1.3381049976291883e-25
63	1.4663999999999999	4.463613019661803e-32
64	2.8236000000000026	0.99999717640398633
64	2.8348000000000022	8.1151147711214807e-40
64	2.8892000000000024	2.8235918420666676e-06
64	2.9548000000000028	4.171574313814011e-12
64	3.0204000000000026	4.2931843177425166e-18
64	3.1516000000000024	1.3683066225396643e-31
64	3.2048000000000019	3.457628305563457e-24
64	3.2172000000000027	3.6976873960038115e-37
64	3.2704000000000018	2.5953083704174982e-30
64	3.3360000000000021	1.1301056436472856e-36
65	2.8632000000000026	0.99999713680409896
65	2.8744000000000018	8.1151147711214807e-40
65	2.9288000000000025	2.8631916142721223e-06
65	2.9944000000000028	4.286770203676088e-12
65	3.1788000000000016	4.4682957161590101e-18
65	3.1912000000000025	1.2506884751680632e-31
65	3.2444000000000015	4.1736662207196126e-24
65	3.2568000000000028	3.4465494488434736e-37
65	3.3100000000000014	2.8485404736790565e-30
65	3.3756000000000017	1.2911625058743353e-36
66	1.1979999999999997	0.99999880200071767
66	1.2595999999999998	1.1979984910001499e-06
66	1.3211999999999997	7.9139775440459656e-13
66	1.3827999999999998	3.8178926144811149e-19
66	1.3871999999999998	8.1151147711214807e-40
66	1.4443999999999997	1.5042062481479405e-25
66	1.5059999999999998	5.1354070121696963e-32
67	0.32279999999999998	0.99999967720005212
67	0.38239999999999996	3.2279987656130367e-07
67	0.44199999999999995	7.1338768468257493e-14
67	0.50160000000000005	1.3536210938234902e-20
67	0.56119999999999992	2.3772509393679973e-27
67	0.62080000000000002	3.9953873153213245e-34
69	2.9028000000000027	0.99999709720421315
69	2.9140000000000024	8.1151147711214807e-40
69	2.9684000000000026	2.9027913833412735e-06
69	3.0340000000000029	4.4035342396568588e-12
69	3.2184000000000021	4.6481032939283176e-18
69	3.2308000000000026	1.3128232218690184e-31
69	3.284000000000002	4.387570381924876e-24
69	3.2964000000000029	3.7863968848865659e-37
69	3.3496000000000019	3.0289556611498996e-30
69	3.4152000000000022	1.3822322304908997e-36
70	1.2375999999999998	0.99999876240076591
70	1.2991999999999999	1.2375983921111249e-06
70	1.3607999999999998	8.4206189412139625e-13
70	1.4223999999999999	4.1732261476255829e-19
70	1.4267999999999998	8.1151147711214807e-40
70	1.4839999999999998	1.6852724348831897e-25
70	1.5455999999999999	5.8855477335259857e-32
72	1.8712000000000006	0.99999812880175076
72	1.9328000000000007	1.8711963833481355e-06
72	1.9944000000000006	1.865956918531812e-12
72	2.0604000000000009	8.1151147711214807e-40
72	2.1792000000000007	2.0808720996405226e-32
72	2.2408000000000006	3.506765039502373e-38
72	2.2540000000000009	1.3182998424154742e-18
72	2.3156000000000008	1.0013778968234586e-24
72	2.3772000000000006	5.1936454782101004e-31
72	2.438800000000001	1.3466379678641984e-37
73	0.16439999999999999	0.9999998356000136
73	0.22399999999999998	1.6439996317440431e-07
73	0.28359999999999996	2.3311913388740434e-14
73	0.34320000000000001	3.2273418683760792e-21
73	0.40279999999999999	4.4767081484935926e-28
73	0.46239999999999998	6.2631340495694522e-35
74	2.9424000000000028	0.99999705760432889
74	2.9536000000000024	8.1151147711214807e-40
74	3.0080000000000027	2.9423911492741117e-06
74	3.1924000000000023	4.5218658843723171e-12
74	3.2580000000000022	5.3698662712192075e-18
74	3.2704000000000026	8.6576548269556901e-32
74	3.3236000000000021	4.6767193203484369e-24
74	3.336000000000003	4.1537225720289544e-37
74	3.389200000000002	3.2784507170005739e-30
74	3.4548000000000023	1.4783504131244091e-36
76	2.9820000000000029	0.99999701800444629
76	2.9932000000000025	8.1151147711214807e-40
76	3.1664000000000021	2.9819905578101531e-06
76	3.2320000000000024	4.9960266528157827e-12
76	3.2976000000000023	5.6177781930241333e-18
76	3.3100000000000027	8.9355965816837956e-32
76	3.3632000000000022	4.9146761652171558e-24
76	3.375600000000003	4.5502758791550083e-37
76	3.4288000000000021	3.4821785492532579e-30
76	3.4944000000000024	1.5797236924161291e-36
78	1.2771999999999997	0.9999987228008157
78	1.3387999999999998	1.2771982900857839e-06
78	1.4003999999999996	8.9429418762954254e-13
78	1.4619999999999997	4.5498991427092521e-19
78	1.4663999999999999	8.1151147711214807e-40
78	1.5235999999999996	1.8821745572115562e-25
78	1.5851999999999997	6.7206812608715646e-32
79	3.230800000000003	8.1151147711214807e-40
79	3.3384000000000027	0.99999666160557243
79	3.4040000000000026	3.3383886361057448e-06
79	3.4696000000000029	5.7914362259980375e-12
79	3.5352000000000028	6.9536617792274475e-18
79	3.5476000000000032	3.5086273989820142e-33
79	3.6008000000000027	6.494153743739531e-24
79	3.6132000000000035	8.3631745842783083e-37
79	3.6664000000000025	5.0235611734569744e-30
79	3.7320000000000029	2.4149448582136925e-36
80	1.3167999999999995	0.99999868320086704
80	1.3783999999999996	1.3167981849241301e-06
80	1.4399999999999995	9.4809463474274277e-13
80	1.5015999999999996	4.9485325876245418e-19
80	1.506	8.1151147711214807e-40
80	1.5631999999999995	2.0958082055911516e-25
80	1.6247999999999996	7.647818604090591e-32
81	1.9108000000000007	0.99999808920182565
81	1.9724000000000008	1.9107962311417992e-06
81	2.0340000000000007	1.9432796473651833e-12
81	2.100000000000001	8.1151147711214807e-40
81	2.2188000000000008	2.253834944847524e-32
81	2.2804000000000006	4.0222234378510945e-38
81	2.293600000000001	1.39855569378365e-18
81	2.3552000000000008	1.0761484742177276e-24
81	2.4168000000000007	5.661098549826598e-31
81	2.478400000000001	1.4950051640834324e-37
84	3.230800000000003	8.1151147711214807e-40
84	3.3384000000000027	0.99999666160557243
84	3.4040000000000026	3.3383886361057448e-06
84	3.4696000000000029	5.7914362259980375e-12
84	3.5352000000000028	6.9536617792274475e-18
84	3.5476000000000032	3.5086273989820142e-33
84	3.6008000000000027	6.494153743739531e-24
84	3.6132000000000035	8.3631745842783083e-37
84	3.6664000000000025	5.0235611734569744e-30
84	3.7320000000000029	2.4149448582136925e-36
85	1.3563999999999996	0.99999864360091983
85	1.4179999999999997	1.3563980766261634e-06
85	1.4795999999999996	1.0034632352746991e-12
85	1.5411999999999997	5.3697474701654848e-19
85	1.5456000000000001	8.1151147711214807e-40
85	1.6027999999999996	2.3270935615566508e-25
85	1.6643999999999997	8.6743454438643004e-32
85	10.0616	1.1102230246251565e-16
86	1.9504000000000008	0.99999804960190208
86	2.0120000000000009	1.9503960757991458e-06
86	2.1396000000000011	8.1151147711214807e-40
86	2.2584000000000009	2.049604476765844e-32
86	2.2716000000000012	2.0221701264331253e-12
86	2.3200000000000007	4.5993317890550375e-38
86	2.3332000000000011	1.8823908291632646e-18
86	2.3948000000000009	1.2192937075157179e-24
86	2.4564000000000008	6.2980588827162879e-31
86	2.5180000000000011	1.6560511365498591e-37
87	1.3959999999999995	0.9999986040009744
87	1.4575999999999996	1.3959979651918843e-06
87	1.5191999999999994	1.0603999890391149e-12
87	1.5807999999999995	5.814164778027726e-19
87	1.5851999999999999	8.1151147711214807e-40
87	1.6423999999999994	2.5769753977144221e-25
87	1.7039999999999995	9.8080318697225117e-32
88	3.021600000000003	0.99999697840456514
88	3.0328000000000026	8.1151147711214807e-40
88	3.2060000000000022	3.0215903127659287e-06
88	3.2716000000000025	5.1221995621845044e-12
88	3.3372000000000024	5.8270638772179919e-18
88	3.3496000000000028	9.4684565462546881e-32
88	3.4028000000000023	5.1553531846770792e-24
88	3.4152000000000031	4.9778884068164014e-37
88	3.4684000000000021	3.6924820829814681e-30
88	3.5340000000000025	1.6865642745651354e-36
89	3.0724000000000027	8.1151147711214807e-40
89	3.1800000000000024	0.9999968200050563
89	3.2456000000000023	3.1799896790087524e-06
89	3.3112000000000026	5.2647905671966295e-12
89	3.3768000000000025	6.0434520596366385e-18
89	3.3892000000000029	1.00221580162649e-31
89	3.4424000000000023	5.4050334061366541e-24
89	3.4548000000000032	5.4384765247731087e-37
89	3.5080000000000022	3.9129035638098661e-30
89	3.5736000000000026	1.7990900076874564e-36

[frame_wcrt_cdf]
frame_id	response_time_ms	cumulative_probability
0	1.4355999999999998	0.99999856440103052
0	1.4971999999999999	0.99999999999888112
0	1.5587999999999997	1
0	1.6203999999999998	1
0	1.6248000000000002	1
0	1.6819999999999997	1
0	1.7435999999999998	1
1	2.2980000000000014	8.1151147711214807e-40
1	2.3068000000000013	0.99999769320266074
1	2.3684000000000012	0.99999999999719735
1	2.4300000000000015	1
1	2.4784000000000015	1
1	2.4916000000000014	1
1	2.5532000000000012	1
1	2.6148000000000011	1
1	2.6764000000000014	1
2	1.9900000000000009	0.99999801000197996
2	2.1792000000000011	0.99999801000197996
2	2.2496000000000009	0.99999999999750322
2	2.2980000000000009	0.99999999999750322
2	2.3112000000000013	0.99999999999999989
2	2.3596000000000008	0.99999999999999989
2	2.3728000000000011	0.99999999999999989
2	2.434400000000001	0.99999999999999989
2	2.4960000000000009	0.99999999999999989
2	2.5576000000000012	0.99999999999999989
2	50.061599999999999	1
3	2.3376000000000015	8.1151147711214807e-40
3	2.3464000000000014	0.99999765360275295
3	2.4080000000000013	0.99999999999710287
3	2.4696000000000016	1
3	2.5180000000000016	1
3	2.5312000000000014	1
3	2.5928000000000013	1
3	2.6544000000000012	1
3	2.7160000000000015	1
4	0.3644	0.99999963560006644
4	0.42599999999999999	0.99999999999991118
4	0.48760000000000003	1
4	0.54920000000000002	1
4	0.61080000000000001	1
4	0.6724	1
5	0.40400000000000003	0.9999995960000817
5	0.46560000000000001	0.99999999999989364
5	0.5272	1
5	0.58879999999999999	1
5	0.65040000000000009	1
5	0.71199999999999997	1
6	2.0296000000000012	0.99999797040205962
6	2.2188000000000012	0.99999797040205962
6	2.289200000000001	0.99999999999741351
6	2.337600000000001	0.99999999999741351
6	2.3508000000000013	1
6	2.3992000000000013	1
6	2.4124000000000012	1
6	2.4740000000000011	1
6	2.535600000000001	1
6	2.5972000000000013	1
7	0.44360000000000005	0.99999955640009841
7	0.50520000000000009	0.99999999999987432
7	0.56680000000000008	1
7	0.62840000000000007	1
7	0.69000000000000006	1
7	0.75160000000000005	1
8	1.4751999999999996	0.99999852480108808
8	1.5367999999999997	0.99999999999882105
8	1.5983999999999996	1
8	1.6599999999999997	1
8	1.6644000000000001	1
8	1.7215999999999996	1
8	1.7831999999999997	1
9	2.3880000000000017	0.9999976120028512
9	2.3992000000000018	0.9999976120028512
9	2.4536000000000016	0.99999999999699196
9	2.5192000000000019	0.99999999999999989
9	2.5848000000000018	0.99999999999999989
9	2.6504000000000016	0.99999999999999989
9	2.7160000000000015	0.99999999999999989
9	2.7816000000000018	0.99999999999999989
9	100.0656	1
10	0.28320000000000001	0.99999971680004018
10	0.34279999999999999	0.99999999999994316
10	0.40239999999999998	1
10	0.46200000000000002	1
10	0.52160000000000006	1
10	0.58119999999999994	1
11	2.2584000000000013	8.1151147711214807e-40
11	2.2672000000000012	0.99999773280257009
11	2.3288000000000011	0.99999999999729028
11	2.3772000000000011	0.99999999999729028
11	2.3904000000000014	1
11	2.4388000000000014	1
11	2.4520000000000013	1
11	2.5136000000000012	1
11	2.575200000000001	1
11	2.6368000000000014	1
12	3.1120000000000028	1.0382104335251053e-39
12	3.2196000000000025	0.99999678040518292
12	3.2852000000000023	0.99999999999460587
12	3.3508000000000027	1
12	3.4164000000000025	1
12	3.428800000000003	1
12	3.4820000000000024	1
12	3.4944000000000033	1
12	3.5476000000000023	1
12	3.6132000000000026	1
13	2.4276000000000018	0.99999757240294662
13	2.4388000000000014	0.99999757240294662
13	2.4932000000000016	0.99999999999689415
13	2.558800000000002	1
13	2.6244000000000018	1
13	2.6900000000000017	1
13	2.7556000000000016	1
13	2.8212000000000019	1
14	0.48320000000000007	0.99999951680011678
14	0.54480000000000006	0.99999999999985356
14	0.60640000000000005	1
14	0.66800000000000015	1
14	0.72960000000000003	1
14	0.79120000000000013	1
15	0.085199999999999998	0.99999991480000361
15	0.14479999999999998	0.99999999999999123
15	0.2044	0.99999999999999989
15	0.26400000000000001	0.99999999999999989
15	0.3236	0.99999999999999989
15	0.38319999999999999	0.99999999999999989
15	1.0596000000000001	1
16	1.5147999999999999	0.99999848520114742
16	1.5764	0.99999999999875955
16	1.6379999999999999	1
16	1.6996	1
16	1.7040000000000004	1
16	1.7611999999999999	1
16	1.8228	1
17	0.52280000000000015	0.99999947720013671
17	0.58440000000000014	0.99999999999983114
17	0.64600000000000013	1
17	0.70760000000000023	1
17	0.76920000000000011	1
17	0.8308000000000002	1
20	1.5543999999999998	0.9999984456012081
20	1.6159999999999999	0.99999999999869615
20	1.6775999999999998	1
20	1.7391999999999999	1
20	1.7436000000000003	1
20	1.8007999999999997	1
20	1.8623999999999998	1
21	0.56240000000000012	0.99999943760015819
21	0.62400000000000011	0.99999999999980727
21	0.6856000000000001	1
21	0.74720000000000009	1
21	0.80880000000000019	1
21	0.87040000000000006	1
22	1.5940000000000001	0.99999840600127055
22	1.6556000000000002	0.99999999999863154
22	1.7172000000000001	1
22	1.7788000000000002	1
22	1.7832000000000006	1
22	1.8404	1
22	1.9020000000000001	1
24	3.1516000000000028	8.1151147711214807e-40
24	3.2592000000000025	0.9999967408053112
24	3.3248000000000024	0.99999999999447509
24	3.3904000000000027	1
24	3.4560000000000026	1
24	3.468400000000003	1
24	3.5216000000000025	1
24	3.5340000000000034	1
24	3.5872000000000024	1
24	3.6528000000000027	1
25	0.60200000000000009	0.99999939800018134
25	0.66360000000000008	0.99999999999978184
25	0.72520000000000007	1
25	0.78680000000000017	1
25	0.84840000000000004	1
25	0.91000000000000014	1
26	1.6336000000000002	0.99999836640133433
26	1.6952000000000003	0.99999999999856504
26	1.7568000000000001	1
26	1.8184000000000002	1
26	1.8228000000000006	1
26	1.8800000000000001	1
26	1.9416000000000002	1
27	0.64160000000000017	0.99999935840020593
27	0.70320000000000016	0.99999999999975475
27	0.76480000000000015	1
27	0.82640000000000025	1
27	0.88800000000000012	1
27	0.94960000000000022	1
29	0.68120000000000003	0.99999931880023207
29	0.74280000000000002	0.99999999999972611
29	0.8044	1
29	0.8660000000000001	1
29	0.92759999999999998	1
29	0.98920000000000008	1
30	1.6732000000000002	0.99999832680139977
30	1.7348000000000003	0.99999999999849709
30	1.7964000000000002	1
30	1.8580000000000003	1
30	1.8624000000000007	1
30	1.9196000000000002	1
30	1.9812000000000003	1
32	1.7128000000000003	0.99999828720146688
32	1.7744000000000004	0.9999999999984277
32	1.8360000000000003	1
32	1.8976000000000004	1
32	1.9020000000000008	1
32	1.9592000000000003	1
32	2.0208000000000004	1
33	0.72080000000000011	0.99999927920025977
33	0.7824000000000001	0.9999999999996958
33	0.84400000000000008	1
33	0.90560000000000018	1
33	0.96720000000000006	1
33	1.0288000000000002	1
35	0.12479999999999999	0.99999987520000777
35	0.18440000000000001	0.99999999999998479
35	0.24399999999999999	1
35	0.30359999999999998	1
35	0.36319999999999997	1
35	0.42279999999999995	1
36	2.4672000000000018	0.9999975328030436
36	2.4784000000000015	0.9999975328030436
36	2.5328000000000017	0.99999999999679468
36	2.598400000000002	1
36	2.6640000000000019	1
36	2.7296000000000018	1
36	2.7952000000000017	1
36	2.860800000000002	1
37	1.7524000000000004	0.99999824760153555
37	1.8140000000000005	0.99999999999835665
37	1.8756000000000004	1
37	1.9372000000000005	1
37	1.9416000000000009	1
37	1.9988000000000004	1
37	2.0604000000000005	1
38	1.7920000000000005	0.99999820800160566
38	1.8536000000000006	0.99999999999828404
38	1.9152000000000005	1
38	1.9768000000000006	1
38	1.981200000000001	1
38	2.0384000000000007	1
38	2.1000000000000005	1
38	2.1616000000000004	1
38	2.2980000000000005	1
38	2.3596000000000004	1
40	2.5068000000000019	0.99999749320314202
40	2.5180000000000016	0.99999749320314202
40	2.5724000000000018	0.99999999999669353
40	2.6380000000000021	1
40	2.703600000000002	1
40	2.7692000000000019	1
40	2.8348000000000018	1
40	2.9004000000000021	1
41	2.546400000000002	0.9999974536032421
41	2.5576000000000016	0.9999974536032421
41	2.6120000000000019	0.99999999999659095
41	2.6776000000000022	1
41	2.7432000000000021	1
41	2.808800000000002	1
41	2.8744000000000018	1
41	2.9400000000000022	1
42	2.5860000000000021	0.99999741400334374
42	2.5972000000000017	0.99999741400334374
42	2.651600000000002	0.9999999999964867
42	2.7172000000000023	1
42	2.7828000000000022	1
42	2.848400000000002	1
42	2.9140000000000019	1
42	2.9796000000000022	1
43	0.76039999999999996	0.99999923960028914
43	0.82199999999999995	0.99999999999966405
43	0.88359999999999994	1
43	0.94520000000000004	1
43	1.0067999999999999	1
43	1.0684	1
44	2.6256000000000022	0.99999737440344683
44	2.6368000000000018	0.99999737440344683
44	2.691200000000002	0.99999999999638078
44	2.7568000000000024	0.99999999999999989
44	2.8224000000000022	0.99999999999999989
44	2.8880000000000021	0.99999999999999989
44	2.953600000000002	0.99999999999999989
44	3.0192000000000023	0.99999999999999989
44	100.0656	1
46	0.80000000000000004	0.99999920000032005
46	0.86160000000000003	0.99999999999963074
46	0.92320000000000002	1
46	0.98480000000000012	1
46	1.1080000000000001	1
46	1.1652000000000002	1
46	1.2268000000000003	1
47	2.6652000000000022	0.99999733480355169
47	2.6764000000000019	0.99999733480355169
47	2.7308000000000021	0.99999999999627354
47	2.7964000000000024	1
47	2.8620000000000023	1
47	2.9276000000000022	1
47	2.9932000000000021	1
47	3.0588000000000024	1
48	3.1912000000000029	8.1151147711214807e-40
48	3.2988000000000026	0.99999670120544104
48	3.3644000000000025	0.99999999999434253
48	3.4300000000000028	1
48	3.4956000000000027	1
48	3.5080000000000031	1
48	3.5612000000000026	1
48	3.5736000000000034	1
48	3.6268000000000025	1
48	3.6924000000000028	1
49	0.8395999999999999	0.99999916040035253
49	0.90119999999999989	0.99999999999959588
49	0.96279999999999988	1
49	1.0244	1
49	1.1476	1
49	1.2048000000000001	1
49	1.2664000000000002	1
50	0.87919999999999998	0.99999912080038644
50	0.94079999999999997	0.99999999999955924
50	1.0024	0.99999999999999989
50	1.1828000000000003	0.99999999999999989
50	1.1872	0.99999999999999989
50	1.2444000000000002	0.99999999999999989
50	1.3060000000000003	0.99999999999999989
50	10.0616	1
52	1.8316000000000006	0.99999816840167743
52	1.8932000000000007	0.99999999999820988
52	1.9548000000000005	1
52	2.0164000000000004	1
52	2.0208000000000008	1
52	2.1396000000000006	1
52	2.2012000000000005	1
52	2.2760000000000007	1
52	2.3376000000000006	1
52	2.3992000000000009	1
53	0.91879999999999984	0.99999908120042214
53	0.98039999999999983	0.99999999999952138
53	1.1608000000000001	1
53	1.2224000000000002	1
53	1.2267999999999999	1
53	1.284	1
53	1.3456000000000001	1
55	0.96039999999999992	0.99999903960046121
55	1.022	0.99999999999947964
55	1.2024000000000001	1
55	1.2640000000000002	1
55	1.2684	1
55	1.3256000000000001	1
55	1.3872000000000002	1
56	2.7048000000000023	0.99999729520365799
56	2.716000000000002	0.99999729520365799
56	2.7704000000000022	0.99999999999616462
56	2.8360000000000025	1
56	2.9016000000000024	1
56	2.9672000000000023	1
56	3.0328000000000022	1
56	3.0984000000000025	1
57	0.20400000000000001	0.99999979600002087
57	0.2636	0.99999999999996714
57	0.32320000000000004	1
57	0.38280000000000003	1
57	0.44240000000000002	1
57	0.502	1
59	0.99999999999999978	0.99999900000050013
59	1.1804000000000001	0.99999999999931977
59	1.242	1
59	1.3036000000000001	1
59	1.3079999999999998	1
59	1.3652	1
59	1.4268000000000001	1
60	0.24360000000000001	0.99999975640002969
60	0.30320000000000003	0.99999999999995581
60	0.36280000000000001	1
60	0.4224	1
60	0.48199999999999998	1
60	0.54159999999999997	1
61	2.7444000000000024	0.99999725560376596
61	2.755600000000002	0.99999725560376596
61	2.8100000000000023	0.99999999999605416
61	2.8756000000000026	1
61	2.9412000000000025	1
61	3.0068000000000024	1
61	3.0724000000000022	1
61	3.1380000000000026	1
61	3.1912000000000016	1
61	3.2568000000000019	1
62	2.7840000000000025	0.99999721600387537
62	2.7952000000000017	0.99999721600387537
62	2.8496000000000024	0.99999999999594213
62	2.9152000000000027	1
62	2.9808000000000026	1
62	3.1120000000000023	1
62	3.1652000000000013	1
62	3.1776000000000026	1
62	3.2308000000000012	1
62	3.2964000000000016	1
63	1.1583999999999999	0.99999884160067098
63	1.22	0.9999999999992577
63	1.2815999999999999	1
63	1.3431999999999999	1
63	1.3475999999999999	1
63	1.4047999999999998	1
63	1.4663999999999999	1
64	2.8236000000000026	0.99999717640398633
64	2.8348000000000022	0.99999717640398633
64	2.8892000000000024	0.99999999999582845
64	2.9548000000000028	1
64	3.0204000000000026	1
64	3.1516000000000024	1
64	3.2048000000000019	1
64	3.2172000000000027	1
64	3.2704000000000018	1
64	3.3360000000000021	1
65	2.8632000000000026	0.99999713680409896
65	2.8744000000000018	0.99999713680409896
65	2.9288000000000025	0.99999999999571321
65	2.9944000000000028	1
65	3.1788000000000016	1
65	3.1912000000000025	1
65	3.2444000000000015	1
65	3.2568000000000028	1
65	3.3100000000000014	1
65	3.3756000000000017	1
66	1.1979999999999997	0.99999880200071767
66	1.2595999999999998	0.99999999999920863
66	1.3211999999999997	1
66	1.3827999999999998	1
66	1.3871999999999998	1
66	1.4443999999999997	1
66	1.5059999999999998	1
67	0.32279999999999998	0.99999967720005212
67	0.38239999999999996	0.99999999999992872
67	0.44199999999999995	1
67	0.50160000000000005	1
67	0.56119999999999992	1
67	0.62080000000000002	1
69	2.9028000000000027	0.99999709720421315
69	2.9140000000000024	0.99999709720421315
69	2.9684000000000026	0.99999999999559652
69	3.0340000000000029	1
69	3.2184000000000021	1
69	3.2308000000000026	1
69	3.284000000000002	1
69	3.2964000000000029	1
69	3.3496000000000019	1
69	3.4152000000000022	1
70	1.2375999999999998	0.99999876240076591
70	1.2991999999999999	0.99999999999915801
70	1.3607999999999998	1
70	1.4223999999999999	1
70	1.4267999999999998	1
70	1.4839999999999998	1
70	1.5455999999999999	1
72	1.8712000000000006	0.99999812880175076
72	1.9328000000000007	0.99999999999813416
72	1.9944000000000006	1
72	2.0604000000000009	1
72	2.1792000000000007	1
72	2.2408000000000006	1
72	2.2540000000000009	1
72	2.3156000000000008	1
72	2.3772000000000006	1
72	2.438800000000001	1
73	0.16439999999999999	0.9999998356000136
73	0.22399999999999998	0.9999999999999768
73	0.28359999999999996	1
73	0.34320000000000001	1
73	0.40279999999999999	1
73	0.46239999999999998	1
74	2.9424000000000028	0.99999705760432889
74	2.9536000000000024	0.99999705760432889
74	3.0080000000000027	0.99999999999547817
74	3.1924000000000023	1
74	3.2580000000000022	1
74	3.2704000000000026	1
74	3.3236000000000021	1
74	3.336000000000003	1
74	3.389200000000002	1
74	3.4548000000000023	1
76	2.9820000000000029	0.99999701800444629
76	2.9932000000000025	0.99999701800444629
76	3.1664000000000021	0.99999999999500411
76	3.2320000000000024	1
76	3.2976000000000023	1
76	3.3100000000000027	1
76	3.3632000000000022	1
76	3.375600000000003	1
76	3.4288000000000021	1
76	3.4944000000000024	1
78	1.2771999999999997	0.9999987228008157
78	1.3387999999999998	0.99999999999910583
78	1.4003999999999996	1
78	1.4619999999999997	1
78	1.4663999999999999	1
78	1.5235999999999996	1
78	1.5851999999999997	1
79	3.230800000000003	8.1151147711214807e-40
79	3.3384000000000027	0.99999666160557243
79	3.4040000000000026	0.99999999999420852
79	3.4696000000000029	1
79	3.5352000000000028	1
79	3.5476000000000032	1
79	3.6008000000000027	1
79	3.6132000000000035	1
79	3.6664000000000025	1
79	3.7320000000000029	1
80	1.3167999999999995	0.99999868320086704
80	1.3783999999999996	0.99999999999905198
80	1.4399999999999995	1
80	1.5015999999999996	1
80	1.506	1
80	1.5631999999999995	1
80	1.6247999999999996	1
81	1.9108000000000007	0.99999808920182565
81	1.9724000000000008	0.99999999999805678
81	2.0340000000000007	1
81	2.100000000000001	1
81	2.2188000000000008	1
81	2.2804000000000006	1
81	2.293600000000001	1
81	2.3552000000000008	1
81	2.4168000000000007	1
81	2.478400000000001	1
84	3.230800000000003	8.1151147711214807e-40
84	3.3384000000000027	0.99999666160557243
84	3.4040000000000026	0.99999999999420852
84	3.4696000000000029	1
84	3.5352000000000028	1
84	3.5476000000000032	1
84	3.6008000000000027	1
84	3.6132000000000035	1
84	3.6664000000000025	1
84	3.7320000000000029	1
85	1.3563999999999996	0.99999864360091983
85	1.4179999999999997	0.99999999999899647
85	1.4795999999999996	0.99999999999999989
85	1.5411999999999997	0.99999999999999989
85	1.5456000000000001	0.99999999999999989
85	1.6027999999999996	0.99999999999999989
85	1.6643999999999997	0.99999999999999989
85	10.0616	1
86	1.9504000000000008	0.99999804960190208
86	2.0120000000000009	0.99999999999797784
86	2.1396000000000011	0.99999999999797784
86	2.2584000000000009	0.99999999999797784
86	2.2716000000000012	1
86	2.3200000000000007	1
86	2.3332000000000011	1
86	2.3948000000000009	1
86	2.4564000000000008	1
86	2.5180000000000011	1
87	1.3959999999999995	0.9999986040009744
87	1.4575999999999996	0.99999999999893963
87	1.5191999999999994	1
87	1.5807999999999995	1
87	1.5851999999999999	1
87	1.6423999999999994	1
87	1.7039999999999995	1
88	3.021600000000003	0.99999697840456514
88	3.0328000000000026	0.99999697840456514
88	3.2060000000000022	0.99999999999487788
88	3.2716000000000025	1
88	3.3372000000000024	1
88	3.3496000000000028	1
88	3.4028000000000023	1
88	3.4152000000000031	1
88	3.4684000000000021	1
88	3.5340000000000025	1
89	3.0724000000000027	8.1151147711214807e-40
89	3.1800000000000024	0.9999968200050563
89	3.2456000000000023	0.99999999999473532
89	3.3112000000000026	1
89	3.3768000000000025	1
89	3.3892000000000029	1
89	3.4424000000000023	1
89	3.4548000000000032	1
89	3.5080000000000022	1
89	3.5736000000000026	1

[frame_distribution_quantiles]
frame_id	retry_q50	retry_q90	retry_q95	retry_q99	wcrt_q50_ms	wcrt_q90_ms	wcrt_q95_ms	wcrt_q99_ms
0	0	0	0	0	1.4355999999999998	1.4355999999999998	1.4355999999999998	1.4355999999999998
1	0	0	0	0	2.3068000000000013	2.3068000000000013	2.3068000000000013	2.3068000000000013
2	0	0	0	0	1.9900000000000009	1.9900000000000009	1.9900000000000009	1.9900000000000009
3	0	0	0	0	2.3464000000000014	2.3464000000000014	2.3464000000000014	2.3464000000000014
4	0	0	0	0	0.3644	0.3644	0.3644	0.3644
5	0	0	0	0	0.40400000000000003	0.40400000000000003	0.40400000000000003	0.40400000000000003
6	0	0	0	0	2.0296000000000012	2.0296000000000012	2.0296000000000012	2.0296000000000012
7	0	0	0	0	0.44360000000000005	0.44360000000000005	0.44360000000000005	0.44360000000000005
8	0	0	0	0	1.4751999999999996	1.4751999999999996	1.4751999999999996	1.4751999999999996
9	0	0	0	0	2.3880000000000017	2.3880000000000017	2.3880000000000017	2.3880000000000017
10	0	0	0	0	0.28320000000000001	0.28320000000000001	0.28320000000000001	0.28320000000000001
11	0	0	0	0	2.2672000000000012	2.2672000000000012	2.2672000000000012	2.2672000000000012
12	0	0	0	0	3.2196000000000025	3.2196000000000025	3.2196000000000025	3.2196000000000025
13	0	0	0	0	2.4276000000000018	2.4276000000000018	2.4276000000000018	2.4276000000000018
14	0	0	0	0	0.48320000000000007	0.48320000000000007	0.48320000000000007	0.48320000000000007
15	0	0	0	0	0.085199999999999998	0.085199999999999998	0.085199999999999998	0.085199999999999998
16	0	0	0	0	1.5147999999999999	1.5147999999999999	1.5147999999999999	1.5147999999999999
17	0	0	0	0	0.52280000000000015	0.52280000000000015	0.52280000000000015	0.52280000000000015
20	0	0	0	0	1.5543999999999998	1.5543999999999998	1.5543999999999998	1.5543999999999998
21	0	0	0	0	0.56240000000000012	0.56240000000000012	0.56240000000000012	0.56240000000000012
22	0	0	0	0	1.5940000000000001	1.5940000000000001	1.5940000000000001	1.5940000000000001
24	0	0	0	0	3.2592000000000025	3.2592000000000025	3.2592000000000025	3.2592000000000025
25	0	0	0	0	0.60200000000000009	0.60200000000000009	0.60200000000000009	0.60200000000000009
26	0	0	0	0	1.6336000000000002	1.6336000000000002	1.6336000000000002	1.6336000000000002
27	0	0	0	0	0.64160000000000017	0.64160000000000017	0.64160000000000017	0.64160000000000017
29	0	0	0	0	0.68120000000000003	0.68120000000000003	0.68120000000000003	0.68120000000000003
30	0	0	0	0	1.6732000000000002	1.6732000000000002	1.6732000000000002	1.6732000000000002
32	0	0	0	0	1.7128000000000003	1.7128000000000003	1.7128000000000003	1.7128000000000003
33	0	0	0	0	0.72080000000000011	0.72080000000000011	0.72080000000000011	0.72080000000000011
35	0	0	0	0	0.12479999999999999	0.12479999999999999	0.12479999999999999	0.12479999999999999
36	0	0	0	0	2.4672000000000018	2.4672000000000018	2.4672000000000018	2.4672000000000018
37	0	0	0	0	1.7524000000000004	1.7524000000000004	1.7524000000000004	1.7524000000000004
38	0	0	0	0	1.7920000000000005	1.7920000000000005	1.7920000000000005	1.7920000000000005
40	0	0	0	0	2.5068000000000019	2.5068000000000019	2.5068000000000019	2.5068000000000019
41	0	0	0	0	2.546400000000002	2.546400000000002	2.546400000000002	2.546400000000002
42	0	0	0	0	2.5860000000000021	2.5860000000000021	2.5860000000000021	2.5860000000000021
43	0	0	0	0	0.76039999999999996	0.76039999999999996	0.76039999999999996	0.76039999999999996
44	0	0	0	0	2.6256000000000022	2.6256000000000022	2.6256000000000022	2.6256000000000022
46	0	0	0	0	0.80000000000000004	0.80000000000000004	0.80000000000000004	0.80000000000000004
47	0	0	0	0	2.6652000000000022	2.6652000000000022	2.6652000000000022	2.6652000000000022
48	0	0	0	0	3.2988000000000026	3.2988000000000026	3.2988000000000026	3.2988000000000026
49	0	0	0	0	0.8395999999999999	0.8395999999999999	0.8395999999999999	0.8395999999999999
50	0	0	0	0	0.87919999999999998	0.87919999999999998	0.87919999999999998	0.87919999999999998
52	0	0	0	0	1.8316000000000006	1.8316000000000006	1.8316000000000006	1.8316000000000006
53	0	0	0	0	0.91879999999999984	0.91879999999999984	0.91879999999999984	0.91879999999999984
55	0	0	0	0	0.96039999999999992	0.96039999999999992	0.96039999999999992	0.96039999999999992
56	0	0	0	0	2.7048000000000023	2.7048000000000023	2.7048000000000023	2.7048000000000023
57	0	0	0	0	0.20400000000000001	0.20400000000000001	0.20400000000000001	0.20400000000000001
59	0	0	0	0	0.99999999999999978	0.99999999999999978	0.99999999999999978	0.99999999999999978
60	0	0	0	0	0.24360000000000001	0.24360000000000001	0.24360000000000001	0.24360000000000001
61	0	0	0	0	2.7444000000000024	2.7444000000000024	2.7444000000000024	2.7444000000000024
62	0	0	0	0	2.7840000000000025	2.7840000000000025	2.7840000000000025	2.7840000000000025
63	0	0	0	0	1.1583999999999999	1.1583999999999999	1.1583999999999999	1.1583999999999999
64	0	0	0	0	2.8236000000000026	2.8236000000000026	2.8236000000000026	2.8236000000000026
65	0	0	0	0	2.8632000000000026	2.8632000000000026	2.8632000000000026	2.8632000000000026
66	0	0	0	0	1.1979999999999997	1.1979999999999997	1.1979999999999997	1.1979999999999997
67	0	0	0	0	0.32279999999999998	0.32279999999999998	0.32279999999999998	0.32279999999999998
69	0	0	0	0	2.9028000000000027	2.9028000000000027	2.9028000000000027	2.9028000000000027
70	0	0	0	0	1.2375999999999998	1.2375999999999998	1.2375999999999998	1.2375999999999998
72	0	0	0	0	1.8712000000000006	1.8712000000000006	1.8712000000000006	1.8712000000000006
73	0	0	0	0	0.16439999999999999	0.16439999999999999	0.16439999999999999	0.16439999999999999
74	0	0	0	0	2.9424000000000028	2.9424000000000028	2.9424000000000028	2.9424000000000028
76	0	0	0	0	2.9820000000000029	2.9820000000000029	2.9820000000000029	2.9820000000000029
78	0	0	0	0	1.2771999999999997	1.2771999999999997	1.2771999999999997	1.2771999999999997
79	0	0	0	0	3.3384000000000027	3.3384000000000027	3.3384000000000027	3.3384000000000027
80	0	0	0	0	1.3167999999999995	1.3167999999999995	1.3167999999999995	1.3167999999999995
81	0	0	0	0	1.9108000000000007	1.9108000000000007	1.9108000000000007	1.9108000000000007
84	0	0	0	0	3.3384000000000027	3.3384000000000027	3.3384000000000027	3.3384000000000027
85	0	0	0	0	1.3563999999999996	1.3563999999999996	1.3563999999999996	1.3563999999999996
86	0	0	0	0	1.9504000000000008	1.9504000000000008	1.9504000000000008	1.9504000000000008
87	0	0	0	0	1.3959999999999995	1.3959999999999995	1.3959999999999995	1.3959999999999995
88	0	0	0	0	3.021600000000003	3.021600000000003	3.021600000000003	3.021600000000003
89	0	0	0	0	3.1800000000000024	3.1800000000000024	3.1800000000000024	3.1800000000000024

[signal_summary]
code	frame_id	period_ms	level	type	p_timeout	expected_wcrt_ms	wcrt_p95_ms	threshold_wcrt_ms	expected_retry_count	p_threshold
10278238	4	10	0	0	0	0.36440002244704139	0.3644	0.3644	3.6440002244704147e-07	1
40484875	63	10	0	0	0	1.1584000713574443	1.1583999999999999	1.1583999999999999	1.1584000713574457e-06	1
41240429	30	20	0	0	0	1.6732001030691266	1.6732000000000002	1.6732000000000002	1.6732001030691278e-06	1
73810022	56	100	0	0	0	2.704800177434894	2.7048000000000023	2.7048000000000023	2.7048001774348926e-06	1
171130604	63	20	0	0	0	1.1584000713574443	1.1583999999999999	1.1583999999999999	1.1584000713574457e-06	1
172949565	63	20	1	0	0	1.1584000713574443	1.1583999999999999	1.2815999999999999	1.1584000713574457e-06	5.5555555555555559e-13
254677776	76	100	2	0	0	2.9820005498803113	2.9820000000000029	3.2320000000000024	2.9820005498803122e-06	2.7777777777777777e-12
258264989	21	10	0	0	0	0.56240003464384236	0.56240000000000012	0.56240000000000012	5.6240003464384173e-07	1
262330710	3	100	0	0	0	2.3464001445382507	2.3464000000000014	2.3376000000000015	2.3464001445382532e-06	1
353159493	15	1	0	0	1.1102230246251565e-16	0.085200005077920415	0.085199999999999998	0.085199999999999998	8.5200005744054176e-08	1
364083576	84	1000	0	0	0	3.3384002189990576	3.3384000000000027	3.230800000000003	3.3384002189990578e-06	1
413133971	65	100	0	0	0	2.8632001878259348	2.8632000000000026	2.8632000000000026	2.8632001878259345e-06	1
466516501	1	100	3	0	0	2.3068001420988899	2.3068000000000013	2.4300000000000015	2.3068001420988906e-06	2.7777777777777779e-13
494350437	21	20	1	0	0	0.56240003464384236	0.56240000000000012	0.62400000000000011	5.6240003464384173e-07	5.5555555555555559e-13
500717233	33	10	0	0	0	0.72080004440128287	0.72080000000000011	0.72080000000000011	7.2080004440128366e-07	1
510535247	63	20	0	0	0	1.1584000713574443	1.1583999999999999	1.1583999999999999	1.1584000713574457e-06	1
546810710	5	10	1	0	0	0.40400002488640152	0.40400000000000003	0.46560000000000001	4.0400002488640145e-07	2.7777777777777779e-13
614056766	74	100	0	0	0	2.9424001930219927	2.9424000000000028	2.9424000000000028	2.94240019302199e-06	1
660846998	4	10	0	0	0	0.36440002244704139	0.3644	0.3644	3.6440002244704147e-07	1
679475947	16	20	0	0	0	1.5148000933116859	1.5147999999999999	1.5147999999999999	1.5148000933116866e-06	1
704947104	88	100	0	0	0	3.0216005571825377	3.021600000000003	3.021600000000003	3.0216005571825341e-06	1
765102057	10	5	0	0	0	0.28320001687872104	0.28320000000000001	0.28320000000000001	2.8320001687872087e-07	1
784287947	5	10	0	0	0	0.40400002488640152	0.40400000000000003	0.40400000000000003	4.0400002488640145e-07	1
832318638	87	10	0	0	0	1.3960000859936048	1.3959999999999995	1.3959999999999995	1.3960000859936065e-06	1
846699070	46	10	0	0	0	0.80000004928000312	0.80000000000000004	0.80000000000000004	8.0000004928000276e-07	1
869375849	7	20	1	0	0	0.44360002732576176	0.44360000000000005	0.50520000000000009	4.4360002732576196e-07	5.5555555555555559e-13
890565519	20	20	0	0	0	1.5544000957510458	1.5543999999999998	1.5543999999999998	1.5544000957510467e-06	1
930761257	4	10	3	0	0	0.36440002244704139	0.3644	0.48760000000000003	3.6440002244704147e-07	2.7777777777777781e-14
966879091	60	2	0	0	0	0.24360001451856089	0.24360000000000001	0.24360000000000001	2.4360001451856102e-07	1
984363020	13	100	2	0	0	2.4276001592505723	2.4276000000000018	2.558800000000002	2.4276001592505707e-06	2.7777777777777777e-12
1117698626	14	10	0	0	0	0.48320002976512189	0.48320000000000007	0.48320000000000007	4.8320002976512262e-07	1
1127952558	69	100	0	0	0	2.9028001904236951	2.9028000000000027	2.9028000000000027	2.9028001904236973e-06	1
1167650046	32	20	0	0	0	1.7128001055084869	1.7128000000000003	1.7128000000000003	1.7128001055084868e-06	1
1182193179	73	2	0	0	0	0.16440000979824057	0.16439999999999999	0.16439999999999999	1.6440000979824077e-07	1
1188525211	35	2	1	0	0	0.12480000743808044	0.12479999999999999	0.18440000000000001	1.2480000743808047e-07	5.5555555555555549e-14
1238759467	73	1	0	0	0	0.16440000979824057	0.16439999999999999	0.16439999999999999	1.6440000979824077e-07	1
1279506509	10	5	2	0	0	0.28320001687872104	0.28320000000000001	0.34279999999999999	2.8320001687872087e-07	1.388888888888889e-13
1326989117	86	20	0	0	0	1.9504001201450487	1.9504000000000008	1.9504000000000008	1.9504001201450459e-06	1
1365001961	86	20	0	0	0	1.9504001201450487	1.9504000000000008	1.9504000000000008	1.9504001201450459e-06	1
1418455661	78	10	2	0	0	1.2772000786755244	1.2771999999999997	1.4003999999999996	1.2772000786755241e-06	2.7777777777777779e-13
1447952032	32	20	0	0	0	1.7128001055084869	1.7128000000000003	1.7128000000000003	1.7128001055084868e-06	1
1449334719	81	20	0	0	0	1.910800117705288	1.9108000000000007	1.9108000000000007	1.9108001177052899e-06	1
1473485478	55	20	0	0	0	0.96040005916070537	0.96039999999999992	0.96039999999999992	9.6040005916070528e-07	1
1483121635	61	100	0	0	0	2.7444001800326547	2.7444000000000024	2.7444000000000024	2.744400180032652e-06	1
1498338677	25	10	0	0	0	0.60200003708320249	0.60200000000000009	0.60200000000000009	6.0200003708320272e-07	1
1566733948	11	50	0	0	0	2.2672001396595296	2.2672000000000012	2.2584000000000013	2.2672001396595298e-06	1
1568739942	9	100	0	0	1.1102230246251565e-16	2.3880001566528226	2.3880000000000017	2.3880000000000017	2.3880001574299665e-06	1
1583104691	50	10	0	0	1.1102230246251565e-16	0.87920005415872438	0.87919999999999998	0.87919999999999998	8.7920005482485696e-07	1
1642628517	29	20	1	0	0	0.68120004196192263	0.68120000000000003	0.74280000000000002	6.8120004196192278e-07	5.5555555555555559e-13
1670246414	17	10	0	0	0	0.52280003220448223	0.52280000000000015	0.52280000000000015	5.2280003220448287e-07	1
1694061526	79	1000	0	0	0	3.3384002189990576	3.3384000000000027	3.230800000000003	3.3384002189990578e-06	1
1701599400	2	50	2	0	1.1102230246251565e-16	1.9900005166036459	1.9900000000000009	2.3112000000000013	1.9900005173807969e-06	1.3888888888888889e-12
1737278184	44	100	0	0	1.1102230246251565e-16	2.6256001722393849	2.6256000000000022	2.6256000000000022	2.6256001730165315e-06	1
1747851274	35	1	2	0	0	0.12480000743808044	0.12479999999999999	0.18440000000000001	1.2480000743808047e-07	2.7777777777777774e-14
1824574104	36	100	2	0	0	2.4672001618483326	2.4672000000000018	2.598400000000002	2.4672001618483331e-06	2.7777777777777777e-12
1838441073	44	100	0	0	1.1102230246251565e-16	2.6256001722393849	2.6256000000000022	2.6256000000000022	2.6256001730165315e-06	1
1848565066	25	10	0	0	0	0.60200003708320249	0.60200000000000009	0.60200000000000009	6.0200003708320272e-07	1
1854914126	37	20	0	0	0	1.7524001079478473	1.7524000000000004	1.7524000000000004	1.7524001079478475e-06	1
1860204924	66	10	2	0	0	1.1980000737968042	1.1979999999999997	1.3211999999999997	1.1980000737968041e-06	2.7777777777777779e-13
1881089442	12	1000	0	0	0	3.2196002112057762	3.2196000000000025	3.1120000000000028	3.2196002112057787e-06	1
1883474403	50	10	2	0	1.1102230246251565e-16	0.87920005415872438	0.87919999999999998	1.0024	8.7920005482485696e-07	2.7777777777777779e-13
1884128791	89	100	0	0	0	3.1800002086080164	3.1800000000000024	3.0724000000000027	3.1800002086080171e-06	1
1885611589	42	100	0	0	0	2.5860001696416135	2.5860000000000021	2.5860000000000021	2.5860001696416156e-06	1
1930225014	73	1	0	0	0	0.16440000979824057	0.16439999999999999	0.16439999999999999	1.6440000979824077e-07	1
2128329885	17	20	0	0	0	0.52280003220448223	0.52280000000000015	0.52280000000000015	5.2280003220448287e-07	1
2135635864	85	10	0	0	1.1102230246251565e-16	1.3564000835542458	1.3563999999999996	1.3563999999999996	1.3564000842203786e-06	1
2144864851	38	20	0	0	0	1.7920001103872074	1.7920000000000005	1.7920000000000005	1.7920001103872088e-06	1
2153181431	26	20	0	0	0	1.6336001006297662	1.6336000000000002	1.6336000000000002	1.6336001006297682e-06	1
2160140793	70	20	0	1	0	1.2376000762361647	1.2375999999999998	1.2375999999999998	1.2376000762361651e-06	1
2172523491	3	100	0	0	0	2.3464001445382507	2.3464000000000014	2.3376000000000015	2.3464001445382532e-06	1
2188506702	86	20	0	0	0	1.9504001201450487	1.9504000000000008	1.9504000000000008	1.9504001201450459e-06	1
2230184803	50	10	0	0	1.1102230246251565e-16	0.87920005415872438	0.87919999999999998	0.87919999999999998	8.7920005482485696e-07	1
2358610020	79	1000	0	0	0	3.3384002189990576	3.3384000000000027	3.230800000000003	3.3384002189990578e-06	1
2364713353	80	10	0	0	0	1.3168000811148848	1.3167999999999995	1.3167999999999995	1.3168000811148842e-06	1
2398542669	43	10	0	0	0	0.76040004684064288	0.76039999999999996	0.76039999999999996	7.6040004684064326e-07	1
2404614335	72	20	0	0	0	1.8712001152659279	1.8712000000000006	1.8712000000000006	1.8712001152659273e-06	1
2513852145	4	10	2	0	0	0.36440002244704139	0.3644	0.42599999999999999	3.6440002244704147e-07	2.7777777777777779e-13
2572733423	70	10	0	0	0	1.2376000762361647	1.2375999999999998	1.2375999999999998	1.2376000762361651e-06	1
2597401539	66	20	1	0	0	1.1980000737968042	1.1979999999999997	1.3211999999999997	1.1980000737968041e-06	5.5555555555555559e-13
2606807548	55	10	0	0	0	0.96040005916070537	0.96039999999999992	0.96039999999999992	9.6040005916070528e-07	1
2661080949	22	20	0	0	0	1.5940000981904063	1.5940000000000001	1.5940000000000001	1.5940000981904075e-06	1
2768503380	62	100	1	0	0	2.7840001826304146	2.7840000000000025	2.9152000000000027	2.7840001826304161e-06	2.7777777777777777e-12
2800848418	67	5	0	0	0	0.32280001923888113	0.32279999999999998	0.32279999999999998	3.2280001923888121e-07	1
2805841984	7	10	0	0	0	0.44360002732576176	0.44360000000000005	0.44360000000000005	4.4360002732576196e-07	1
2814227937	67	5	0	0	0	0.32280001923888113	0.32279999999999998	0.32279999999999998	3.2280001923888121e-07	1
2862733423	29	10	0	0	0	0.68120004196192263	0.68120000000000003	0.68120000000000003	6.8120004196192278e-07	1
2894288067	8	20	0	0	0	1.4752000908723253	1.4751999999999996	1.4751999999999996	1.4752000908723245e-06	1
2940439158	33	10	0	0	0	0.72080004440128287	0.72080000000000011	0.72080000000000011	7.2080004440128366e-07	1
2985250862	40	100	1	0	0	2.5068001644460929	2.5068000000000019	2.6380000000000021	2.5068001644460908e-06	2.7777777777777777e-12
3043308585	49	20	1	0	0	0.83960005171936314	0.8395999999999999	0.90119999999999989	8.3960005171936269e-07	5.5555555555555559e-13
3081987721	24	1000	0	0	0	3.2592002138035365	3.2592000000000025	3.1516000000000028	3.2592002138035398e-06	1
3152199978	2	100	2	0	1.1102230246251565e-16	1.9900005166036459	1.9900000000000009	2.2496000000000009	1.9900005173807969e-06	2.7777777777777777e-12
3154172519	78	20	3	0	0	1.2772000786755244	1.2771999999999997	1.4003999999999996	1.2772000786755241e-06	5.5555555555555561e-14
3188787784	50	20	0	0	1.1102230246251565e-16	0.87920005415872438	0.87919999999999998	0.87919999999999998	8.7920005482485696e-07	1
3218338822	57	2	2	0	0	0.20400001215840077	0.20400000000000001	0.2636	2.0400001215840092e-07	5.5555555555555549e-14
3219111044	55	20	0	0	0	0.96040005916070537	0.96039999999999992	0.96039999999999992	9.6040005916070528e-07	1
3238533520	49	10	1	0	0	0.83960005171936314	0.8395999999999999	0.96279999999999988	8.3960005171936269e-07	2.7777777777777779e-13
3243830645	70	20	0	0	0	1.2376000762361647	1.2375999999999998	1.2375999999999998	1.2376000762361651e-06	1
3271030241	52	20	0	0	0	1.8316001128265675	1.8316000000000006	1.8316000000000006	1.8316001128265677e-06	1
3296296871	41	100	0	0	0	2.5464001670438532	2.546400000000002	2.546400000000002	2.5464001670438532e-06	1
3384499001	41	100	0	0	0	2.5464001670438532	2.546400000000002	2.546400000000002	2.5464001670438532e-06	1
3386134953	32	20	0	0	0	1.7128001055084869	1.7128000000000003	1.7128000000000003	1.7128001055084868e-06	1
3442756994	48	1000	0	0	0	3.2988002164012968	3.2988000000000026	3.1912000000000029	3.2988002164013014e-06	1
3453116677	35	1	1	0	0	0.12480000743808044	0.12479999999999999	0.18440000000000001	1.2480000743808047e-07	2.7777777777777774e-14
3463906778	59	10	0	0	0	1.0000001803999516	0.99999999999999978	0.99999999999999978	1.0000001803999526e-06	1
3637503710	55	10	0	0	0	0.96040005916070537	0.96039999999999992	0.96039999999999992	9.6040005916070528e-07	1
3645454557	6	50	0	0	0	2.0296005268837858	2.0296000000000012	2.0296000000000012	2.0296005268837857e-06	1
3651094619	67	10	3	0	0	0.32280001923888113	0.32279999999999998	0.44199999999999995	3.2280001923888121e-07	2.7777777777777781e-14
3677900908	81	20	0	0	0	1.910800117705288	1.9108000000000007	1.9108000000000007	1.9108001177052899e-06	1
3759415710	29	10	0	0	0	0.68120004196192263	0.68120000000000003	0.68120000000000003	6.8120004196192278e-07	1
3796195294	53	10	0	0	0	0.91880005659814024	0.91879999999999984	0.91879999999999984	9.1880005659814024e-07	1
3843637389	47	100	0	0	0	2.6652001748371337	2.6652000000000022	2.6652000000000022	2.6652001748371348e-06	1
3902466700	10	10	0	0	0	0.28320001687872104	0.28320000000000001	0.28320000000000001	2.8320001687872087e-07	1
3909280498	27	10	0	0	0	0.64160003952256273	0.64160000000000017	0.64160000000000017	6.4160003952256275e-07	1
3949311815	64	100	0	0	0	2.8236001852281749	2.8236000000000026	2.8236000000000026	2.8236001852281747e-06	1
4066272247	0	20	0	0	0	1.4356000884329652	1.4355999999999998	1.4355999999999998	1.4356000884329651e-06	1
4098506178	17	20	3	0	0	0.52280003220448223	0.52280000000000015	0.64600000000000013	5.2280003220448287e-07	5.5555555555555561e-14
4124162896	66	20	3	0	0	1.1980000737968042	1.1979999999999997	1.3211999999999997	1.1980000737968041e-06	5.5555555555555561e-14
4203477733	7	10	0	0	0	0.44360002732576176	0.44360000000000005	0.44360000000000005	4.4360002732576196e-07	1
4225725655	4	20	0	0	0	0.36440002244704139	0.3644	0.3644	3.6440002244704147e-07	1
