base_bandwidth_utilization	0.28476640000000009
expected_bandwidth_utilization	0.28476654001273277

rounded_expected_bandwidth_utilization	0.56953279999999928

bandwidth_utilization_p99	0.28476639999999964

[frame_summary]
frame_id	priority	period_ms	deadline_ms	trans_time_ms	expected_retry_count	expected_tx_count	rounded_expected_retry_count	rounded_expected_tx_count	retry_p99	tx_count_p99	expected_wcrt_ms	p_timeout	wcrt_p95_ms
0	56	1000	1000	0.039600000000000003	2.6196001666065703e-06	1.0000026196001666	1	2	0	1	2.6196001666065736	0	2.6196000000000028
1	42	100	100	0.039600000000000003	1.8672001187539308e-06	1.0000018672001187	1	2	0	1	1.8672001187539284	0	1.8672000000000006
2	3	2	2	0.039600000000000003	2.0200001203920098e-07	1.0000002020000121	1	2	0	1	0.20200001203920073	0	0.20200000000000001
3	0	1	1	0.039600000000000003	8.3200004958720387e-08	1.0000000832000049	1	2	0	1	0.083200004958720306	0	0.083199999999999996
4	1	1	1	0.039600000000000003	1.2280000731888047e-07	1.0000001228000073	1	2	0	1	0.12280000731888042	0	0.12279999999999999
5	7	10	10	0.039600000000000003	3.6040002147984135e-07	1.0000003604000214	1	2	0	1	0.36040002147984129	0	0.3604
7	43	100	100	0.039600000000000003	1.9068001212724876e-06	1.0000019068001214	1	2	0	1	1.9068001212724885	0	1.9068000000000007
9	26	20	20	0.039600000000000003	1.2336000759897647e-06	1.0000012336000761	1	2	0	1	1.2336000759897647	0	1.2335999999999998
10	8	10	10	0.039600000000000003	4.0000002384000142e-07	1.0000004000000238	1	2	0	1	0.4000000238400015	0	0.40000000000000002
11	27	20	20	0.039600000000000003	1.2732000784291245e-06	1.0000012732000785	1	2	0	1	1.2732000784291244	0	1.2731999999999997
14	9	10	10	0.041599999999999998	4.4160002720256182e-07	1.0000004416000272	1	2	0	1	0.44160002720256175	0	0.44160000000000005
15	4	2	2	0.039600000000000003	2.4160001439936078e-07	1.0000002416000144	1	2	0	1	0.24160001439936088	0	0.24160000000000001
16	44	100	100	0.039600000000000003	1.9464001237914484e-06	1.0000019464001237	1	2	0	1	1.9464001237914483	0	1.9464000000000008
17	5	5	5	0.039600000000000003	2.8120001675952111e-07	1.0000002812000168	1	2	0	1	0.281200016759521	0	0.28120000000000001
18	28	20	20	0.039600000000000003	1.3128000808684854e-06	1.0000013128000809	1	2	0	1	1.3128000808684848	0	1.3127999999999995
19	29	20	20	0.039600000000000003	1.3524000833078458e-06	1.0000013524000833	1	2	0	1	1.3524000833078449	0	1.3523999999999996
21	10	10	10	0.039600000000000003	4.8120002964192206e-07	1.0000004812000296	1	2	0	1	0.48120002964192193	0	0.48120000000000007
22	11	10	10	0.039600000000000003	5.2080003208128198e-07	1.000000520800032	1	2	0	1	0.52080003208128212	0	0.52080000000000015
23	12	10	10	0.039600000000000003	5.6040003452064212e-07	1.0000005604000346	1	2	0	1	0.56040003452064224	0	0.56040000000000012
24	30	20	20	0.039600000000000003	1.392000085747205e-06	1.0000013920000856	1	2	0	1	1.3920000857472048	0	1.3919999999999997
25	57	1000	1000	0.039600000000000003	2.6592001691251304e-06	1.0000026592001692	1	2	0	1	2.6592001691251337	0	2.6592000000000029
26	2	1	1	0.039600000000000003	1.6240000967904059e-07	1.0000001624000097	1	2	0	1	0.16240000967904059	0	0.16239999999999999
27	13	10	10	0.039600000000000003	6.0000003696000194e-07	1.000000600000037	1	2	0	1	0.60000003696000237	0	0.60000000000000009
28	14	10	10	0.039600000000000003	6.3960003939936303e-07	1.0000006396000394	1	2	0	1	0.6396000393993625	0	0.63960000000000017
29	40	50	50	0.039600000000000003	1.7880001101408089e-06	1.0000017880001102	1	2	0	1	1.788000110140807	0	1.7880000000000005
30	31	20	20	0.039600000000000003	1.4316000881865657e-06	1.0000014316000883	1	2	0	1	1.4316000881865654	0	1.4315999999999998
32	45	100	100	0.039600000000000003	1.9860005195372425e-06	1.0000019860005196	1	2	0	1	1.9860005195372437	0	1.9860000000000009
33	15	10	10	0.039600000000000003	6.7920004183872264e-07	1.0000006792000418	1	2	0	1	0.67920004183872262	0	0.67920000000000003
35	46	100	100	0.039600000000000003	2.0256005298965876e-06	1.00000202560053	1	2	0	1	2.0256005298965887	0	2.0256000000000012
36	16	10	10	0.039600000000000003	7.1880004427808288e-07	1.0000007188000444	1	2	0	1	0.71880004427808286	0	0.71880000000000011
37	17	10	10	0.039600000000000003	7.5840004671744228e-07	1.0000007584000468	1	2	0	1	0.75840004671744288	0	0.75839999999999996
38	6	5	5	0.039600000000000003	3.2080001911968086e-07	1.0000003208000192	1	2	0	1	0.32080001911968109	0	0.32079999999999997
39	41	50	50	0.0436	1.8276001162353702e-06	1.0000018276001161	1	2	0	1	1.8276001162353681	0	1.8276000000000006
40	18	10	10	0.039600000000000003	7.9800004915680294e-07	1.0000007980000492	1	2	0	1	0.79800004915680312	0	0.79800000000000004
41	32	20	20	0.039600000000000003	1.4712000906259251e-06	1.0000014712000906	1	2	0	1	1.4712000906259255	0	1.4711999999999998
42	47	100	100	0.039600000000000003	2.2632001439395306e-06	1.000002263200144	1	2	0	1	2.2632001439395304	0	2.2632000000000012
43	33	20	20	0.039600000000000003	1.5108000930652849e-06	1.000001510800093	1	2	0	1	1.5108000930652856	0	1.5107999999999999
44	48	100	100	0.039600000000000003	2.3028001464580925e-06	1.0000023028001463	1	2	0	1	2.3028001464580909	0	2.3028000000000013
45	19	10	10	0.039600000000000003	8.3760005159616329e-07	1.0000008376000515	1	2	0	1	0.83760005159616313	0	0.8375999999999999
46	49	100	100	0.039600000000000003	2.3424001497538079e-06	1.0000023424001498	1	2	0	1	2.3424001489766622	1.1102230246251565e-16	2.3424000000000014
47	50	100	100	0.039600000000000003	2.3820001514952098e-06	1.0000023820001516	1	2	0	1	2.3820001514952112	0	2.3820000000000014
48	20	10	10	0.039600000000000003	8.7720005403552417e-07	1.0000008772000539	1	2	0	1	0.87720005403552337	0	0.87719999999999998
49	51	100	100	0.039600000000000003	2.4216001540137691e-06	1.000002421600154	1	2	0	1	2.4216001540137717	0	2.4216000000000015
50	34	20	20	0.039600000000000003	1.5504000955046477e-06	1.0000015504000954	1	2	0	1	1.5504000955046462	0	1.5504
51	52	100	100	0.039600000000000003	2.4612001565323305e-06	1.0000024612001566	1	2	0	1	2.4612001565323327	0	2.4612000000000025
52	58	1000	1000	0.039600000000000003	2.6988001716436931e-06	1.0000026988001716	1	2	0	1	2.6988001716436938	0	2.698800000000003
53	21	10	10	0.039600000000000003	9.1680005647494021e-07	1.0000009168000565	1	2	0	1	0.91680005647494001	0	0.91679999999999984
55	59	1000	1000	0.039600000000000003	2.6988001716436931e-06	1.0000026988001716	1	2	0	1	2.6988001716436938	0	2.698800000000003
56	35	20	20	0.039600000000000003	1.5900000979440066e-06	1.000001590000098	1	2	0	1	1.5900000979440063	0	1.5900000000000001
57	53	100	100	0.039600000000000003	2.5008001590508937e-06	1.000002500800159	1	2	0	1	2.5008001590508924	0	2.5008000000000017
58	36	20	20	0.039600000000000003	1.6296001003833677e-06	1.0000016296001004	1	2	0	1	1.6296001003833664	0	1.6296000000000002
59	22	10	10	0.039600000000000003	9.5640005891430501e-07	1.0000009564000589	1	2	0	1	0.95640005891430491	0	0.95639999999999992
60	23	10	10	0.039600000000000003	9.9600017967835225e-07	1.0000009960001797	1	2	0	1	0.99600017967835197	0	0.99599999999999977
61	24	10	10	0.039600000000000003	1.0356001868221883e-06	1.0000010356001867	1	2	0	1	1.0356001868221876	0	1.0355999999999999
62	54	100	100	0.039600000000000003	2.540400161569453e-06	1.0000025404001616	1	2	0	1	2.5404001615694534	0	2.5404000000000027
63	55	100	100	0.039600000000000003	2.5800001640880169e-06	1.0000025800001642	1	2	0	1	2.580000164088013	0	2.5800000000000027
65	25	10	10	0.039600000000000003	1.1940000735504036e-06	1.0000011940000735	1	2	0	1	1.1940000735504044	0	1.1939999999999997
66	37	20	20	0.039600000000000003	1.6692001028227252e-06	1.0000016692001028	1	2	0	1	1.6692001028227268	0	1.6692000000000002
67	38	20	20	0.039600000000000003	1.7088001052620859e-06	1.0000017088001052	1	2	0	1	1.7088001052620867	0	1.7088000000000003
68	39	20	20	0.039600000000000003	1.7484001077014461e-06	1.0000017484001078	1	2	0	1	1.7484001077014473	0	1.7484000000000004

[frame_retry_distribution]
frame_id	retry_count	probability
0	0	0.99999738040343111
0	1	2.6195929710987097e-06
0	2	3.5977487576901513e-12
0	3	3.4484091152334102e-18
0	4	2.5910917007513493e-24
0	5	1.6256352609959027e-30
0	6	7.9255806598023233e-37
1	0	0.99999813280174332
1	1	1.8671963948137237e-06
1	2	1.8619681264870717e-12
1	3	1.3180423032932158e-18
1	4	1.0039386502307584e-24
1	5	5.4433306064144274e-31
1	6	1.7107825604532645e-37
2	0	0.99999979800002048
2	1	2.0199994715680719e-07
2	2	3.2441189579888268e-14
2	3	4.8819556876175968e-21
2	4	7.1892215485861493e-28
2	5	1.0520829038299459e-34
3	0	0.99999991680000355
3	1	8.3199988119040938e-08
3	2	8.4198382958245477e-15
3	3	9.5186321727846881e-22
3	4	1.153081661296875e-28
3	5	1.4640419460841994e-35
4	0	0.9999998772000076
4	1	1.2279997760128207e-07
4	2	1.4858796404170823e-14
4	3	1.8616998331779088e-21
4	4	2.4111831118964983e-28
4	5	3.2086319279020233e-35
5	0	0.99999963960006499
5	1	3.6039984863203185e-07
5	2	8.6423878551097896e-14
5	3	1.7463571426306451e-20
5	4	3.2241753666144183e-27
5	5	5.6436826293721046e-34
7	0	0.99999809320181798
7	1	1.9067962428449812e-06
7	2	1.9392116556394867e-12
7	3	1.3982931966024509e-18
7	4	1.0788682868366062e-24
7	5	5.931171415759244e-31
7	6	1.9123084517459807e-37
9	0	0.99999876640076102
9	1	1.2335984022423148e-06
9	2	8.3687310452980251e-13
9	3	4.13637533232108e-19
9	4	1.6662786219058196e-25
9	5	5.8060306509900271e-32
10	0	0.99999960000008015
10	1	3.9999981616004222e-07
10	2	1.0383994608628591e-13
10	3	2.2333949739772804e-20
10	4	4.336377750055553e-27
10	5	7.9122532266493485e-34
11	0	0.99999872680081059
11	1	1.2731983005337738e-06
11	2	8.8894699867354505e-13
11	3	4.5108646311545772e-19
11	4	1.8615409015791443e-25
11	5	6.6322668798192485e-32
14	0	0.99999955840009758
14	1	4.4159977778693603e-07
14	2	1.2470776956503191e-13
14	3	2.8878926166235029e-20
14	4	5.9921522421978434e-27
14	5	1.1618922438453259e-33
15	0	0.99999975840002919
15	1	2.4159992723009088e-07
15	2	4.3584624274664753e-14
15	3	7.1165730508587331e-21
15	4	1.1132922656195843e-27
15	5	1.706881040344557e-34
16	0	0.99999805360189431
16	1	1.9463960877399328e-06
16	2	2.0180229358539005e-12
16	3	1.8813022294339091e-18
16	4	1.2228462196335998e-24
16	5	6.5538496837505019e-31
16	6	2.1328224545108855e-37
17	0	0.99999971880003957
17	1	2.8119990416705642e-07
17	2	5.6296217458990138e-14
17	3	9.9169821048538745e-21
17	4	1.6436573123522427e-27
17	5	2.6372304004255293e-34
18	0	0.99999868720086182
18	1	1.3127981956889203e-06
18	2	9.4258904644115819e-13
18	3	4.9072516537744106e-19
18	4	2.0734431270992843e-25
18	5	7.5497818925960683e-32
19	0	0.9999986476009145
19	1	1.3523980877077527e-06
19	2	9.9779924764634523e-13
19	3	5.3261573879845679e-19
19	4	2.3029029960540153e-25
19	5	8.565923082324693e-32
21	0	0.99999951880011584
21	1	4.811997388047111e-07
21	2	1.4541855210900044e-13
21	3	3.5573167508262557e-20
21	4	7.723108428213061e-27
21	5	1.5555801241726139e-33
22	0	0.99999947920013565
22	1	5.2079969668616838e-07
22	2	1.6769749200278068e-13
22	3	4.3215203555341812e-20
22	4	9.7990772894666688e-27
22	5	2.0478040134127956e-33
23	0	0.99999943960015714
23	1	5.603996514313084e-07
23	2	1.9154458906007433e-13
23	3	5.1867133284598033e-20
23	4	1.2262646338080166e-26
23	5	2.6558027396577734e-33
24	0	0.99999860800096885
24	1	1.3919979765902702e-06
24	2	1.0545776021028086e-12
24	3	5.7682028214906199e-19
24	4	2.550862797103284e-25
24	5	9.6884212672164584e-32
25	0	0.99999734080353564
25	1	2.659192759540097e-06
25	2	3.7047871169668064e-12
25	3	3.5998817403224367e-18
25	4	2.7404903704497558e-24
25	5	1.7410069988814124e-30
25	6	8.6109453548901263e-37
26	0	0.99999983760001321
26	1	1.6239996394720401e-07
26	2	2.2865913560957818e-14
26	3	3.1510309675347108e-21
26	4	4.3567009231459088e-28
26	5	6.0805921947590089e-35
27	0	0.99999940000018006
27	1	5.9999960304013095e-07
27	2	2.1695984309458468e-13
27	3	6.1591055663320695e-20
27	4	1.5158862203133623e-26
27	5	3.3987017683224796e-33
28	0	0.99999936040020454
28	1	6.3959955151263783e-07
28	2	2.4394325392001541e-13
28	3	7.2449069648962468e-20
28	4	1.8535230630178412e-26
28	5	4.2976105830519019e-33
29	0	0.99999821200159844
29	1	1.7879966929182605e-06
29	2	1.7086095345023424e-12
29	3	1.1597957842726232e-18
29	4	6.2728431848649399e-25
29	5	2.8757459661842284e-31
29	6	4.7452750626213424e-38
30	0	0.99999856840102475
30	1	1.4315978623364761e-06
30	2	1.1129241096242519e-12
30	3	6.2340089418998113e-19
30	4	2.8182894099744063e-25
30	5	1.0925400428739172e-31
32	0	0.99999801400197219
32	1	1.9859955362714165e-06
32	2	2.491629841338462e-12
32	3	2.0478483918038671e-18
32	4	1.3185714271899254e-24
32	5	7.1309653018509126e-31
32	6	2.3736969448122875e-37
33	0	0.99999932080023068
33	1	6.7919949684882651e-07
33	2	2.7249482135006791e-13
33	3	8.4503274189139532e-20
33	4	2.2441716480750361e-26
33	5	5.3757200666431991e-33
35	0	0.99999797440205151
35	1	2.0255953670529781e-06
35	2	2.581418571594088e-12
35	3	2.1553550562004675e-18
35	4	1.4090060924253265e-24
35	5	7.7310315877796306e-31
35	6	2.7994316281804934e-37
36	0	0.99999928120025838
36	1	7.1879943904869898e-07
36	2	3.0261454519844587e-13
36	3	9.7815768221631825e-20
36	4	2.6930743731883168e-26
36	5	6.6583998819447741e-33
37	0	0.99999924160028764
37	1	7.583993781122544e-07
37	2	3.3430242527885245e-13
37	3	1.1244865067438253e-19
37	4	3.2057195475620932e-26
37	5	8.1732958527320559e-33
38	0	0.99999967920005151
38	1	3.2079987796770295e-07
38	2	7.0575968946566842e-14
38	3	1.3345281887362171e-20
38	4	2.3373533032812638e-27
38	5	3.919711543746502e-34
39	0	0.9999981724016701
39	1	1.8275965436461512e-06
39	2	1.7862927481515284e-12
39	3	1.2409191807022015e-18
39	4	6.8724421535460226e-25
39	5	4.5884495693114501e-31
39	6	1.5093062398096282e-37
40	0	0.99999920200031855
40	1	7.9799931403949468e-07
40	2	3.675584614049902e-13
40	3	1.2846402046549897e-19
40	4	3.7878409418576598e-26
40	5	1.4450382383487174e-32
41	0	0.9999985288010822
41	1	1.4711977449463677e-06
41	2	1.1728387700243765e-12
41	3	6.7241967367209841e-19
41	4	3.1061743054571119e-25
41	5	1.2285387449664089e-31
42	0	0.9999977368025611
42	1	2.2631947339923678e-06
42	2	2.7049701740315707e-12
42	3	2.2715365808423959e-18
42	4	1.5047723034429572e-24
42	5	8.3719614936873838e-31
42	6	3.0997107637787484e-37
43	0	0.99999848920114132
43	1	1.5107976244199469e-06
43	2	1.2343215831168835e-12
43	3	7.2393871933646548e-19
43	4	3.4155335453987899e-25
43	5	1.3777321852111049e-31
44	0	0.99999769720265141
44	1	2.3027945506605308e-06
44	2	2.7978952011064067e-12
44	3	2.3864781695186257e-18
44	4	1.6044934768143851e-24
44	5	9.0533515290354255e-31
44	6	3.4258229850033742e-37
45	0	0.99999916240035092
45	1	8.3759924683041866e-07
45	2	4.023826533905619e-13
45	3	1.4592397650324991e-19
45	4	4.4454195100061865e-26
45	5	1.7303443023481236e-32
46	0	0.99999765760274339
46	1	2.342394364192382e-06
46	2	2.8923883769488462e-12
46	3	2.5052303682383939e-18
46	4	1.7090871045458849e-24
46	5	9.7783693635510139e-31
46	6	3.9850303024352921e-37
46	7	1.1102230246251565e-16
47	0	0.99999761800283704
47	1	2.3819941745879231e-06
47	2	2.9884497013726053e-12
47	3	2.6278552755252593e-18
47	4	1.8187092656155688e-24
47	5	1.054907570495394e-30
47	6	4.6914032808980586e-37
48	0	0.99999912280038483
48	1	8.7719917648502739e-07
48	2	4.3877500104927115e-13
48	3	1.6489059809706776e-19
48	4	7.1435810985690481e-26
48	5	2.2953596397615464e-32
49	0	0.99999757840293213
49	1	2.4215939818471574e-06
49	2	3.0860791741913793e-12
49	3	2.7544149898928823e-18
49	4	1.9335184980959734e-24
49	5	1.1367595618409575e-30
49	6	5.1372407326620569e-37
50	0	0.99999844960120199
50	1	1.5503975007572162e-06
50	2	1.2973725487154875e-12
50	3	7.7802012991430099e-19
50	4	3.7474077826995221e-25
50	5	1.5410565535590771e-31
51	0	0.99999753880302877
51	1	2.4611937859700853e-06
51	2	3.1852767952188796e-12
51	3	2.8849716098451587e-18
51	4	2.0536757991536938e-24
51	5	1.223611841721027e-30
51	6	5.6174920460955725e-37
52	0	0.99999730120364172
52	1	2.6987925448451792e-06
52	2	3.8133936233344091e-12
52	3	3.7557238618126558e-18
52	4	2.8962547326714558e-24
52	5	1.8628343403817532e-30
52	6	9.3446253254280098e-37
53	0	0.9999990832004203
53	1	9.1679910300331887e-07
53	2	4.7673544755864301e-13
53	3	2.4206218855512483e-19
53	4	8.9002556863384845e-26
53	5	2.7870963577119486e-32
55	0	0.99999730120364172
55	1	2.6987925448451792e-06
55	2	3.8133936233344091e-12
55	3	3.7557238618126558e-18
55	4	2.8962547326714558e-24
55	5	1.8628343403817532e-30
55	6	9.3446253254280098e-37
56	0	0.9999984100012641
56	1	1.5899973739581691e-06
56	2	1.3619916666338776e-12
56	3	8.3472600412697272e-19
56	4	4.1028622613072208e-25
56	5	1.7194912515044612e-31
57	0	0.99999749920312708
57	1	2.5007935869567064e-06
57	2	3.2860425642688065e-12
57	3	3.0195872338760758e-18
57	4	2.1793446250487778e-24
57	5	1.3156899431817368e-30
57	6	6.134234470413568e-37
58	0	0.99999837040132789
58	1	1.6295972440228121e-06
58	2	1.428178936685767e-12
58	3	8.9411844068603035e-19
58	4	4.4829868162128423e-25
58	5	1.9140598658883189e-31
59	0	0.99999904360045744
59	1	9.5639902638529552e-07
59	2	5.1626410130873009e-13
59	3	2.6892449782691965e-19
59	4	1.0142701869900364e-25
59	5	3.2534566053131065e-32
60	0	0.99999900400049602
60	1	9.9599882830628929e-07
60	2	6.7568556350075473e-13
60	3	3.1198336766615163e-19
60	4	1.1691123499177438e-25
60	5	3.8037827493875769e-32
61	0	0.99999896440053626
61	1	1.0355987407111661e-06
61	2	7.2305499622434802e-13
61	3	3.432355732666138e-19
61	4	1.3197150668776199e-25
61	5	4.3965788222285493e-32
62	0	0.99999745960322683
62	1	2.5403933848070157e-06
62	2	3.3883764811548524e-12
62	3	3.1583239604698255e-18
62	4	2.3106908911343128e-24
62	5	1.4132260772164162e-30
62	6	6.6896374946784365e-37
63	0	0.99999742000332825
63	1	2.5799931795210216e-06
63	2	3.4922785456907437e-12
63	3	3.3012438881007854e-18
63	4	2.4478829718559672e-24
63	5	1.5164592301454491e-30
63	6	7.2859655349175863e-37
65	0	0.99999880600071289
65	1	1.1939985008145401e-06
65	2	7.8636736419622523e-13
65	3	3.7831627693715774e-19
65	4	1.4867631815686092e-25
65	5	5.0640995002595355e-32
66	0	0.99999833080139311
66	1	1.6691971109511392e-06
66	2	1.4959343586848531e-12
66	3	9.5625953829317225e-19
66	4	4.8888958734454216e-25
66	5	2.1258311427021047e-31
67	0	0.99999829120146
67	1	1.7087969747431574e-06
67	2	1.5652579324448422e-12
67	3	1.0212113956402716e-18
67	4	5.3217284500672578e-25
67	5	2.3559199608910749e-31
68	0	0.99999825160152855
68	1	1.7483968353988635e-06
68	2	1.636149657779436e-12
68	3	1.0890361114093578e-18
68	4	5.7826481541690393e-25
68	5	2.6054883061573041e-31

[frame_retry_cdf]
frame_id	retry_count	cumulative_probability
0	0	0.99999738040343111
0	1	0.99999999999640221
0	2	1
0	3	1
0	4	1
0	5	1
0	6	1
1	0	0.99999813280174332
1	1	0.99999999999813816
1	2	1
1	3	1
1	4	1
1	5	1
1	6	1
2	0	0.99999979800002048
2	1	0.99999999999996758
2	2	1
2	3	1
2	4	1
2	5	1
3	0	0.99999991680000355
3	1	0.99999999999999167
3	2	1
3	3	1
3	4	1
3	5	1
4	0	0.9999998772000076
4	1	0.99999999999998523
4	2	1
4	3	1
4	4	1
4	5	1
5	0	0.99999963960006499
5	1	0.99999999999991362
5	2	1
5	3	1
5	4	1
5	5	1
7	0	0.99999809320181798
7	1	0.99999999999806077
7	2	1
7	3	1
7	4	1
7	5	1
7	6	1
9	0	0.99999876640076102
9	1	0.99999999999916322
9	2	1
9	3	1
9	4	1
9	5	1
10	0	0.99999960000008015
10	1	0.99999999999989631
10	2	1
10	3	1
10	4	1
10	5	1
11	0	0.99999872680081059
11	1	0.99999999999911116
11	2	1
11	3	1
11	4	1
11	5	1
14	0	0.99999955840009758
14	1	0.99999999999987532
14	2	1
14	3	1
14	4	1
14	5	1
15	0	0.99999975840002919
15	1	0.99999999999995637
15	2	1
15	3	1
15	4	1
15	5	1
16	0	0.99999805360189431
16	1	0.99999999999798206
16	2	1
16	3	1
16	4	1
16	5	1
16	6	1
17	0	0.99999971880003957
17	1	0.99999999999994371
17	2	1
17	3	1
17	4	1
17	5	1
18	0	0.99999868720086182
18	1	0.99999999999905753
18	2	1
18	3	1
18	4	1
18	5	1
19	0	0.9999986476009145
19	1	0.99999999999900224
19	2	1
19	3	1
19	4	1
19	5	1
21	0	0.99999951880011584
21	1	0.99999999999985467
21	2	1
21	3	1
21	4	1
21	5	1
22	0	0.99999947920013565
22	1	0.99999999999983236
22	2	1
22	3	1
22	4	1
22	5	1
23	0	0.99999943960015714
23	1	0.9999999999998086
23	2	1
23	3	1
23	4	1
23	5	1
24	0	0.99999860800096885
24	1	0.9999999999989454
24	2	1
24	3	1
24	4	1
24	5	1
25	0	0.99999734080353564
25	1	0.99999999999629519
25	2	1
25	3	1
25	4	1
25	5	1
25	6	1
26	0	0.99999983760001321
26	1	0.99999999999997713
26	2	1
26	3	1
26	4	1
26	5	1
27	0	0.99999940000018006
27	1	0.99999999999978306
27	2	1
27	3	1
27	4	1
27	5	1
28	0	0.99999936040020454
28	1	0.99999999999975608
28	2	1
28	3	1
28	4	1
28	5	1
29	0	0.99999821200159844
29	1	0.99999999999829137
29	2	1
29	3	1
29	4	1
29	5	1
29	6	1
30	0	0.99999856840102475
30	1	0.99999999999888711
30	2	1
30	3	1
30	4	1
30	5	1
32	0	0.99999801400197219
32	1	0.99999999999750844
32	2	1
32	3	1
32	4	1
32	5	1
32	6	1
33	0	0.99999932080023068
33	1	0.99999999999972755
33	2	1
33	3	1
33	4	1
33	5	1
35	0	0.99999797440205151
35	1	0.99999999999741862
35	2	1
35	3	1
35	4	1
35	5	1
35	6	1
36	0	0.99999928120025838
36	1	0.99999999999969746
36	2	1
36	3	1
36	4	1
36	5	1
37	0	0.99999924160028764
37	1	0.99999999999966571
37	2	1
37	3	1
37	4	1
37	5	1
38	0	0.99999967920005151
38	1	0.9999999999999295
38	2	1
38	3	1
38	4	1
38	5	1
39	0	0.9999981724016701
39	1	0.99999999999821376
39	2	1
39	3	1
39	4	1
39	5	1
39	6	1
40	0	0.99999920200031855
40	1	0.99999999999963263
40	2	1
40	3	1
40	4	1
40	5	1
41	0	0.9999985288010822
41	1	0.99999999999882716
41	2	1
41	3	1
41	4	1
41	5	1
42	0	0.9999977368025611
42	1	0.99999999999729505
42	2	1
42	3	1
42	4	1
42	5	1
42	6	1
43	0	0.99999848920114132
43	1	0.99999999999876577
43	2	1
43	3	1
43	4	1
43	5	1
44	0	0.99999769720265141
44	1	0.99999999999720213
44	2	1
44	3	1
44	4	1
44	5	1
44	6	1
45	0	0.99999916240035092
45	1	0.99999999999959777
45	2	1
45	3	1
45	4	1
45	5	1
46	0	0.99999765760274339
46	1	0.99999999999710754
46	2	0.99999999999999989
46	3	0.99999999999999989
46	4	0.99999999999999989
46	5	0.99999999999999989
46	6	0.99999999999999989
46	7	1
47	0	0.99999761800283704
47	1	0.99999999999701161
47	2	1
47	3	1
47	4	1
47	5	1
47	6	1
48	0	0.99999912280038483
48	1	0.99999999999956135
48	2	1
48	3	1
48	4	1
48	5	1
49	0	0.99999757840293213
49	1	0.99999999999691402
49	2	1
49	3	1
49	4	1
49	5	1
49	6	1
50	0	0.99999844960120199
50	1	0.9999999999987027
50	2	1
50	3	1
50	4	1
50	5	1
51	0	0.99999753880302877
51	1	0.99999999999681477
51	2	1
51	3	1
51	4	1
51	5	1
51	6	1
52	0	0.99999730120364172
52	1	0.99999999999618661
52	2	1
52	3	1
52	4	1
52	5	1
52	6	1
53	0	0.9999990832004203
53	1	0.99999999999952327
53	2	1
53	3	1
53	4	1
53	5	1
55	0	0.99999730120364172
55	1	0.99999999999618661
55	2	1
55	3	1
55	4	1
55	5	1
55	6	1
56	0	0.9999984100012641
56	1	0.99999999999863809
56	2	1
56	3	1
56	4	1
56	5	1
57	0	0.99999749920312708
57	1	0.99999999999671407
57	2	1
57	3	1
57	4	1
57	5	1
57	6	1
58	0	0.99999837040132789
58	1	0.99999999999857192
58	2	1
58	3	1
58	4	1
58	5	1
59	0	0.99999904360045744
59	1	0.99999999999948386
59	2	1
59	3	1
59	4	1
59	5	1
60	0	0.99999900400049602
60	1	0.99999999999932432
60	2	1
60	3	1
60	4	1
60	5	1
61	0	0.99999896440053626
61	1	0.99999999999927702
61	2	1
61	3	1
61	4	1
61	5	1
62	0	0.99999745960322683
62	1	0.9999999999966116
62	2	1
62	3	1
62	4	1
62	5	1
62	6	1
63	0	0.99999742000332825
63	1	0.99999999999650779
63	2	1
63	3	1
63	4	1
63	5	1
63	6	1
65	0	0.99999880600071289
65	1	0.99999999999921374
65	2	1
65	3	1
65	4	1
65	5	1
66	0	0.99999833080139311
66	1	0.99999999999850409
66	2	1
66	3	1
66	4	1
66	5	1
67	0	0.99999829120146
67	1	0.9999999999984347
67	2	1
67	3	1
67	4	1
67	5	1
68	0	0.99999825160152855
68	1	0.99999999999836398
68	2	1
68	3	1
68	4	1
68	5	1

[frame_wcrt_distribution]
frame_id	response_time_ms	probability
0	2.6196000000000028	0.99999738040343111
0	2.6208000000000022	8.1151147711214807e-40
0	2.6832000000000029	2.6195929710987097e-06
0	2.746800000000003	3.5977487576901513e-12
0	2.8104000000000027	3.4484091152334102e-18
0	2.8740000000000028	2.5910917007513493e-24
0	2.9376000000000029	1.6256352601843911e-30
0	3.001200000000003	7.9255806598023233e-37
1	1.8672000000000006	0.99999813280174332
1	1.9308000000000007	1.8671963948137237e-06
1	1.9944000000000006	1.8619681264870717e-12
1	2.0664000000000011	8.1151147711214807e-40
1	2.1852000000000005	2.0899896013230151e-32
1	2.2488000000000006	3.4579137482485326e-38
1	2.2560000000000007	1.3180423032932158e-18
1	2.3196000000000008	1.0039386502307584e-24
1	2.3832000000000009	5.234331638167011e-31
1	2.446800000000001	1.3649911856284113e-37
2	0.20200000000000001	0.99999979800002048
2	0.2616	2.0199994715680719e-07
2	0.32120000000000004	3.2441189579888268e-14
2	0.38080000000000003	4.8819556876175968e-21
2	0.44040000000000001	7.1892215485861493e-28
2	0.5	1.0520829038299459e-34
3	0.083199999999999996	0.99999991680000355
3	0.14279999999999998	8.3199988119040938e-08
3	0.2024	8.4198382958245477e-15
3	0.26200000000000001	9.5186321727846881e-22
3	0.3216	1.153081661296875e-28
3	0.38119999999999998	1.4640419460841994e-35
4	0.12279999999999999	0.9999998772000076
4	0.18240000000000001	1.2279997760128207e-07
4	0.24199999999999999	1.4858796404170823e-14
4	0.30159999999999998	1.8616998331779088e-21
4	0.36119999999999997	2.4111831118964983e-28
4	0.42079999999999995	3.2086319279020233e-35
5	0.3604	0.99999963960006499
5	0.41999999999999998	3.6039984863203185e-07
5	0.47960000000000003	8.6423878551097896e-14
5	0.53920000000000001	1.7463571426306451e-20
5	0.5988	3.2241753666144183e-27
5	0.65839999999999999	5.6436826293721046e-34
7	1.9068000000000007	0.99999809320181798
7	1.9704000000000008	1.9067962428449812e-06
7	2.0340000000000007	1.9392116556394867e-12
7	2.1060000000000012	8.1151147711214807e-40
7	2.2248000000000006	2.2632215938852947e-32
7	2.2884000000000007	3.967450472426361e-38
7	2.2956000000000008	1.3982931966024509e-18
7	2.3592000000000009	1.0788682868366062e-24
7	2.422800000000001	5.7048492482555992e-31
7	2.4864000000000011	1.5155634045033447e-37
9	1.2335999999999998	0.99999876640076102
9	1.2951999999999999	1.2335984022423148e-06
9	1.3567999999999998	8.3687310452980251e-13
9	1.4183999999999999	4.13637533232108e-19
9	1.4227999999999998	8.1151147711214807e-40
9	1.4799999999999998	1.6662786219058196e-25
9	1.5415999999999999	5.80603056983888e-32
10	0.40000000000000002	0.99999960000008015
10	0.45960000000000001	3.9999981616004222e-07
10	0.51919999999999999	1.0383994608628591e-13
10	0.57879999999999998	2.2333949739772804e-20
10	0.63840000000000008	4.336377750055553e-27
10	0.69799999999999995	7.9122532266493485e-34
11	1.2731999999999997	0.99999872680081059
11	1.3347999999999998	1.2731983005337738e-06
11	1.3963999999999996	8.8894699867354505e-13
11	1.4579999999999997	4.5108646311545772e-19
11	1.4623999999999999	8.1151147711214807e-40
11	1.5195999999999996	1.8615409015791443e-25
11	1.5811999999999997	6.6322667986681014e-32
14	0.44160000000000005	0.99999955840009758
14	0.50320000000000009	4.4159977778693603e-07
14	0.56480000000000008	1.2470776956503191e-13
14	0.62640000000000007	2.8878926166235029e-20
14	0.68800000000000006	5.9921522421978434e-27
14	0.74960000000000004	1.1618922438453259e-33
15	0.24160000000000001	0.99999975840002919
15	0.30120000000000002	2.4159992723009088e-07
15	0.36080000000000001	4.3584624274664753e-14
15	0.4204	7.1165730508587331e-21
15	0.47999999999999998	1.1132922656195843e-27
15	0.53959999999999997	1.706881040344557e-34
16	1.9464000000000008	0.99999805360189431
16	2.0100000000000007	1.9463960877399328e-06
16	2.1456000000000013	8.1151147711214807e-40
16	2.2644000000000006	2.041554646070383e-32
16	2.2716000000000012	2.0180229358539005e-12
16	2.3280000000000007	4.5380763321992336e-38
16	2.3352000000000008	1.8813022294339091e-18
16	2.3988000000000009	1.2228462196335998e-24
16	2.462400000000001	6.349694211028348e-31
16	2.5260000000000011	1.6790148212909621e-37
17	0.28120000000000001	0.99999971880003957
17	0.34079999999999999	2.8119990416705642e-07
17	0.40039999999999998	5.6296217458990138e-14
17	0.46000000000000002	9.9169821048538745e-21
17	0.51960000000000006	1.6436573123522427e-27
17	0.57919999999999994	2.6372304004255293e-34
18	1.3127999999999995	0.99999868720086182
18	1.3743999999999996	1.3127981956889203e-06
18	1.4359999999999995	9.4258904644115819e-13
18	1.4975999999999996	4.9072516537744106e-19
18	1.502	8.1151147711214807e-40
18	1.5591999999999995	2.0734431270992843e-25
18	1.6207999999999996	7.54978181144492e-32
19	1.3523999999999996	0.9999986476009145
19	1.4139999999999997	1.3523980877077527e-06
19	1.4755999999999996	9.9779924764634523e-13
19	1.5371999999999997	5.3261573879845679e-19
19	1.5416000000000001	8.1151147711214807e-40
19	1.5987999999999996	2.3029029960540153e-25
19	1.6603999999999997	8.5659230011735459e-32
21	0.48120000000000007	0.99999951880011584
21	0.54280000000000006	4.811997388047111e-07
21	0.60440000000000005	1.4541855210900044e-13
21	0.66600000000000015	3.5573167508262557e-20
21	0.72760000000000002	7.723108428213061e-27
21	0.78920000000000012	1.5555801241726139e-33
22	0.52080000000000015	0.99999947920013565
22	0.58240000000000014	5.2079969668616838e-07
22	0.64400000000000013	1.6769749200278068e-13
22	0.70560000000000023	4.3215203555341812e-20
22	0.7672000000000001	9.7990772894666688e-27
22	0.8288000000000002	2.0478040134127956e-33
23	0.56040000000000012	0.99999943960015714
23	0.62200000000000011	5.603996514313084e-07
23	0.6836000000000001	1.9154458906007433e-13
23	0.74520000000000008	5.1867133284598033e-20
23	0.80680000000000018	1.2262646338080166e-26
23	0.86840000000000006	2.6558027396577734e-33
24	1.3919999999999997	0.99999860800096885
24	1.4535999999999998	1.3919979765902702e-06
24	1.5151999999999997	1.0545776021028086e-12
24	1.5767999999999998	5.7682028214906199e-19
24	1.5812000000000002	8.1151147711214807e-40
24	1.6383999999999996	2.550862797103284e-25
24	1.6999999999999997	9.6884211860653112e-32
25	2.6592000000000029	0.99999734080353564
25	2.6604000000000023	8.1151147711214807e-40
25	2.722800000000003	2.659192759540097e-06
25	2.7864000000000031	3.7047871169668064e-12
25	2.8500000000000028	3.5998817403224367e-18
25	2.9136000000000029	2.7404903704497558e-24
25	2.977200000000003	1.7410069980699012e-30
25	3.0408000000000031	8.6109453548901263e-37
26	0.16239999999999999	0.99999983760001321
26	0.22199999999999998	1.6239996394720401e-07
26	0.28159999999999996	2.2865913560957818e-14
26	0.3412	3.1510309675347108e-21
26	0.40079999999999999	4.3567009231459088e-28
26	0.46039999999999998	6.0805921947590089e-35
27	0.60000000000000009	0.99999940000018006
27	0.66160000000000008	5.9999960304013095e-07
27	0.72320000000000007	2.1695984309458468e-13
27	0.78480000000000016	6.1591055663320695e-20
27	0.84640000000000004	1.5158862203133623e-26
27	0.90800000000000014	3.3987017683224796e-33
28	0.63960000000000017	0.99999936040020454
28	0.70120000000000016	6.3959955151263783e-07
28	0.76280000000000014	2.4394325392001541e-13
28	0.82440000000000024	7.2449069648962468e-20
28	0.88600000000000012	1.8535230630178412e-26
28	0.94760000000000022	4.2976105830519019e-33
29	1.7880000000000005	0.99999821200159844
29	1.8496000000000006	1.7879966929182605e-06
29	1.9112000000000005	1.7086095345023424e-12
29	1.9728000000000006	1.1597957842726232e-18
29	1.977200000000001	8.1151147711214807e-40
29	2.0344000000000007	6.2728431848649399e-25
29	2.0960000000000005	1.802640027935078e-31
29	2.1576000000000004	1.9594919371087956e-38
29	2.2940000000000005	1.0731059301340347e-31
29	2.3556000000000004	2.7857831255125474e-38
30	1.4315999999999998	0.99999856840102475
30	1.4931999999999999	1.4315978623364761e-06
30	1.5547999999999997	1.1129241096242519e-12
30	1.6163999999999998	6.2340089418998113e-19
30	1.6208000000000002	8.1151147711214807e-40
30	1.6779999999999997	2.8182894099744063e-25
30	1.7395999999999998	1.0925400347588024e-31
32	1.9860000000000009	0.99999801400197219
32	2.1852000000000014	8.1151147711214807e-40
32	2.2476000000000012	1.9859955362714165e-06
32	2.3040000000000007	2.2083656875538283e-32
32	2.3112000000000013	2.491629841338462e-12
32	2.3676000000000008	5.1755152065635802e-38
32	2.3748000000000009	2.0478483918038671e-18
32	2.438400000000001	1.3185714271899254e-24
32	2.5020000000000011	6.910128724980415e-31
32	2.5656000000000012	1.8561454241559295e-37
33	0.67920000000000003	0.99999932080023068
33	0.74080000000000001	6.7919949684882651e-07
33	0.8024	2.7249482135006791e-13
33	0.8640000000000001	8.4503274189139532e-20
33	0.92559999999999998	2.2441716480750361e-26
33	0.98720000000000008	5.3757200666431991e-33
35	2.0256000000000012	0.99999797440205151
35	2.2248000000000014	8.1151147711214807e-40
35	2.2872000000000012	2.0255953670529781e-06
35	2.3436000000000012	2.3968366618784938e-32
35	2.3508000000000013	2.581418571594088e-12
35	2.4072000000000013	5.8858841215023115e-38
35	2.414400000000001	2.1553550562004675e-18
35	2.4780000000000011	1.4090060924253265e-24
35	2.5416000000000012	7.4913479134766663e-31
35	2.6052000000000013	2.2108432160302625e-37
36	0.71880000000000011	0.99999928120025838
36	0.78040000000000009	7.1879943904869898e-07
36	0.84200000000000008	3.0261454519844587e-13
36	0.90360000000000018	9.7815768221631825e-20
36	0.96520000000000006	2.6930743731883168e-26
36	1.0268000000000002	6.6583998819447741e-33
37	0.75839999999999996	0.99999924160028764
37	0.81999999999999995	7.583993781122544e-07
37	0.88159999999999994	3.3430242527885245e-13
37	0.94320000000000004	1.1244865067438253e-19
37	1.0047999999999999	3.2057195475620932e-26
37	1.0664	8.1732958527320559e-33
38	0.32079999999999997	0.99999967920005151
38	0.38039999999999996	3.2079987796770295e-07
38	0.43999999999999995	7.0575968946566842e-14
38	0.49959999999999999	1.3345281887362171e-20
38	0.55919999999999992	2.3373533032812638e-27
38	0.61880000000000002	3.919711543746502e-34
39	1.8276000000000006	0.9999981724016701
39	1.8912000000000007	1.8275965436461512e-06
39	1.9548000000000005	1.7862927481515284e-12
39	2.0184000000000006	1.2409191807022015e-18
39	2.026800000000001	1.312959050936332e-39
39	2.1456000000000004	6.0650009241180885e-32
39	2.2092000000000005	2.9611825041665686e-38
39	2.2800000000000007	6.8724421535460226e-25
39	2.3436000000000008	3.9819494637700487e-31
39	2.4072000000000009	1.2131879893929713e-37
40	0.79800000000000004	0.99999920200031855
40	0.85960000000000003	7.9799931403949468e-07
40	0.92120000000000002	3.675584614049902e-13
40	0.98280000000000012	1.2846402046549897e-19
40	1.1060000000000001	4.4552645235826944e-33
40	1.1632000000000002	3.7878409418576598e-26
40	1.2248000000000003	9.9951178599044801e-33
41	1.4711999999999998	0.9999985288010822
41	1.5327999999999999	1.4711977449463677e-06
41	1.5943999999999998	1.1728387700243765e-12
41	1.6559999999999999	6.7241967367209841e-19
41	1.6604000000000003	8.1151147711214807e-40
41	1.7175999999999998	3.1061743054571119e-25
41	1.7791999999999999	1.2285387368512942e-31
42	2.2632000000000012	0.9999977368025611
42	2.2644000000000015	8.1151147711214807e-40
42	2.3268000000000013	2.2631947339923678e-06
42	2.3832000000000013	2.4871424877783537e-32
42	2.3904000000000014	2.7049701740315707e-12
42	2.4468000000000014	6.6757108544793382e-38
42	2.4540000000000011	2.2715365808423959e-18
42	2.5176000000000012	1.5047723034429572e-24
42	2.5812000000000013	8.123247236794434e-31
42	2.6448000000000014	2.4321396783308143e-37
43	1.5107999999999999	0.99999848920114132
43	1.5724	1.5107976244199469e-06
43	1.6339999999999999	1.2343215831168835e-12
43	1.6956	7.2393871933646548e-19
43	1.7000000000000004	8.1151147711214807e-40
43	1.7571999999999999	3.4155335453987899e-25
43	1.8188	1.3777321770959902e-31
44	2.3028000000000013	0.99999769720265141
44	2.3040000000000016	8.1151147711214807e-40
44	2.3664000000000014	2.3027945506605308e-06
44	2.4300000000000015	2.7978952011064067e-12
44	2.4864000000000015	7.5519519245578287e-38
44	2.4936000000000011	2.3864781695186257e-18
44	2.5572000000000012	1.6044934768143851e-24
44	2.6208000000000014	9.0533515209203117e-31
44	2.6844000000000015	2.670627792547591e-37
45	0.8375999999999999	0.99999916240035092
45	0.89919999999999989	8.3759924683041866e-07
45	0.96079999999999988	4.023826533905619e-13
45	1.0224	1.4592397650324991e-19
45	1.1456	5.4619451385079375e-33
45	1.2028000000000001	4.4454195100061865e-26
45	1.2644000000000002	1.1841497884973304e-32
46	2.3424000000000014	0.99999765760274339
46	2.3436000000000017	8.1151147711214807e-40
46	2.4060000000000015	2.342394364192382e-06
46	2.4696000000000016	2.8923883769488462e-12
46	2.5260000000000016	8.5220109681461729e-38
46	2.5332000000000012	2.5052303682383939e-18
46	2.5968000000000013	1.7090871045458849e-24
46	2.6604000000000014	9.7783693554358983e-31
46	2.7240000000000015	3.1328292056206759e-37
46	100.06359999999999	1.1102230246251565e-16
47	2.3820000000000014	0.99999761800283704
47	2.3832000000000018	8.1151147711214807e-40
47	2.4456000000000016	2.3819941745879231e-06
47	2.5092000000000017	2.9884497013726053e-12
47	2.5728000000000013	2.6278552755252593e-18
47	2.6364000000000014	1.8187092656155688e-24
47	2.7000000000000015	1.0549075696838824e-30
47	2.7636000000000016	4.6914032808980586e-37
48	0.87719999999999998	0.99999912280038483
48	0.93879999999999997	8.7719917648502739e-07
48	1.0004	4.3877500104927115e-13
48	1.1808000000000003	1.6489059809706776e-19
48	1.1852	4.7434461914518484e-33
48	1.2424000000000002	7.1435810985690481e-26
48	1.3040000000000003	1.8210150206163621e-32
49	2.4216000000000015	0.99999757840293213
49	2.4228000000000018	8.1151147711214807e-40
49	2.4852000000000016	2.4215939818471574e-06
49	2.5488000000000017	3.0860791741913793e-12
49	2.6124000000000014	2.7544149898928823e-18
49	2.6760000000000015	1.9335184980959734e-24
49	2.7396000000000016	1.1367595610294459e-30
49	2.8032000000000017	5.1372407326620569e-37
50	1.5504	0.99999844960120199
50	1.6120000000000001	1.5503975007572162e-06
50	1.6736	1.2973725487154875e-12
50	1.7352000000000001	7.7802012991430099e-19
50	1.7396000000000005	8.1151147711214807e-40
50	1.7968	3.7474077826995221e-25
50	1.8584000000000001	1.5410565454439624e-31
51	2.4612000000000025	0.99999753880302877
51	2.4624000000000019	8.1151147711214807e-40
51	2.5248000000000026	2.4611937859700853e-06
51	2.5884000000000027	3.1852767952188796e-12
51	2.6520000000000024	2.8849716098451587e-18
51	2.7156000000000025	2.0536757991536938e-24
51	2.7792000000000026	1.2236118409095155e-30
51	2.8428000000000027	5.6174920460955725e-37
52	2.698800000000003	0.99999730120364172
52	2.7000000000000024	8.1151147711214807e-40
52	2.7624000000000031	2.6987925448451792e-06
52	2.8260000000000032	3.8133936233344091e-12
52	2.8896000000000028	3.7557238618126558e-18
52	2.9532000000000029	2.8962547326714558e-24
52	3.016800000000003	1.8628343395702417e-30
52	3.0804000000000031	9.3446253254280098e-37
53	0.91679999999999984	0.9999990832004203
53	0.97839999999999983	9.1679910300331887e-07
53	1.1588000000000001	4.7673544755864301e-13
53	1.2204000000000002	2.4206218855512483e-19
53	1.2247999999999999	5.6104373340971652e-33
53	1.282	8.9002556863384845e-26
53	1.3436000000000001	2.2260526243022319e-32
55	2.698800000000003	0.99999730120364172
55	2.7000000000000024	8.1151147711214807e-40
55	2.7624000000000031	2.6987925448451792e-06
55	2.8260000000000032	3.8133936233344091e-12
55	2.8896000000000028	3.7557238618126558e-18
55	2.9532000000000029	2.8962547326714558e-24
55	3.016800000000003	1.8628343395702417e-30
55	3.0804000000000031	9.3446253254280098e-37
56	1.5900000000000001	0.9999984100012641
56	1.6516000000000002	1.5899973739581691e-06
56	1.7132000000000001	1.3619916666338776e-12
56	1.7748000000000002	8.3472600412697272e-19
56	1.7792000000000006	8.1151147711214807e-40
56	1.8364	4.1028622613072208e-25
56	1.8980000000000001	1.7194912433893465e-31
57	2.5008000000000017	0.99999749920312708
57	2.502000000000002	8.1151147711214807e-40
57	2.5644000000000018	2.5007935869567064e-06
57	2.6280000000000019	3.2860425642688065e-12
57	2.6916000000000015	3.0195872338760758e-18
57	2.7552000000000016	2.1793446250487778e-24
57	2.8188000000000017	1.3156899423702252e-30
57	2.8824000000000018	6.134234470413568e-37
58	1.6296000000000002	0.99999837040132789
58	1.6912000000000003	1.6295972440228121e-06
58	1.7528000000000001	1.428178936685767e-12
58	1.8144000000000002	8.9411844068603035e-19
58	1.8188000000000006	8.1151147711214807e-40
58	1.8760000000000001	4.4829868162128423e-25
58	1.9376000000000002	1.914059857773204e-31
59	0.95639999999999992	0.99999904360045744
59	1.018	9.5639902638529552e-07
59	1.1984000000000001	5.1626410130873009e-13
59	1.2600000000000002	2.6892449782691965e-19
59	1.2644	6.9100260682930499e-33
59	1.3216000000000001	1.0142701869900364e-25
59	1.3832000000000002	2.5624539984838011e-32
60	0.99599999999999977	0.99999900400049602
60	1.1764000000000001	9.9599882830628929e-07
60	1.238	6.7568556350075473e-13
60	1.2996000000000001	3.1198336766615163e-19
60	1.3039999999999998	6.6683166042782096e-33
60	1.3612	1.1691123499177438e-25
60	1.4228000000000001	3.1369510889597555e-32
61	1.0355999999999999	0.99999896440053626
61	1.216	1.0355987407111661e-06
61	1.2775999999999998	7.2305499622434802e-13
61	1.3391999999999999	3.432355732666138e-19
61	1.3435999999999999	8.1679870300653705e-33
61	1.4007999999999998	1.3197150668776199e-25
61	1.4623999999999999	3.5797801192220127e-32
62	2.5404000000000027	0.99999745960322683
62	2.5416000000000021	8.1151147711214807e-40
62	2.6040000000000028	2.5403933848070157e-06
62	2.6676000000000029	3.3883764811548524e-12
62	2.7312000000000025	3.1583239604698255e-18
62	2.7948000000000026	2.3106908911343128e-24
62	2.8584000000000027	1.4132260764049047e-30
62	2.9220000000000028	6.6896374946784365e-37
63	2.5800000000000027	0.99999742000332825
63	2.5812000000000022	8.1151147711214807e-40
63	2.6436000000000028	2.5799931795210216e-06
63	2.7072000000000029	3.4922785456907437e-12
63	2.7708000000000026	3.3012438881007854e-18
63	2.8344000000000027	2.4478829718559672e-24
63	2.8980000000000028	1.5164592293339376e-30
63	2.9616000000000029	7.2859655349175863e-37
65	1.1939999999999997	0.99999880600071289
65	1.2555999999999998	1.1939985008145401e-06
65	1.3171999999999997	7.8636736419622523e-13
65	1.3787999999999998	3.7831627693715774e-19
65	1.3831999999999998	8.1151147711214807e-40
65	1.4403999999999997	1.4867631815686092e-25
65	1.5019999999999998	5.0640994191083884e-32
66	1.6692000000000002	0.99999833080139311
66	1.7308000000000003	1.6691971109511392e-06
66	1.7924000000000002	1.4959343586848531e-12
66	1.8540000000000003	9.5625953829317225e-19
66	1.8584000000000007	8.1151147711214807e-40
66	1.9156000000000002	4.8888958734454216e-25
66	1.9772000000000003	2.12583113458699e-31
67	1.7088000000000003	0.99999829120146
67	1.7704000000000004	1.7087969747431574e-06
67	1.8320000000000003	1.5652579324448422e-12
67	1.8936000000000004	1.0212113956402716e-18
67	1.8980000000000008	8.1151147711214807e-40
67	1.9552000000000003	5.3217284500672578e-25
67	2.0168000000000004	2.3559199527759602e-31
68	1.7484000000000004	0.99999825160152855
68	1.8100000000000005	1.7483968353988635e-06
68	1.8716000000000004	1.636149657779436e-12
68	1.9332000000000005	1.0890361114093578e-18
68	1.9376000000000009	8.1151147711214807e-40
68	1.9948000000000004	5.7826481541690393e-25
68	2.0564000000000004	2.6054882980421894e-31

[frame_wcrt_cdf]
frame_id	response_time_ms	cumulative_probability
0	2.6196000000000028	0.99999738040343111
0	2.6208000000000022	0.99999738040343111
0	2.6832000000000029	0.99999999999640221
0	2.746800000000003	1
0	2.8104000000000027	1
0	2.8740000000000028	1
0	2.9376000000000029	1
0	3.001200000000003	1
1	1.8672000000000006	0.99999813280174332
1	1.9308000000000007	0.99999999999813816
1	1.9944000000000006	1
1	2.0664000000000011	1
1	2.1852000000000005	1
1	2.2488000000000006	1
1	2.2560000000000007	1
1	2.3196000000000008	1
1	2.3832000000000009	1
1	2.446800000000001	1
2	0.20200000000000001	0.99999979800002048
2	0.2616	0.99999999999996758
2	0.32120000000000004	1
2	0.38080000000000003	1
2	0.44040000000000001	1
2	0.5	1
3	0.083199999999999996	0.99999991680000355
3	0.14279999999999998	0.99999999999999167
3	0.2024	1
3	0.26200000000000001	1
3	0.3216	1
3	0.38119999999999998	1
4	0.12279999999999999	0.9999998772000076
4	0.18240000000000001	0.99999999999998523
4	0.24199999999999999	1
4	0.30159999999999998	1
4	0.36119999999999997	1
4	0.42079999999999995	1
5	0.3604	0.99999963960006499
5	0.41999999999999998	0.99999999999991362
5	0.47960000000000003	1
5	0.53920000000000001	1
5	0.5988	1
5	0.65839999999999999	1
7	1.9068000000000007	0.99999809320181798
7	1.9704000000000008	0.99999999999806077
7	2.0340000000000007	1
7	2.1060000000000012	1
7	2.2248000000000006	1
7	2.2884000000000007	1
7	2.2956000000000008	1
7	2.3592000000000009	1
7	2.422800000000001	1
7	2.4864000000000011	1
9	1.2335999999999998	0.99999876640076102
9	1.2951999999999999	0.99999999999916322
9	1.3567999999999998	1
9	1.4183999999999999	1
9	1.4227999999999998	1
9	1.4799999999999998	1
9	1.5415999999999999	1
10	0.40000000000000002	0.99999960000008015
10	0.45960000000000001	0.99999999999989631
10	0.51919999999999999	1
10	0.57879999999999998	1
10	0.63840000000000008	1
10	0.69799999999999995	1
11	1.2731999999999997	0.99999872680081059
11	1.3347999999999998	0.99999999999911116
11	1.3963999999999996	1
11	1.4579999999999997	1
11	1.4623999999999999	1
11	1.5195999999999996	1
11	1.5811999999999997	1
14	0.44160000000000005	0.99999955840009758
14	0.50320000000000009	0.99999999999987532
14	0.56480000000000008	1
14	0.62640000000000007	1
14	0.68800000000000006	1
14	0.74960000000000004	1
15	0.24160000000000001	0.99999975840002919
15	0.30120000000000002	0.99999999999995637
15	0.36080000000000001	1
15	0.4204	1
15	0.47999999999999998	1
15	0.53959999999999997	1
16	1.9464000000000008	0.99999805360189431
16	2.0100000000000007	0.99999999999798206
16	2.1456000000000013	0.99999999999798206
16	2.2644000000000006	0.99999999999798206
16	2.2716000000000012	1
16	2.3280000000000007	1
16	2.3352000000000008	1
16	2.3988000000000009	1
16	2.462400000000001	1
16	2.5260000000000011	1
17	0.28120000000000001	0.99999971880003957
17	0.34079999999999999	0.99999999999994371
17	0.40039999999999998	1
17	0.46000000000000002	1
17	0.51960000000000006	1
17	0.57919999999999994	1
18	1.3127999999999995	0.99999868720086182
18	1.3743999999999996	0.99999999999905753
18	1.4359999999999995	1
18	1.4975999999999996	1
18	1.502	1
18	1.5591999999999995	1
18	1.6207999999999996	1
19	1.3523999999999996	0.9999986476009145
19	1.4139999999999997	0.99999999999900224
19	1.4755999999999996	1
19	1.5371999999999997	1
19	1.5416000000000001	1
19	1.5987999999999996	1
19	1.6603999999999997	1
21	0.48120000000000007	0.99999951880011584
21	0.54280000000000006	0.99999999999985467
21	0.60440000000000005	1
21	0.66600000000000015	1
21	0.72760000000000002	1
21	0.78920000000000012	1
22	0.52080000000000015	0.99999947920013565
22	0.58240000000000014	0.99999999999983236
22	0.64400000000000013	1
22	0.70560000000000023	1
22	0.7672000000000001	1
22	0.8288000000000002	1
23	0.56040000000000012	0.99999943960015714
23	0.62200000000000011	0.9999999999998086
23	0.6836000000000001	1
23	0.74520000000000008	1
23	0.80680000000000018	1
23	0.86840000000000006	1
24	1.3919999999999997	0.99999860800096885
24	1.4535999999999998	0.9999999999989454
24	1.5151999999999997	1
24	1.5767999999999998	1
24	1.5812000000000002	1
24	1.6383999999999996	1
24	1.6999999999999997	1
25	2.6592000000000029	0.99999734080353564
25	2.6604000000000023	0.99999734080353564
25	2.722800000000003	0.99999999999629519
25	2.7864000000000031	1
25	2.8500000000000028	1
25	2.9136000000000029	1
25	2.977200000000003	1
25	3.0408000000000031	1
26	0.16239999999999999	0.99999983760001321
26	0.22199999999999998	0.99999999999997713
26	0.28159999999999996	1
26	0.3412	1
26	0.40079999999999999	1
26	0.46039999999999998	1
27	0.60000000000000009	0.99999940000018006
27	0.66160000000000008	0.99999999999978306
27	0.72320000000000007	1
27	0.78480000000000016	1
27	0.84640000000000004	1
27	0.90800000000000014	1
28	0.63960000000000017	0.99999936040020454
28	0.70120000000000016	0.99999999999975608
28	0.76280000000000014	1
28	0.82440000000000024	1
28	0.88600000000000012	1
28	0.94760000000000022	1
29	1.7880000000000005	0.99999821200159844
29	1.8496000000000006	0.99999999999829137
29	1.9112000000000005	1
29	1.9728000000000006	1
29	1.977200000000001	1
29	2.0344000000000007	1
29	2.0960000000000005	1
29	2.1576000000000004	1
29	2.2940000000000005	1
29	2.3556000000000004	1
30	1.4315999999999998	0.99999856840102475
30	1.4931999999999999	0.99999999999888711
30	1.5547999999999997	1
30	1.6163999999999998	1
30	1.6208000000000002	1
30	1.6779999999999997	1
30	1.7395999999999998	1
32	1.9860000000000009	0.99999801400197219
32	2.1852000000000014	0.99999801400197219
32	2.2476000000000012	0.99999999999750844
32	2.3040000000000007	0.99999999999750844
32	2.3112000000000013	1
32	2.3676000000000008	1
32	2.3748000000000009	1
32	2.438400000000001	1
32	2.5020000000000011	1
32	2.5656000000000012	1
33	0.67920000000000003	0.99999932080023068
33	0.74080000000000001	0.99999999999972755
33	0.8024	1
33	0.8640000000000001	1
33	0.92559999999999998	1
33	0.98720000000000008	1
35	2.0256000000000012	0.99999797440205151
35	2.2248000000000014	0.99999797440205151
35	2.2872000000000012	0.99999999999741862
35	2.3436000000000012	0.99999999999741862
35	2.3508000000000013	1
35	2.4072000000000013	1
35	2.414400000000001	1
35	2.4780000000000011	1
35	2.5416000000000012	1
35	2.6052000000000013	1
36	0.71880000000000011	0.99999928120025838
36	0.78040000000000009	0.99999999999969746
36	0.84200000000000008	1
36	0.90360000000000018	1
36	0.96520000000000006	1
36	1.0268000000000002	1
37	0.75839999999999996	0.99999924160028764
37	0.81999999999999995	0.99999999999966571
37	0.88159999999999994	1
37	0.94320000000000004	1
37	1.0047999999999999	1
37	1.0664	1
38	0.32079999999999997	0.99999967920005151
38	0.38039999999999996	0.9999999999999295
38	0.43999999999999995	1
38	0.49959999999999999	1
38	0.55919999999999992	1
38	0.61880000000000002	1
39	1.8276000000000006	0.9999981724016701
39	1.8912000000000007	0.99999999999821376
39	1.9548000000000005	1
39	2.0184000000000006	1
39	2.026800000000001	1
39	2.1456000000000004	1
39	2.2092000000000005	1
39	2.2800000000000007	1
39	2.3436000000000008	1
39	2.4072000000000009	1
40	0.79800000000000004	0.99999920200031855
40	0.85960000000000003	0.99999999999963263
40	0.92120000000000002	1
40	0.98280000000000012	1
40	1.1060000000000001	1
40	1.1632000000000002	1
40	1.2248000000000003	1
41	1.4711999999999998	0.9999985288010822
41	1.5327999999999999	0.99999999999882716
41	1.5943999999999998	1
41	1.6559999999999999	1
41	1.6604000000000003	1
41	1.7175999999999998	1
41	1.7791999999999999	1
42	2.2632000000000012	0.9999977368025611
42	2.2644000000000015	0.9999977368025611
42	2.3268000000000013	0.99999999999729505
42	2.3832000000000013	0.99999999999729505
42	2.3904000000000014	1
42	2.4468000000000014	1
42	2.4540000000000011	1
42	2.5176000000000012	1
42	2.5812000000000013	1
42	2.6448000000000014	1
43	1.5107999999999999	0.99999848920114132
43	1.5724	0.99999999999876577
43	1.6339999999999999	1
43	1.6956	1
43	1.7000000000000004	1
43	1.7571999999999999	1
43	1.8188	1
44	2.3028000000000013	0.99999769720265141
44	2.3040000000000016	0.99999769720265141
44	2.3664000000000014	0.99999999999720213
44	2.4300000000000015	1
44	2.4864000000000015	1
44	2.4936000000000011	1
44	2.5572000000000012	1
44	2.6208000000000014	1
44	2.6844000000000015	1
45	0.8375999999999999	0.99999916240035092
45	0.89919999999999989	0.99999999999959777
45	0.96079999999999988	1
45	1.0224	1
45	1.1456	1
45	1.2028000000000001	1
45	1.2644000000000002	1
46	2.3424000000000014	0.99999765760274339
46	2.3436000000000017	0.99999765760274339
46	2.4060000000000015	0.99999999999710754
46	2.4696000000000016	0.99999999999999989
46	2.5260000000000016	0.99999999999999989
46	2.5332000000000012	0.99999999999999989
46	2.5968000000000013	0.99999999999999989
46	2.6604000000000014	0.99999999999999989
46	2.7240000000000015	0.99999999999999989
46	100.06359999999999	1
47	2.3820000000000014	0.99999761800283704
47	2.3832000000000018	0.99999761800283704
47	2.4456000000000016	0.99999999999701161
47	2.5092000000000017	1
47	2.5728000000000013	1
47	2.6364000000000014	1
47	2.7000000000000015	1
47	2.7636000000000016	1
48	0.87719999999999998	0.99999912280038483
48	0.93879999999999997	0.99999999999956135
48	1.0004	1
48	1.1808000000000003	1
48	1.1852	1
48	1.2424000000000002	1
48	1.3040000000000003	1
49	2.4216000000000015	0.99999757840293213
49	2.4228000000000018	0.99999757840293213
49	2.4852000000000016	0.99999999999691402
49	2.5488000000000017	1
49	2.6124000000000014	1
49	2.6760000000000015	1
49	2.7396000000000016	1
49	2.8032000000000017	1
50	1.5504	0.99999844960120199
50	1.6120000000000001	0.9999999999987027
50	1.6736	1
50	1.7352000000000001	1
50	1.7396000000000005	1
50	1.7968	1
50	1.8584000000000001	1
51	2.4612000000000025	0.99999753880302877
51	2.4624000000000019	0.99999753880302877
51	2.5248000000000026	0.99999999999681477
51	2.5884000000000027	1
51	2.6520000000000024	1
51	2.7156000000000025	1
51	2.7792000000000026	1
51	2.8428000000000027	1
52	2.698800000000003	0.99999730120364172
52	2.7000000000000024	0.99999730120364172
52	2.7624000000000031	0.99999999999618661
52	2.8260000000000032	1
52	2.8896000000000028	1
52	2.9532000000000029	1
52	3.016800000000003	1
52	3.0804000000000031	1
53	0.91679999999999984	0.9999990832004203
53	0.97839999999999983	0.99999999999952327
53	1.1588000000000001	1
53	1.2204000000000002	1
53	1.2247999999999999	1
53	1.282	1
53	1.3436000000000001	1
55	2.698800000000003	0.99999730120364172
55	2.7000000000000024	0.99999730120364172
55	2.7624000000000031	0.99999999999618661
55	2.8260000000000032	1
55	2.8896000000000028	1
55	2.9532000000000029	1
55	3.016800000000003	1
55	3.0804000000000031	1
56	1.5900000000000001	0.9999984100012641
56	1.6516000000000002	0.99999999999863809
56	1.7132000000000001	1
56	1.7748000000000002	1
56	1.7792000000000006	1
56	1.8364	1
56	1.8980000000000001	1
57	2.5008000000000017	0.99999749920312708
57	2.502000000000002	0.99999749920312708
57	2.5644000000000018	0.99999999999671407
57	2.6280000000000019	1
57	2.6916000000000015	1
57	2.7552000000000016	1
57	2.8188000000000017	1
57	2.8824000000000018	1
58	1.6296000000000002	0.99999837040132789
58	1.6912000000000003	0.99999999999857192
58	1.7528000000000001	1
58	1.8144000000000002	1
58	1.8188000000000006	1
58	1.8760000000000001	1
58	1.9376000000000002	1
59	0.95639999999999992	0.99999904360045744
59	1.018	0.99999999999948386
59	1.1984000000000001	1
59	1.2600000000000002	1
59	1.2644	1
59	1.3216000000000001	1
59	1.3832000000000002	1
60	0.99599999999999977	0.99999900400049602
60	1.1764000000000001	0.99999999999932432
60	1.238	1
60	1.2996000000000001	1
60	1.3039999999999998	1
60	1.3612	1
60	1.4228000000000001	1
61	1.0355999999999999	0.99999896440053626
61	1.216	0.99999999999927702
61	1.2775999999999998	1
61	1.3391999999999999	1
61	1.3435999999999999	1
61	1.4007999999999998	1
61	1.4623999999999999	1
62	2.5404000000000027	0.99999745960322683
62	2.5416000000000021	0.99999745960322683
62	2.6040000000000028	0.9999999999966116
62	2.6676000000000029	1
62	2.7312000000000025	1
62	2.7948000000000026	1
62	2.8584000000000027	1
62	2.9220000000000028	1
63	2.5800000000000027	0.99999742000332825
63	2.5812000000000022	0.99999742000332825
63	2.6436000000000028	0.99999999999650779
63	2.7072000000000029	1
63	2.7708000000000026	1
63	2.8344000000000027	1
63	2.8980000000000028	1
63	2.9616000000000029	1
65	1.1939999999999997	0.99999880600071289
65	1.2555999999999998	0.99999999999921374
65	1.3171999999999997	1
65	1.3787999999999998	1
65	1.3831999999999998	1
65	1.4403999999999997	1
65	1.5019999999999998	1
66	1.6692000000000002	0.99999833080139311
66	1.7308000000000003	0.99999999999850409
66	1.7924000000000002	1
66	1.8540000000000003	1
66	1.8584000000000007	1
66	1.9156000000000002	1
66	1.9772000000000003	1
67	1.7088000000000003	0.99999829120146
67	1.7704000000000004	0.9999999999984347
67	1.8320000000000003	1
67	1.8936000000000004	1
67	1.8980000000000008	1
67	1.9552000000000003	1
67	2.0168000000000004	1
68	1.7484000000000004	0.99999825160152855
68	1.8100000000000005	0.99999999999836398
68	1.8716000000000004	1
68	1.9332000000000005	1
68	1.9376000000000009	1
68	1.9948000000000004	1
68	2.0564000000000004	1

[frame_distribution_quantiles]
frame_id	retry_q50	retry_q90	retry_q95	retry_q99	wcrt_q50_ms	wcrt_q90_ms	wcrt_q95_ms	wcrt_q99_ms
0	0	0	0	0	2.6196000000000028	2.6196000000000028	2.6196000000000028	2.6196000000000028
1	0	0	0	0	1.8672000000000006	1.8672000000000006	1.8672000000000006	1.8672000000000006
2	0	0	0	0	0.20200000000000001	0.20200000000000001	0.20200000000000001	0.20200000000000001
3	0	0	0	0	0.083199999999999996	0.083199999999999996	0.083199999999999996	0.083199999999999996
4	0	0	0	0	0.12279999999999999	0.12279999999999999	0.12279999999999999	0.12279999999999999
5	0	0	0	0	0.3604	0.3604	0.3604	0.3604
7	0	0	0	0	1.9068000000000007	1.9068000000000007	1.9068000000000007	1.9068000000000007
9	0	0	0	0	1.2335999999999998	1.2335999999999998	1.2335999999999998	1.2335999999999998
10	0	0	0	0	0.40000000000000002	0.40000000000000002	0.40000000000000002	0.40000000000000002
11	0	0	0	0	1.2731999999999997	1.2731999999999997	1.2731999999999997	1.2731999999999997
14	0	0	0	0	0.44160000000000005	0.44160000000000005	0.44160000000000005	0.44160000000000005
15	0	0	0	0	0.24160000000000001	0.24160000000000001	0.24160000000000001	0.24160000000000001
16	0	0	0	0	1.9464000000000008	1.9464000000000008	1.9464000000000008	1.9464000000000008
17	0	0	0	0	0.28120000000000001	0.28120000000000001	0.28120000000000001	0.28120000000000001
18	0	0	0	0	1.3127999999999995	1.3127999999999995	1.3127999999999995	1.3127999999999995
19	0	0	0	0	1.3523999999999996	1.3523999999999996	1.3523999999999996	1.3523999999999996
21	0	0	0	0	0.48120000000000007	0.48120000000000007	0.48120000000000007	0.48120000000000007
22	0	0	0	0	0.52080000000000015	0.52080000000000015	0.52080000000000015	0.52080000000000015
23	0	0	0	0	0.56040000000000012	0.56040000000000012	0.56040000000000012	0.56040000000000012
24	0	0	0	0	1.3919999999999997	1.3919999999999997	1.3919999999999997	1.3919999999999997
25	0	0	0	0	2.6592000000000029	2.6592000000000029	2.6592000000000029	2.6592000000000029
26	0	0	0	0	0.16239999999999999	0.16239999999999999	0.16239999999999999	0.16239999999999999
27	0	0	0	0	0.60000000000000009	0.60000000000000009	0.60000000000000009	0.60000000000000009
28	0	0	0	0	0.63960000000000017	0.63960000000000017	0.63960000000000017	0.63960000000000017
29	0	0	0	0	1.7880000000000005	1.7880000000000005	1.7880000000000005	1.7880000000000005
30	0	0	0	0	1.4315999999999998	1.4315999999999998	1.4315999999999998	1.4315999999999998
32	0	0	0	0	1.9860000000000009	1.9860000000000009	1.9860000000000009	1.9860000000000009
33	0	0	0	0	0.67920000000000003	0.67920000000000003	0.67920000000000003	0.67920000000000003
35	0	0	0	0	2.0256000000000012	2.0256000000000012	2.0256000000000012	2.0256000000000012
36	0	0	0	0	0.71880000000000011	0.71880000000000011	0.71880000000000011	0.71880000000000011
37	0	0	0	0	0.75839999999999996	0.75839999999999996	0.75839999999999996	0.75839999999999996
38	0	0	0	0	0.32079999999999997	0.32079999999999997	0.32079999999999997	0.32079999999999997
39	0	0	0	0	1.8276000000000006	1.8276000000000006	1.8276000000000006	1.8276000000000006
40	0	0	0	0	0.79800000000000004	0.79800000000000004	0.79800000000000004	0.79800000000000004
41	0	0	0	0	1.4711999999999998	1.4711999999999998	1.4711999999999998	1.4711999999999998
42	0	0	0	0	2.2632000000000012	2.2632000000000012	2.2632000000000012	2.2632000000000012
43	0	0	0	0	1.5107999999999999	1.5107999999999999	1.5107999999999999	1.5107999999999999
44	0	0	0	0	2.3028000000000013	2.3028000000000013	2.3028000000000013	2.3028000000000013
45	0	0	0	0	0.8375999999999999	0.8375999999999999	0.8375999999999999	0.8375999999999999
46	0	0	0	0	2.3424000000000014	2.3424000000000014	2.3424000000000014	2.3424000000000014
47	0	0	0	0	2.3820000000000014	2.3820000000000014	2.3820000000000014	2.3820000000000014
48	0	0	0	0	0.87719999999999998	0.87719999999999998	0.87719999999999998	0.87719999999999998
49	0	0	0	0	2.4216000000000015	2.4216000000000015	2.4216000000000015	2.4216000000000015
50	0	0	0	0	1.5504	1.5504	1.5504	1.5504
51	0	0	0	0	2.4612000000000025	2.4612000000000025	2.4612000000000025	2.4612000000000025
52	0	0	0	0	2.698800000000003	2.698800000000003	2.698800000000003	2.698800000000003
53	0	0	0	0	0.91679999999999984	0.91679999999999984	0.91679999999999984	0.91679999999999984
55	0	0	0	0	2.698800000000003	2.698800000000003	2.698800000000003	2.698800000000003
56	0	0	0	0	1.5900000000000001	1.5900000000000001	1.5900000000000001	1.5900000000000001
57	0	0	0	0	2.5008000000000017	2.5008000000000017	2.5008000000000017	2.5008000000000017
58	0	0	0	0	1.6296000000000002	1.6296000000000002	1.6296000000000002	1.6296000000000002
59	0	0	0	0	0.95639999999999992	0.95639999999999992	0.95639999999999992	0.95639999999999992
60	0	0	0	0	0.99599999999999977	0.99599999999999977	0.99599999999999977	0.99599999999999977
61	0	0	0	0	1.0355999999999999	1.0355999999999999	1.0355999999999999	1.0355999999999999
62	0	0	0	0	2.5404000000000027	2.5404000000000027	2.5404000000000027	2.5404000000000027
63	0	0	0	0	2.5800000000000027	2.5800000000000027	2.5800000000000027	2.5800000000000027
65	0	0	0	0	1.1939999999999997	1.1939999999999997	1.1939999999999997	1.1939999999999997
66	0	0	0	0	1.6692000000000002	1.6692000000000002	1.6692000000000002	1.6692000000000002
67	0	0	0	0	1.7088000000000003	1.7088000000000003	1.7088000000000003	1.7088000000000003
68	0	0	0	0	1.7484000000000004	1.7484000000000004	1.7484000000000004	1.7484000000000004

[signal_summary]
code	frame_id	period_ms	level	type	p_timeout	expected_wcrt_ms	wcrt_p95_ms	threshold_wcrt_ms	expected_retry_count	p_threshold
36965814	65	10	3	0	0	1.1940000735504044	1.1939999999999997	1.3171999999999997	1.1940000735504036e-06	2.7777777777777781e-14
53471509	40	10	2	0	0	0.79800004915680312	0.79800000000000004	0.92120000000000002	7.9800004915680294e-07	2.7777777777777779e-13
139068378	19	20	0	0	0	1.3524000833078449	1.3523999999999996	1.3523999999999996	1.3524000833078458e-06	1
291807425	37	10	0	0	0	0.75840004671744288	0.75839999999999996	0.75839999999999996	7.5840004671744228e-07	1
302247193	45	10	0	0	0	0.83760005159616313	0.8375999999999999	0.8375999999999999	8.3760005159616329e-07	1
329269087	50	20	3	0	0	1.5504000955046462	1.5504	1.6736	1.5504000955046477e-06	5.5555555555555561e-14
336159589	21	20	0	0	0	0.48120002964192193	0.48120000000000007	0.48120000000000007	4.8120002964192206e-07	1
453270711	17	5	1	0	0	0.281200016759521	0.28120000000000001	0.34079999999999999	2.8120001675952111e-07	1.388888888888889e-13
570018241	58	20	0	0	0	1.6296001003833664	1.6296000000000002	1.6296000000000002	1.6296001003833677e-06	1
618750771	48	10	0	0	0	0.87720005403552337	0.87719999999999998	0.87719999999999998	8.7720005403552417e-07	1
667153668	7	100	0	0	0	1.9068001212724885	1.9068000000000007	1.9068000000000007	1.9068001212724876e-06	1
684252145	27	10	0	0	0	0.60000003696000237	0.60000000000000009	0.60000000000000009	6.0000003696000194e-07	1
800805690	53	10	0	0	0	0.91680005647494001	0.91679999999999984	0.91679999999999984	9.1680005647494021e-07	1
805574259	55	1000	0	0	0	2.6988001716436938	2.698800000000003	2.698800000000003	2.6988001716436931e-06	1
822971572	57	100	2	0	0	2.5008001590508924	2.5008000000000017	2.6280000000000019	2.5008001590508937e-06	2.7777777777777777e-12
823347306	28	10	0	0	0	0.6396000393993625	0.63960000000000017	0.63960000000000017	6.3960003939936303e-07	1
842527683	14	10	0	0	0	0.44160002720256175	0.44160000000000005	0.44160000000000005	4.4160002720256182e-07	1
868980566	3	1	0	0	0	0.083200004958720306	0.083199999999999996	0.083199999999999996	8.3200004958720387e-08	1
970883713	37	20	0	0	0	0.75840004671744288	0.75839999999999996	0.75839999999999996	7.5840004671744228e-07	1
1000023110	29	50	0	0	0	1.788000110140807	1.7880000000000005	1.7880000000000005	1.7880001101408089e-06	1
1059836663	4	1	0	0	0	0.12280000731888042	0.12279999999999999	0.12279999999999999	1.2280000731888047e-07	1
1209713851	10	10	0	0	0	0.4000000238400015	0.40000000000000002	0.40000000000000002	4.0000002384000142e-07	1
1237584523	46	100	0	0	1.1102230246251565e-16	2.3424001489766622	2.3424000000000014	2.3424000000000014	2.3424001497538079e-06	1
1239484308	37	20	0	0	0	0.75840004671744288	0.75839999999999996	0.75839999999999996	7.5840004671744228e-07	1
1284187185	49	100	0	0	0	2.4216001540137717	2.4216000000000015	2.4216000000000015	2.4216001540137691e-06	1
1465652784	2	2	0	0	0	0.20200001203920073	0.20200000000000001	0.20200000000000001	2.0200001203920098e-07	1
1540801913	0	1000	2	0	0	2.6196001666065736	2.6196000000000028	2.6832000000000029	2.6196001666065703e-06	2.7777777777777777e-11
1557585975	56	20	0	0	0	1.5900000979440063	1.5900000000000001	1.5900000000000001	1.5900000979440066e-06	1
1643201297	44	100	0	0	0	2.3028001464580909	2.3028000000000013	2.3028000000000013	2.3028001464580925e-06	1
1646408801	29	100	0	0	0	1.788000110140807	1.7880000000000005	1.7880000000000005	1.7880001101408089e-06	1
1674550383	19	20	0	0	0	1.3524000833078449	1.3523999999999996	1.3523999999999996	1.3524000833078458e-06	1
1706608893	48	20	0	0	0	0.87720005403552337	0.87719999999999998	0.87719999999999998	8.7720005403552417e-07	1
1731216570	39	50	0	0	0	1.8276001162353681	1.8276000000000006	1.8276000000000006	1.8276001162353702e-06	1
1739029669	51	100	2	0	0	2.4612001565323327	2.4612000000000025	2.5884000000000027	2.4612001565323305e-06	2.7777777777777777e-12
1797009533	38	5	1	0	0	0.32080001911968109	0.32079999999999997	0.38039999999999996	3.2080001911968086e-07	1.388888888888889e-13
1811397594	62	100	0	0	0	2.5404001615694534	2.5404000000000027	2.5404000000000027	2.540400161569453e-06	1
1829423913	61	10	0	0	0	1.0356001868221876	1.0355999999999999	1.0355999999999999	1.0356001868221883e-06	1
1837272790	39	100	0	0	0	1.8276001162353681	1.8276000000000006	1.8276000000000006	1.8276001162353702e-06	1
1870555642	47	100	0	0	0	2.3820001514952112	2.3820000000000014	2.3820000000000014	2.3820001514952098e-06	1
1888653822	5	10	0	0	0	0.36040002147984129	0.3604	0.3604	3.6040002147984135e-07	1
1900448963	53	10	0	0	0	0.91680005647494001	0.91679999999999984	0.91679999999999984	9.1680005647494021e-07	1
1905277689	30	20	0	0	0	1.4316000881865654	1.4315999999999998	1.4315999999999998	1.4316000881865657e-06	1
1912649002	14	20	0	0	0	0.44160002720256175	0.44160000000000005	0.44160000000000005	4.4160002720256182e-07	1
2012777030	18	20	0	0	0	1.3128000808684848	1.3127999999999995	1.3127999999999995	1.3128000808684854e-06	1
2044109550	68	20	3	0	0	1.7484001077014473	1.7484000000000004	1.8716000000000004	1.7484001077014461e-06	5.5555555555555561e-14
2061336861	26	1	1	1	0	0.16240000967904059	0.16239999999999999	0.22199999999999998	1.6240000967904059e-07	2.7777777777777774e-14
2152807579	18	20	0	0	0	1.3128000808684848	1.3127999999999995	1.3127999999999995	1.3128000808684854e-06	1
2227805958	42	100	0	0	0	2.2632001439395304	2.2632000000000012	2.2632000000000012	2.2632001439395306e-06	1
2280059867	22	10	0	0	0	0.52080003208128212	0.52080000000000015	0.52080000000000015	5.2080003208128198e-07	1
2287281523	14	20	2	0	0	0.44160002720256175	0.44160000000000005	0.50320000000000009	4.4160002720256182e-07	5.5555555555555559e-13
2372626783	4	2	0	0	0	0.12280000731888042	0.12279999999999999	0.12279999999999999	1.2280000731888047e-07	1
2374721711	45	10	3	0	0	0.83760005159616313	0.8375999999999999	0.96079999999999988	8.3760005159616329e-07	2.7777777777777781e-14
2497109038	16	100	0	0	0	1.9464001237914483	1.9464000000000008	1.9464000000000008	1.9464001237914484e-06	1
2606756340	15	2	0	0	0	0.24160001439936088	0.24160000000000001	0.24160000000000001	2.4160001439936078e-07	1
2652789522	1	100	1	0	0	1.8672001187539284	1.8672000000000006	1.9308000000000007	1.8672001187539308e-06	2.7777777777777777e-12
2677950370	14	10	0	0	0	0.44160002720256175	0.44160000000000005	0.44160000000000005	4.4160002720256182e-07	1
2685285344	59	10	0	0	0	0.95640005891430491	0.95639999999999992	0.95639999999999992	9.5640005891430501e-07	1
2685882209	50	20	0	0	0	1.5504000955046462	1.5504	1.5504	1.5504000955046477e-06	1
3125376631	35	100	2	0	0	2.0256005298965887	2.0256000000000012	2.2872000000000012	2.0256005298965876e-06	2.7777777777777777e-12
3159754959	33	20	0	0	0	0.67920004183872262	0.67920000000000003	0.67920000000000003	6.7920004183872264e-07	1
3163786631	66	20	0	0	0	1.6692001028227268	1.6692000000000002	1.6692000000000002	1.6692001028227252e-06	1
3174912402	21	10	0	0	0	0.48120002964192193	0.48120000000000007	0.48120000000000007	4.8120002964192206e-07	1
3329572276	23	10	0	0	0	0.56040003452064224	0.56040000000000012	0.56040000000000012	5.6040003452064212e-07	1
3421227935	24	20	0	0	0	1.3920000857472048	1.3919999999999997	1.3919999999999997	1.392000085747205e-06	1
3461932675	36	10	0	0	0	0.71880004427808286	0.71880000000000011	0.71880000000000011	7.1880004427808288e-07	1
3476737279	23	10	0	0	0	0.56040003452064224	0.56040000000000012	0.56040000000000012	5.6040003452064212e-07	1
3561636352	43	20	0	0	0	1.5108000930652856	1.5107999999999999	1.5107999999999999	1.5108000930652849e-06	1
3594938672	17	10	1	0	0	0.281200016759521	0.28120000000000001	0.34079999999999999	2.8120001675952111e-07	2.7777777777777779e-13
3644316534	25	1000	1	0	0	2.6592001691251337	2.6592000000000029	2.722800000000003	2.6592001691251304e-06	2.7777777777777777e-11
3670971117	9	20	0	0	0	1.2336000759897647	1.2335999999999998	1.2335999999999998	1.2336000759897647e-06	1
3777691220	45	10	0	0	0	0.83760005159616313	0.8375999999999999	0.8375999999999999	8.3760005159616329e-07	1
3864260956	60	10	2	0	0	0.99600017967835197	0.99599999999999977	1.238	9.9600017967835225e-07	2.7777777777777779e-13
3898118804	11	20	0	0	0	1.2732000784291244	1.2731999999999997	1.2731999999999997	1.2732000784291245e-06	1
3915399153	63	100	1	0	0	2.580000164088013	2.5800000000000027	2.7072000000000029	2.5800001640880169e-06	2.7777777777777777e-12
4014175392	67	20	0	0	0	1.7088001052620867	1.7088000000000003	1.7088000000000003	1.7088001052620859e-06	1
4046456511	33	10	0	0	0	0.67920004183872262	0.67920000000000003	0.67920000000000003	6.7920004183872264e-07	1
4107137448	11	20	0	0	0	1.2732000784291244	1.2731999999999997	1.2731999999999997	1.2732000784291245e-06	1
4160529829	41	20	2	0	0	1.4712000906259255	1.4711999999999998	1.5943999999999998	1.4712000906259251e-06	5.5555555555555559e-13
4233372984	52	1000	0	0	0	2.6988001716436938	2.698800000000003	2.698800000000003	2.6988001716436931e-06	1
4249168152	32	100	1	0	0	1.9860005195372437	1.9860000000000009	2.2476000000000012	1.9860005195372425e-06	2.7777777777777777e-12
