# algorithm2: 按需三模冗余 + 功能路内同源通信副本。
# 正常模式带宽只统计 comm_id=0/1 的功能路；故障模式带宽统计全量功能路与事件触发控制报文。
# 事件报文集合 F_evt={f_act,f_iso,f_hang}，统一取 1 byte 负载，MIT 取对应功能簇原始信号周期。

[scheme_summary]
scheme	normal_bandwidth_utilization	fault_bandwidth_utilization	total_added_signal_copies	schedulable
on_demand_tmr	0.537239	0.701443	54	0
always_on_tmr	0.605087	0.605087	54	1

[foundation_summary]
scheme	bandwidth_utilization	max_wcrt_ms	total_added_signal_copies	schedulable
homo_only_foundation	0.496159	4.9126	34	1

[cluster_summary]
scheme	code	route_count	p_function_fault	p_threshold
on_demand_tmr	17504628	3	0	2.77778e-13
on_demand_tmr	112294910	3	0	2.77778e-14
on_demand_tmr	222220226	3	0	2.77778e-13
on_demand_tmr	226444505	3	0	2.77778e-14
on_demand_tmr	289543753	3	0	2.77778e-14
on_demand_tmr	320297689	3	0	2.77778e-13
on_demand_tmr	333023404	3	0	2.77778e-14
on_demand_tmr	344993256	3	0	2.77778e-13
on_demand_tmr	355233084	3	0	5.55556e-15
on_demand_tmr	376386878	3	0	5.55556e-14
always_on_tmr	17504628	3	0	2.77778e-13
always_on_tmr	112294910	3	0	2.77778e-14
always_on_tmr	222220226	3	0	2.77778e-13
always_on_tmr	226444505	3	0	2.77778e-14
always_on_tmr	289543753	3	0	2.77778e-14
always_on_tmr	320297689	3	0	2.77778e-13
always_on_tmr	333023404	3	0	2.77778e-14
always_on_tmr	344993256	3	0	2.77778e-13
always_on_tmr	355233084	3	0	5.55556e-15
always_on_tmr	376386878	3	0	5.55556e-14

[cluster_wcrt_summary]
scheme	code	period_ms	deadline_ms	normal_main_route_wcrt_ms	fault_main_route_wcrt_ms	tmr_all_route_wcrt_ms	activation_wcrt_ms	backup_route_wcrt_ms	compare_time_ms	backup_compute_time_ms	end_to_end_normal_wcrt_ms	end_to_end_fault_wcrt_ms	meets_deadline
on_demand_tmr	17504628	100	100	5.5396	8.7504	0	1.45	7.8152	0.01	0	5.5496	18.0356	1
on_demand_tmr	112294910	10	10	1.9988	4.7224	0	0.634	3.7232	0.01	0	2.0088	9.0996	1
on_demand_tmr	222220226	100	100	4.6718	7.6824	0	1.5688	8.7088	0.01	0	4.6818	17.98	1
on_demand_tmr	226444505	10	10	2.0604	4.784	0	0.7528	3.7848	0.01	0	2.0704	9.3416	1
on_demand_tmr	289543753	10	10	2.7448	5.5534	0	0.8716	4.784	0.01	0	2.7548	11.229	0
on_demand_tmr	320297689	100	100	4.0216	7.4246	0	1.6876	7.9856	0.01	0	4.0316	17.1178	1
on_demand_tmr	333023404	10	10	2.6832	5.0144	0	0.9904	3.8464	0.01	0	2.6932	9.8712	1
on_demand_tmr	344993256	100	100	3.974	7.377	0	1.8064	5.9202	0.01	0	3.984	15.1236	1
on_demand_tmr	355233084	2	2	0.4132	0.4824	0	0.5616	0.4368	0.01	0	0.4232	1.5008	1
on_demand_tmr	376386878	20	20	2.9372	5.7458	0	1.3312	3.338	0.01	0	2.9472	10.435	1
always_on_tmr	17504628	100	100	0	0	6.0404	0	0	0.01	0	6.0504	6.0504	1
always_on_tmr	112294910	10	10	0	0	2.728	0	0	0.01	0	2.738	2.738	1
always_on_tmr	222220226	100	100	0	0	6.5992	0	0	0.01	0	6.6092	6.6092	1
always_on_tmr	226444505	10	10	0	0	3.2936	0	0	0.01	0	3.3036	3.3036	1
always_on_tmr	289543753	10	10	0	0	3.2936	0	0	0.01	0	3.3036	3.3036	1
always_on_tmr	320297689	100	100	0	0	5.9076	0	0	0.01	0	5.9176	5.9176	1
always_on_tmr	333023404	10	10	0	0	2.8948	0	0	0.01	0	2.9048	2.9048	1
always_on_tmr	344993256	100	100	0	0	5.9988	0	0	0.01	0	6.0088	6.0088	1
always_on_tmr	355233084	2	2	0	0	0.5206	0	0	0.01	0	0.5306	0.5306	1
always_on_tmr	376386878	20	20	0	0	3.478	0	0	0.01	0	3.488	3.488	1

[route_summary]
scheme	code	comm_id	level	type	src_ecu	dst_ecu	period_ms	deadline_ms	signal_instance_count	added_signal_copies	p_comm_fault	p_threshold	max_wcrt_ms
on_demand_tmr	17504628	0	3	1	4	3	100	100	2	1	1.73056e-15	2.77778e-13	8.7504
on_demand_tmr	17504628	1	3	2	0	3	100	100	2	1	1.89696e-15	2.77778e-13	7.9004
on_demand_tmr	17504628	2	3	2	2	3	100	100	2	1	1.89696e-15	2.77778e-13	7.8152
on_demand_tmr	112294910	0	3	1	4	2	10	10	2	1	2.76576e-15	2.77778e-14	3.338
on_demand_tmr	112294910	1	3	2	1	2	10	10	2	1	2.26176e-15	2.77778e-14	4.7224
on_demand_tmr	112294910	2	3	2	0	2	10	10	2	1	2.56256e-15	2.77778e-14	3.7232
on_demand_tmr	222220226	0	3	1	4	1	100	100	2	1	2.06336e-15	2.77778e-13	7.6824
on_demand_tmr	222220226	1	3	2	3	1	100	100	2	1	1.98816e-15	2.77778e-13	6.703
on_demand_tmr	222220226	2	3	2	0	1	100	100	2	1	2.17056e-15	2.77778e-13	8.7088
on_demand_tmr	226444505	0	3	1	3	4	10	10	2	1	3.30176e-15	2.77778e-14	3.6816
on_demand_tmr	226444505	1	3	2	2	4	10	10	2	1	6.32016e-15	2.77778e-14	4.784
on_demand_tmr	226444505	2	3	2	0	4	10	10	2	1	4.28736e-15	2.77778e-14	3.7848
on_demand_tmr	289543753	0	3	1	0	4	10	10	2	1	4.28736e-15	2.77778e-14	3.7848
on_demand_tmr	289543753	1	3	2	1	4	10	10	2	1	3.79456e-15	2.77778e-14	5.5534
on_demand_tmr	289543753	2	3	2	2	4	10	10	2	1	6.32016e-15	2.77778e-14	4.784
on_demand_tmr	320297689	0	3	1	4	2	100	100	2	1	2.07536e-15	2.77778e-13	6.941
on_demand_tmr	320297689	1	3	2	0	2	100	100	2	1	1.98016e-15	2.77778e-13	7.4246
on_demand_tmr	320297689	2	3	2	3	2	100	100	2	1	1.81376e-15	2.77778e-13	7.9856
on_demand_tmr	333023404	0	3	1	4	0	10	10	2	1	2.26576e-15	2.77778e-14	3.9416
on_demand_tmr	333023404	1	3	2	3	0	10	10	2	1	3.31296e-15	2.77778e-14	5.0144
on_demand_tmr	333023404	2	3	2	1	0	10	10	2	1	3.79456e-15	2.77778e-14	3.8464
on_demand_tmr	344993256	0	3	1	1	4	100	100	2	1	1.98816e-15	2.77778e-13	7.377
on_demand_tmr	344993256	1	3	2	3	4	100	100	2	1	1.73056e-15	2.77778e-13	7.2878
on_demand_tmr	344993256	2	3	2	0	4	100	100	2	1	2.07936e-15	2.77778e-13	5.9202
on_demand_tmr	355233084	0	3	1	0	2	2	2	2	1	1.98816e-15	5.55556e-15	0.4824
on_demand_tmr	355233084	1	3	2	1	2	2	2	2	1	1.81376e-15	5.55556e-15	0.3536
on_demand_tmr	355233084	2	3	2	4	2	2	2	2	1	1.73056e-15	5.55556e-15	0.4368
on_demand_tmr	376386878	0	3	1	1	2	20	20	2	1	2.26176e-15	5.55556e-14	5.603
on_demand_tmr	376386878	1	3	2	3	2	20	20	2	1	2.45616e-15	5.55556e-14	5.7458
on_demand_tmr	376386878	2	3	2	4	2	20	20	2	1	2.76576e-15	5.55556e-14	3.338
on_demand_tmr	4100391288	0	2	0	0	3	20	20	2	1	1.98816e-15	5.55556e-13	4.6768
on_demand_tmr	4135797719	0	2	0	4	0	20	20	2	1	2.26576e-15	5.55556e-13	3.9416
on_demand_tmr	4157013937	0	2	0	0	1	1	1	2	1	2.07536e-15	2.77778e-14	0.2684
on_demand_tmr	4204223080	0	2	0	0	3	10	10	2	1	1.98816e-15	2.77778e-13	4.6768
on_demand_tmr	4222517463	0	2	0	4	2	20	20	2	1	2.76576e-15	5.55556e-13	3.338
on_demand_tmr	4233539361	0	2	0	0	1	1	1	2	1	2.07536e-15	2.77778e-14	0.2684
on_demand_tmr	4237930783	0	2	0	4	2	100	100	2	1	2.07536e-15	2.77778e-12	6.941
on_demand_tmr	4247432603	0	2	0	3	0	100	100	2	1	2.65856e-15	2.77778e-12	6.7526
on_demand_tmr	4248963807	0	2	0	2	3	20	20	2	1	3.17856e-15	5.55556e-13	5.6982
on_demand_tmr	3689861550	0	1	0	1	4	20	20	2	1	3.79456e-15	5.55556e-13	5.5534
on_demand_tmr	3722815711	0	1	0	3	4	10	10	2	1	3.30176e-15	2.77778e-13	3.6816
on_demand_tmr	3729984311	0	1	0	1	0	20	20	2	1	3.79456e-15	5.55556e-13	3.8464
on_demand_tmr	3738474641	0	1	0	2	4	10	10	2	1	5.08896e-15	2.77778e-13	3.62
on_demand_tmr	3847979727	0	1	0	2	4	10	10	2	1	5.08896e-15	2.77778e-13	3.62
on_demand_tmr	3904360128	0	1	0	0	4	50	50	2	1	2.07936e-15	1.38889e-12	5.9202
on_demand_tmr	3905534453	0	1	0	3	0	20	20	2	1	3.31296e-15	5.55556e-13	5.0144
on_demand_tmr	3907596132	0	1	0	1	4	10	10	2	1	3.79456e-15	2.77778e-13	5.5534
on_demand_tmr	3920795833	0	1	0	3	0	100	100	2	1	2.65856e-15	2.77778e-12	6.7526
on_demand_tmr	3972815931	0	1	0	1	4	10	10	2	1	3.79456e-15	2.77778e-13	5.5534
on_demand_tmr	4028824965	0	1	0	2	3	20	20	2	1	3.17856e-15	5.55556e-13	5.6982
on_demand_tmr	4045173780	0	1	0	0	4	50	50	2	1	2.07936e-15	1.38889e-12	5.9202
on_demand_tmr	4062970207	0	1	0	1	0	100	100	2	1	2.14656e-15	2.77778e-12	8.792
on_demand_tmr	4086108986	0	1	0	3	2	20	20	2	1	2.45616e-15	5.55556e-13	5.7458
on_demand_tmr	4097153602	0	1	0	0	1	100	100	2	1	2.17056e-15	2.77778e-12	8.7088
on_demand_tmr	483649995	0	0	0	4	1	20	20	1	0	4.16e-08	1	5.829
on_demand_tmr	501253509	0	0	0	2	1	20	20	1	0	4.36e-08	1	5.6466
on_demand_tmr	539629888	0	0	0	1	2	5	5	1	0	4.96e-08	1	2.6738
on_demand_tmr	582740043	0	0	0	0	1	100	100	1	0	4.76e-08	1	8.7088
on_demand_tmr	623997593	0	0	0	1	0	100	100	1	0	5.16e-08	1	6.8042
on_demand_tmr	635208695	0	0	0	2	1	1000	1000	1	0	4.16e-08	1	8.8792
on_demand_tmr	658939550	0	0	0	1	0	20	20	1	0	6.16e-08	1	2.8586
on_demand_tmr	702838261	0	0	0	2	4	10	10	1	0	6.16e-08	1	4.784
on_demand_tmr	739855166	0	0	0	0	2	100	100	1	0	4.76e-08	1	7.4246
on_demand_tmr	748101917	0	0	0	0	3	100	100	1	0	4.56e-08	1	7.728
on_demand_tmr	769275179	0	0	0	2	3	100	100	1	0	4.56e-08	1	7.3334
on_demand_tmr	796296878	0	0	0	4	3	10	10	1	0	4.96e-08	1	2.9082
on_demand_tmr	803254470	0	0	0	3	4	10	10	1	0	5.36e-08	1	3.5704
on_demand_tmr	820694596	0	0	0	3	1	20	20	1	0	5.16e-08	1	3.9932
on_demand_tmr	832960319	0	0	0	0	2	5	5	1	0	6.16e-08	1	2.7354
on_demand_tmr	841821823	0	0	0	3	2	100	100	1	0	1.666e-07	1	7.5912
on_demand_tmr	847166788	0	0	0	0	4	20	20	1	0	6.96e-08	1	3.5168
on_demand_tmr	896022082	0	0	0	2	3	20	20	1	0	5.16e-08	1	5.6982
on_demand_tmr	929552475	0	0	0	0	4	20	20	1	0	6.96e-08	1	3.5168
on_demand_tmr	1006323331	0	0	0	2	4	100	100	1	0	3.96e-08	1	8.6612
on_demand_tmr	1029418911	0	0	0	2	4	20	20	1	0	1.026e-07	1	3.0108
on_demand_tmr	1042130494	0	0	0	0	1	1	1	1	0	4.76e-08	1	0.2684
on_demand_tmr	1068816011	0	0	0	1	0	10	10	1	0	6.16e-08	1	2.8586
on_demand_tmr	1076812497	0	0	0	2	0	1000	1000	1	0	6.96e-08	1	9.3392
on_demand_tmr	1083599015	0	0	0	1	4	10	10	1	0	6.16e-08	1	2.797
on_demand_tmr	1121811269	0	0	0	0	4	10	10	1	0	6.16e-08	1	3.7848
on_demand_tmr	1192661840	0	0	0	4	0	50	50	1	0	4.56e-08	1	5.9658
on_demand_tmr	1246926374	0	0	0	1	2	20	20	1	0	4.96e-08	1	5.603
on_demand_tmr	1253272521	0	0	0	2	4	20	20	1	0	1.026e-07	1	3.0108
on_demand_tmr	1262903850	0	0	0	3	0	10	10	1	0	6.96e-08	1	5.0144
on_demand_tmr	1304449685	0	0	0	1	3	20	20	1	0	4.76e-08	1	4.9448
on_demand_tmr	1382283296	0	0	0	3	0	20	20	1	0	6.96e-08	1	5.0144
on_demand_tmr	1459828738	0	0	0	2	1	20	20	1	0	4.36e-08	1	5.6466
on_demand_tmr	1467167202	0	0	0	1	0	20	20	1	0	6.16e-08	1	2.8586
on_demand_tmr	1496820354	0	0	0	2	1	1	1	1	0	3.96e-08	1	0.1336
on_demand_tmr	1515792690	0	0	0	2	4	10	10	1	0	6.16e-08	1	4.784
on_demand_tmr	1516513259	0	0	0	1	4	100	100	1	0	4.56e-08	1	6.8498
on_demand_tmr	1526644082	0	0	0	2	4	10	10	1	0	6.16e-08	1	4.784
on_demand_tmr	1531623286	0	0	0	0	3	10	10	1	0	4.36e-08	1	4.0368
on_demand_tmr	1544782063	0	0	0	3	0	10	10	1	0	6.96e-08	1	5.0144
on_demand_tmr	1560143651	0	0	0	4	0	100	100	1	0	4.56e-08	1	5.9658
on_demand_tmr	1632440895	0	0	0	2	0	100	100	1	0	4.36e-08	1	7.8588
on_demand_tmr	1640530828	0	0	0	2	3	1000	1000	1	0	4.16e-08	1	8.9208
on_demand_tmr	1759387463	0	0	0	4	0	20	20	1	0	4.76e-08	1	3.9416
on_demand_tmr	1794936845	0	0	0	1	2	10	10	1	0	4.96e-08	1	2.6738
on_demand_tmr	1839145952	0	0	0	1	2	20	20	1	0	4.96e-08	1	5.603
on_demand_tmr	1874137783	0	0	0	0	2	2	2	1	0	4.56e-08	1	0.4824
on_demand_tmr	1884812486	0	0	0	2	3	10	10	1	0	6.16e-08	1	4.8972
on_demand_tmr	1925270960	0	0	0	0	1	20	20	1	0	6.16e-08	1	3.3996
on_demand_tmr	1925332329	0	0	0	3	2	10	10	1	0	5.16e-08	1	4.8356
on_demand_tmr	1931991380	0	0	0	2	3	20	20	1	0	5.16e-08	1	5.6982
on_demand_tmr	1959056222	0	0	0	1	0	100	100	1	0	5.16e-08	1	6.8042
on_demand_tmr	1968370999	0	0	0	2	3	10	10	1	0	6.16e-08	1	4.8972
on_demand_tmr	1973533256	0	0	0	1	0	100	100	1	0	5.16e-08	1	6.8042
on_demand_tmr	2024355477	0	0	0	1	0	1	1	1	0	4.76e-08	1	0.094
on_demand_tmr	2039380397	0	0	0	1	3	10	10	1	0	4.76e-08	1	4.9448
on_demand_tmr	2074756545	0	0	0	1	4	20	20	1	0	6.16e-08	1	5.5534
on_demand_tmr	2166936579	0	0	0	1	0	2	2	1	0	4.76e-08	1	0.094
on_demand_tmr	2189351541	0	0	0	0	1	10	10	1	0	6.16e-08	1	3.3996
on_demand_tmr	2213454629	0	0	0	3	4	10	10	1	0	6.16e-08	1	3.6816
on_demand_tmr	2231969770	0	0	0	0	2	2	2	1	0	4.36e-08	1	0.312
on_demand_tmr	2249752247	0	0	0	3	4	10	10	1	0	6.16e-08	1	3.6816
on_demand_tmr	2274452618	0	0	0	0	4	10	10	1	0	6.16e-08	1	3.7848
on_demand_tmr	2301200516	0	0	0	1	0	20	20	1	0	6.16e-08	1	2.8586
on_demand_tmr	2301709415	0	0	0	2	3	20	20	1	0	6.16e-08	1	4.8972
on_demand_tmr	2364384797	0	0	0	3	2	100	100	1	0	4.36e-08	1	7.9856
on_demand_tmr	2366755717	0	0	0	0	3	1000	1000	1	0	3.96e-08	1	9.002
on_demand_tmr	2397719093	0	0	0	0	3	20	20	1	0	4.56e-08	1	4.6768
on_demand_tmr	2410828986	0	0	0	2	4	10	10	1	0	1.026e-07	1	3.0108
on_demand_tmr	2415491719	0	0	0	1	2	20	20	1	0	4.96e-08	1	5.603
on_demand_tmr	2437514207	0	0	0	1	0	5	5	1	0	1.026e-07	1	1.9882
on_demand_tmr	2455836619	0	0	0	3	0	20	20	1	0	4.76e-08	1	3.4472
on_demand_tmr	2461114061	0	0	0	0	1	20	20	1	0	6.16e-08	1	3.3996
on_demand_tmr	2464603483	0	0	0	4	0	10	10	1	0	4.76e-08	1	3.894
on_demand_tmr	2465285065	0	0	0	0	4	10	10	1	0	6.96e-08	1	3.5168
on_demand_tmr	2505333303	0	0	0	1	4	100	100	1	0	4.36e-08	1	7.377
on_demand_tmr	2529114055	0	0	0	3	4	1000	1000	1	0	4.16e-08	1	8.9624
on_demand_tmr	2546903329	0	0	0	2	0	100	100	1	0	4.36e-08	1	7.8588
on_demand_tmr	2604244468	0	0	0	1	0	10	10	1	0	6.16e-08	1	3.8464
on_demand_tmr	2621873510	0	0	0	2	4	20	20	1	0	6.16e-08	1	4.784
on_demand_tmr	2802491382	0	0	0	3	1	10	10	1	0	5.16e-08	1	3.9932
on_demand_tmr	2820033142	0	0	0	3	1	100	100	1	0	4.36e-08	1	6.703
on_demand_tmr	2846942278	0	0	0	1	4	20	20	1	0	6.16e-08	1	5.5534
on_demand_tmr	2929241011	0	0	0	0	4	20	20	1	0	6.16e-08	1	3.7848
on_demand_tmr	2931286703	0	0	0	1	0	10	10	1	0	6.16e-08	1	3.8464
on_demand_tmr	2971129424	0	0	0	3	0	10	10	1	0	6.96e-08	1	5.0144
on_demand_tmr	3089825955	0	0	0	4	2	10	10	1	0	5.16e-08	1	3.2844
on_demand_tmr	3101321235	0	0	0	1	2	5	5	1	0	4.96e-08	1	2.6738
on_demand_tmr	3185985943	0	0	0	2	3	10	10	1	0	6.16e-08	1	4.8972
on_demand_tmr	3232166432	0	0	0	2	3	10	10	1	0	6.16e-08	1	4.8972
on_demand_tmr	3243902611	0	0	0	3	2	20	20	1	0	4.76e-08	1	5.7458
on_demand_tmr	3244166117	0	0	0	2	0	20	20	1	0	4.16e-08	1	5.7874
on_demand_tmr	3353936212	0	0	0	4	2	20	20	1	0	5.36e-08	1	3.338
on_demand_tmr	3362945445	0	0	0	4	1	100	100	1	0	4.96e-08	1	7.6408
on_demand_tmr	3371486429	0	0	0	3	0	50	50	1	0	5.36e-08	1	6.0194
on_demand_tmr	3376463525	0	0	0	3	0	20	20	1	0	6.96e-08	1	5.0144
on_demand_tmr	3384638908	0	0	0	3	1	1000	1000	1	0	4.56e-08	1	8.8376
on_demand_tmr	3386420347	0	0	0	1	0	20	20	1	0	6.16e-08	1	3.8464
on_demand_tmr	3394160172	0	0	0	0	1	20	20	1	0	6.16e-08	1	3.3996
on_demand_tmr	3397459557	0	0	0	3	1	10	10	1	0	5.16e-08	1	3.9932
on_demand_tmr	3399029644	0	0	0	2	4	10	10	1	0	1.026e-07	1	3.0108
on_demand_tmr	3438392419	0	0	0	4	2	100	100	1	0	4.76e-08	1	6.941
on_demand_tmr	3443978274	0	0	0	0	2	100	100	1	0	4.76e-08	1	7.4246
on_demand_tmr	3447462327	0	0	0	2	1	5	5	1	0	4.16e-08	1	2.0298
on_demand_tmr	3466562596	0	0	0	1	2	1	1	1	0	4.36e-08	1	0.1772
on_demand_tmr	3551311790	0	0	0	1	3	1000	1000	1	0	4.56e-08	1	9.2696
on_demand_tmr	3555250056	0	0	0	1	0	10	10	1	0	6.16e-08	1	2.8586
on_demand_tmr	3556582915	0	0	0	4	0	100	100	1	0	4.56e-08	1	5.9658
on_demand_tmr	3559187991	0	0	0	4	3	20	20	1	0	4.96e-08	1	2.9082
on_demand_tmr	3568295527	0	0	0	3	2	10	10	1	0	5.16e-08	1	4.8356
on_demand_tmr	3580078940	0	0	0	0	4	10	10	1	0	6.96e-08	1	3.5168
on_demand_tmr	3593002941	0	0	0	4	3	10	10	1	0	4.96e-08	1	2.9082
on_demand_tmr	3607720784	0	0	0	3	0	10	10	1	0	6.96e-08	1	5.0144
on_demand_tmr	3639205955	0	0	0	1	0	20	20	1	0	6.16e-08	1	3.8464
on_demand_tmr	3646824132	0	0	0	3	1	100	100	1	0	4.56e-08	1	6.6594
on_demand_tmr	3670359541	0	0	0	2	0	2	2	1	0	3.96e-08	1	0.522
always_on_tmr	17504628	0	3	1	4	3	100	100	2	1	1.73056e-15	2.77778e-13	6.0404
always_on_tmr	17504628	1	3	2	2	3	100	100	2	1	1.89696e-15	2.77778e-13	4.8674
always_on_tmr	17504628	2	3	2	0	3	100	100	2	1	1.89696e-15	2.77778e-13	5.6836
always_on_tmr	112294910	0	3	1	4	2	10	10	2	1	2.76576e-15	2.77778e-14	1.3828
always_on_tmr	112294910	1	3	2	3	2	10	10	2	1	2.93216e-15	2.77778e-14	2.728
always_on_tmr	112294910	2	3	2	1	2	10	10	2	1	2.26576e-15	2.77778e-14	1.9032
always_on_tmr	222220226	0	3	1	4	1	100	100	2	1	2.06336e-15	2.77778e-13	5.0458
always_on_tmr	222220226	1	3	2	3	1	100	100	2	1	1.98016e-15	2.77778e-13	4.7802
always_on_tmr	222220226	2	3	2	0	1	100	100	2	1	2.17056e-15	2.77778e-13	6.5992
always_on_tmr	226444505	0	3	1	3	4	10	10	2	1	3.59136e-15	2.77778e-14	2.7796
always_on_tmr	226444505	1	3	2	2	4	10	10	2	1	7.14096e-15	2.77778e-14	3.2936
always_on_tmr	226444505	2	3	2	0	4	10	10	2	1	4.28736e-15	2.77778e-14	2.8412
always_on_tmr	289543753	0	3	1	0	4	10	10	2	1	4.28736e-15	2.77778e-14	2.8412
always_on_tmr	289543753	1	3	2	3	4	10	10	2	1	3.59136e-15	2.77778e-14	2.7796
always_on_tmr	289543753	2	3	2	2	4	10	10	2	1	7.14096e-15	2.77778e-14	3.2936
always_on_tmr	320297689	0	3	1	4	2	100	100	2	1	2.07536e-15	2.77778e-13	5.5528
always_on_tmr	320297689	1	3	2	3	2	100	100	2	1	1.81376e-15	2.77778e-13	5.9076
always_on_tmr	320297689	2	3	2	0	2	100	100	2	1	1.98016e-15	2.77778e-13	5.7312
always_on_tmr	333023404	0	3	1	4	0	10	10	2	1	2.26576e-15	2.77778e-14	2.0024
always_on_tmr	333023404	1	3	2	3	0	10	10	2	1	2.76576e-15	2.77778e-14	2.8948
always_on_tmr	333023404	2	3	2	1	0	10	10	2	1	3.79456e-15	2.77778e-14	2.6664
always_on_tmr	344993256	0	3	1	1	4	100	100	2	1	1.98016e-15	2.77778e-13	5.9552
always_on_tmr	344993256	1	3	2	2	4	100	100	2	1	1.81376e-15	2.77778e-13	5.9988
always_on_tmr	344993256	2	3	2	3	4	100	100	2	1	1.73056e-15	2.77778e-13	5.864
always_on_tmr	355233084	0	3	1	0	2	2	2	2	1	1.98816e-15	5.55556e-15	0.4374
always_on_tmr	355233084	1	3	2	4	2	2	2	2	1	1.73056e-15	5.55556e-15	0.3938
always_on_tmr	355233084	2	3	2	3	2	2	2	2	1	1.73056e-15	5.55556e-15	0.5206
always_on_tmr	376386878	0	3	1	1	2	20	20	2	1	2.36096e-15	5.55556e-14	3.478
always_on_tmr	376386878	1	3	2	4	2	20	20	2	1	2.76576e-15	5.55556e-14	1.3828
always_on_tmr	376386878	2	3	2	3	2	20	20	2	1	2.93216e-15	5.55556e-14	2.728
always_on_tmr	4100391288	0	2	0	0	3	20	20	2	1	1.98816e-15	5.55556e-13	2.6048
always_on_tmr	4135797719	0	2	0	4	0	20	20	2	1	2.26576e-15	5.55556e-13	2.0024
always_on_tmr	4157013937	0	2	0	0	1	1	1	2	1	2.07536e-15	2.77778e-14	0.2776
always_on_tmr	4204223080	0	2	0	0	3	10	10	2	1	1.98816e-15	2.77778e-13	2.6048
always_on_tmr	4222517463	0	2	0	4	2	20	20	2	1	2.76576e-15	5.55556e-13	1.3828
always_on_tmr	4233539361	0	2	0	0	1	1	1	2	1	2.07536e-15	2.77778e-14	0.2776
always_on_tmr	4237930783	0	2	0	4	2	100	100	2	1	2.07536e-15	2.77778e-12	5.5528
always_on_tmr	4247432603	0	2	0	3	0	100	100	2	1	2.65856e-15	2.77778e-12	5.7808
always_on_tmr	4248963807	0	2	0	2	3	20	20	2	1	3.17856e-15	5.55556e-13	1.786
always_on_tmr	3689861550	0	1	0	1	4	20	20	2	1	3.59136e-15	5.55556e-13	1.8556
always_on_tmr	3722815711	0	1	0	3	4	10	10	2	1	3.59136e-15	2.77778e-13	2.7796
always_on_tmr	3729984311	0	1	0	1	0	20	20	2	1	3.79456e-15	5.55556e-13	2.6664
always_on_tmr	3738474641	0	1	0	2	4	10	10	2	1	7.14096e-15	2.77778e-13	3.2936
always_on_tmr	3847979727	0	1	0	2	4	10	10	2	1	7.14096e-15	2.77778e-13	3.2936
always_on_tmr	3904360128	0	1	0	0	4	50	50	2	1	1.73056e-15	1.38889e-12	3.6484
always_on_tmr	3905534453	0	1	0	3	0	20	20	2	1	2.65856e-15	5.55556e-13	3.3432
always_on_tmr	3907596132	0	1	0	1	4	10	10	2	1	3.59136e-15	2.77778e-13	1.8556
always_on_tmr	3920795833	0	1	0	3	0	100	100	2	1	2.65856e-15	2.77778e-12	5.7808
always_on_tmr	3972815931	0	1	0	1	4	10	10	2	1	3.59136e-15	2.77778e-13	1.8556
always_on_tmr	4028824965	0	1	0	2	3	20	20	2	1	3.17856e-15	5.55556e-13	1.786
always_on_tmr	4045173780	0	1	0	0	4	50	50	2	1	1.73056e-15	1.38889e-12	3.6484
always_on_tmr	4062970207	0	1	0	1	0	100	100	2	1	2.17056e-15	2.77778e-12	4.913
always_on_tmr	4086108986	0	1	0	3	2	20	20	2	1	2.93216e-15	5.55556e-13	2.728
always_on_tmr	4097153602	0	1	0	0	1	100	100	2	1	2.17056e-15	2.77778e-12	6.5992
always_on_tmr	483649995	0	0	0	4	1	20	20	1	0	4.16e-08	1	3.5196
always_on_tmr	501253509	0	0	0	2	1	20	20	1	0	4.36e-08	1	3.3868
always_on_tmr	539629888	0	0	0	1	2	5	5	1	0	4.76e-08	1	0.7586
always_on_tmr	582740043	0	0	0	0	1	100	100	1	0	4.76e-08	1	3.7912
always_on_tmr	623997593	0	0	0	1	0	100	100	1	0	4.76e-08	1	4.6494
always_on_tmr	635208695	0	0	0	2	1	1000	1000	1	0	4.16e-08	1	6.8152
always_on_tmr	658939550	0	0	0	1	0	20	20	1	0	6.16e-08	1	2.6664
always_on_tmr	702838261	0	0	0	2	4	10	10	1	0	4.16e-08	1	1.6728
always_on_tmr	739855166	0	0	0	0	2	100	100	1	0	4.76e-08	1	5.7312
always_on_tmr	748101917	0	0	0	0	3	100	100	1	0	4.56e-08	1	5.6836
always_on_tmr	769275179	0	0	0	2	3	100	100	1	0	4.56e-08	1	4.8674
always_on_tmr	796296878	0	0	0	4	3	10	10	1	0	4.96e-08	1	2.9444
always_on_tmr	803254470	0	0	0	3	4	10	10	1	0	6.96e-08	1	1.4524
always_on_tmr	820694596	0	0	0	3	1	20	20	1	0	5.16e-08	1	0.8102
always_on_tmr	832960319	0	0	0	0	2	5	5	1	0	5.36e-08	1	0.6694
always_on_tmr	841821823	0	0	0	3	2	100	100	1	0	1.666e-07	1	3.9578
always_on_tmr	847166788	0	0	0	0	4	20	20	1	0	6.96e-08	1	1.522
always_on_tmr	896022082	0	0	0	2	3	20	20	1	0	6.16e-08	1	1.786
always_on_tmr	929552475	0	0	0	0	4	20	20	1	0	6.16e-08	1	2.8412
always_on_tmr	1006323331	0	0	0	2	4	100	100	1	0	4.36e-08	1	5.9988
always_on_tmr	1029418911	0	0	0	2	4	20	20	1	0	6.96e-08	1	3.2936
always_on_tmr	1042130494	0	0	0	0	1	1	1	1	0	4.76e-08	1	0.2776
always_on_tmr	1068816011	0	0	0	1	0	10	10	1	0	6.16e-08	1	2.6664
always_on_tmr	1076812497	0	0	0	2	0	1000	1000	1	0	6.96e-08	1	6.9244
always_on_tmr	1083599015	0	0	0	1	4	10	10	1	0	6.96e-08	1	1.8556
always_on_tmr	1121811269	0	0	0	0	4	10	10	1	0	6.16e-08	1	2.8412
always_on_tmr	1192661840	0	0	0	4	0	50	50	1	0	4.56e-08	1	3.5652
always_on_tmr	1246926374	0	0	0	1	2	20	20	1	0	4.96e-08	1	3.478
always_on_tmr	1253272521	0	0	0	2	4	20	20	1	0	1.026e-07	1	1.0596
always_on_tmr	1262903850	0	0	0	3	0	10	10	1	0	5.16e-08	1	1.9548
always_on_tmr	1304449685	0	0	0	1	3	20	20	1	0	4.76e-08	1	1.6312
always_on_tmr	1382283296	0	0	0	3	0	20	20	1	0	4.96e-08	1	3.3432
always_on_tmr	1459828738	0	0	0	2	1	20	20	1	0	4.36e-08	1	3.3868
always_on_tmr	1467167202	0	0	0	1	0	20	20	1	0	6.16e-08	1	1.5836
always_on_tmr	1496820354	0	0	0	2	1	1	1	1	0	3.96e-08	1	0.1468
always_on_tmr	1515792690	0	0	0	2	4	10	10	1	0	1.026e-07	1	1.0596
always_on_tmr	1516513259	0	0	0	1	4	100	100	1	0	4.76e-08	1	5.9552
always_on_tmr	1526644082	0	0	0	2	4	10	10	1	0	1.026e-07	1	1.0596
always_on_tmr	1531623286	0	0	0	0	3	10	10	1	0	4.36e-08	1	2.6048
always_on_tmr	1544782063	0	0	0	3	0	10	10	1	0	5.16e-08	1	1.9548
always_on_tmr	1560143651	0	0	0	4	0	100	100	1	0	4.56e-08	1	3.5652
always_on_tmr	1632440895	0	0	0	2	0	100	100	1	0	4.36e-08	1	5.5964
always_on_tmr	1640530828	0	0	0	2	3	1000	1000	1	0	4.16e-08	1	6.7736
always_on_tmr	1759387463	0	0	0	4	0	20	20	1	0	4.76e-08	1	0.8578
always_on_tmr	1794936845	0	0	0	1	2	10	10	1	0	4.76e-08	1	1.9032
always_on_tmr	1839145952	0	0	0	1	2	20	20	1	0	4.96e-08	1	3.478
always_on_tmr	1874137783	0	0	0	0	2	2	2	1	0	4.56e-08	1	0.3522
always_on_tmr	1884812486	0	0	0	2	3	10	10	1	0	6.16e-08	1	1.786
always_on_tmr	1925270960	0	0	0	0	1	20	20	1	0	6.16e-08	1	3.006
always_on_tmr	1925332329	0	0	0	3	2	10	10	1	0	6.16e-08	1	2.728
always_on_tmr	1931991380	0	0	0	2	3	20	20	1	0	6.16e-08	1	1.786
always_on_tmr	1959056222	0	0	0	1	0	100	100	1	0	4.76e-08	1	4.6494
always_on_tmr	1968370999	0	0	0	2	3	10	10	1	0	5.16e-08	1	1.7244
always_on_tmr	1973533256	0	0	0	1	0	100	100	1	0	4.56e-08	1	4.913
always_on_tmr	2024355477	0	0	0	1	0	1	1	1	0	4.76e-08	1	0.1072
always_on_tmr	2039380397	0	0	0	1	3	10	10	1	0	4.76e-08	1	1.6312
always_on_tmr	2074756545	0	0	0	1	4	20	20	1	0	6.96e-08	1	1.8556
always_on_tmr	2166936579	0	0	0	1	0	2	2	1	0	4.76e-08	1	0.1072
always_on_tmr	2189351541	0	0	0	0	1	10	10	1	0	6.16e-08	1	3.006
always_on_tmr	2213454629	0	0	0	3	4	10	10	1	0	6.96e-08	1	1.4524
always_on_tmr	2231969770	0	0	0	0	2	2	2	1	0	4.36e-08	1	0.4374
always_on_tmr	2249752247	0	0	0	3	4	10	10	1	0	6.96e-08	1	1.4524
always_on_tmr	2274452618	0	0	0	0	4	10	10	1	0	6.16e-08	1	2.8412
always_on_tmr	2301200516	0	0	0	1	0	20	20	1	0	6.16e-08	1	1.5836
always_on_tmr	2301709415	0	0	0	2	3	20	20	1	0	6.16e-08	1	1.786
always_on_tmr	2364384797	0	0	0	3	2	100	100	1	0	4.36e-08	1	5.9076
always_on_tmr	2366755717	0	0	0	0	3	1000	1000	1	0	3.96e-08	1	6.8548
always_on_tmr	2397719093	0	0	0	0	3	20	20	1	0	4.56e-08	1	2.5612
always_on_tmr	2410828986	0	0	0	2	4	10	10	1	0	6.96e-08	1	3.2936
always_on_tmr	2415491719	0	0	0	1	2	20	20	1	0	4.96e-08	1	3.478
always_on_tmr	2437514207	0	0	0	1	0	5	5	1	0	1.026e-07	1	0.6158
always_on_tmr	2455836619	0	0	0	3	0	20	20	1	0	5.16e-08	1	1.9548
always_on_tmr	2461114061	0	0	0	0	1	20	20	1	0	6.16e-08	1	3.006
always_on_tmr	2464603483	0	0	0	4	0	10	10	1	0	4.76e-08	1	2.0024
always_on_tmr	2465285065	0	0	0	0	4	10	10	1	0	6.96e-08	1	1.522
always_on_tmr	2505333303	0	0	0	1	4	100	100	1	0	4.76e-08	1	5.9552
always_on_tmr	2529114055	0	0	0	3	4	1000	1000	1	0	4.16e-08	1	6.732
always_on_tmr	2546903329	0	0	0	2	0	100	100	1	0	4.36e-08	1	5.5964
always_on_tmr	2604244468	0	0	0	1	0	10	10	1	0	6.16e-08	1	1.5836
always_on_tmr	2621873510	0	0	0	2	4	20	20	1	0	1.026e-07	1	1.0596
always_on_tmr	2802491382	0	0	0	3	1	10	10	1	0	5.16e-08	1	0.8102
always_on_tmr	2820033142	0	0	0	3	1	100	100	1	0	4.76e-08	1	4.7802
always_on_tmr	2846942278	0	0	0	1	4	20	20	1	0	6.96e-08	1	1.8556
always_on_tmr	2929241011	0	0	0	0	4	20	20	1	0	6.96e-08	1	1.522
always_on_tmr	2931286703	0	0	0	1	0	10	10	1	0	6.16e-08	1	2.6664
always_on_tmr	2971129424	0	0	0	3	0	10	10	1	0	5.16e-08	1	1.9548
always_on_tmr	3089825955	0	0	0	4	2	10	10	1	0	5.16e-08	1	1.3292
always_on_tmr	3101321235	0	0	0	1	2	5	5	1	0	4.76e-08	1	0.7586
always_on_tmr	3185985943	0	0	0	2	3	10	10	1	0	6.16e-08	1	1.786
always_on_tmr	3232166432	0	0	0	2	3	10	10	1	0	5.16e-08	1	1.7244
always_on_tmr	3243902611	0	0	0	3	2	20	20	1	0	6.16e-08	1	2.728
always_on_tmr	3244166117	0	0	0	2	0	20	20	1	0	4.16e-08	1	3.4284
always_on_tmr	3353936212	0	0	0	4	2	20	20	1	0	5.36e-08	1	1.3828
always_on_tmr	3362945445	0	0	0	4	1	100	100	1	0	4.96e-08	1	5.0458
always_on_tmr	3371486429	0	0	0	3	0	50	50	1	0	5.36e-08	1	3.702
always_on_tmr	3376463525	0	0	0	3	0	20	20	1	0	5.36e-08	1	2.8948
always_on_tmr	3384638908	0	0	0	3	1	1000	1000	1	0	4.56e-08	1	6.6448
always_on_tmr	3386420347	0	0	0	1	0	20	20	1	0	6.16e-08	1	1.5836
always_on_tmr	3394160172	0	0	0	0	1	20	20	1	0	6.16e-08	1	3.006
always_on_tmr	3397459557	0	0	0	3	1	10	10	1	0	5.16e-08	1	0.8102
always_on_tmr	3399029644	0	0	0	2	4	10	10	1	0	4.16e-08	1	1.6728
always_on_tmr	3438392419	0	0	0	4	2	100	100	1	0	4.76e-08	1	4.047
always_on_tmr	3443978274	0	0	0	0	2	100	100	1	0	4.76e-08	1	5.7312
always_on_tmr	3447462327	0	0	0	2	1	5	5	1	0	4.16e-08	1	0.711
always_on_tmr	3466562596	0	0	0	1	2	1	1	1	0	3.96e-08	1	0.1864
always_on_tmr	3551311790	0	0	0	1	3	1000	1000	1	0	4.56e-08	1	6.6904
always_on_tmr	3555250056	0	0	0	1	0	10	10	1	0	6.16e-08	1	2.6664
always_on_tmr	3556582915	0	0	0	4	0	100	100	1	0	4.56e-08	1	3.5652
always_on_tmr	3559187991	0	0	0	4	3	20	20	1	0	4.96e-08	1	2.9444
always_on_tmr	3568295527	0	0	0	3	2	10	10	1	0	6.16e-08	1	2.728
always_on_tmr	3580078940	0	0	0	0	4	10	10	1	0	6.96e-08	1	1.522
always_on_tmr	3593002941	0	0	0	4	3	10	10	1	0	4.96e-08	1	2.9444
always_on_tmr	3607720784	0	0	0	3	0	10	10	1	0	5.36e-08	1	2.8948
always_on_tmr	3639205955	0	0	0	1	0	20	20	1	0	6.16e-08	1	2.6664
always_on_tmr	3646824132	0	0	0	3	1	100	100	1	0	4.76e-08	1	4.7802
always_on_tmr	3670359541	0	0	0	2	0	2	2	1	0	3.96e-08	1	0.5602
