base_bandwidth_utilization	0.31776559999999993
expected_bandwidth_utilization	0.31776581261738202

rounded_expected_bandwidth_utilization	0.63553119999999952

bandwidth_utilization_p99	0.31776559999999976

[frame_summary]
frame_id	priority	period_ms	deadline_ms	trans_time_ms	expected_retry_count	expected_tx_count	rounded_expected_retry_count	rounded_expected_tx_count	retry_p99	tx_count_p99	expected_wcrt_ms	p_timeout	wcrt_p95_ms
0	35	20	20	0.039600000000000003	1.6040001084304073e-06	1.0000016040001085	1	2	0	1	1.6040001084304074	0	1.6040000000000001
1	52	100	100	0.039600000000000003	2.4376001647817736e-06	1.0000024376001648	1	2	0	1	2.4376001647817729	0	2.4376000000000015
2	69	1000	1000	0.039600000000000003	3.2316002184561796e-06	1.0000032316002185	1	2	0	1	3.2316002184561778	0	3.2316000000000025
4	8	10	10	0.039600000000000003	4.0600002500960132e-07	1.0000004060000249	1	2	0	1	0.40600002500960164	0	0.40600000000000003
6	53	100	100	0.039600000000000003	2.4772001674587319e-06	1.0000024772001674	1	2	0	1	2.4772001674587329	0	2.4772000000000016
7	9	10	10	0.039600000000000003	4.4560002744896173e-07	1.0000004456000275	1	2	0	1	0.44560002744896182	0	0.44560000000000005
9	54	100	100	0.039600000000000003	2.5168001701356923e-06	1.00000251680017	1	2	0	1	2.5168001701356943	0	2.5168000000000026
10	10	10	10	0.041599999999999998	4.8720003001152227e-07	1.0000004872000301	1	2	0	1	0.48720003001152185	0	0.48720000000000002
11	70	1000	1000	0.039600000000000003	3.2712002211331396e-06	1.0000032712002211	1	2	0	1	3.2712002211331375	0	3.2712000000000026
12	36	20	20	0.039600000000000003	1.6436001111073679e-06	1.0000016436001111	1	2	0	1	1.6436001111073679	0	1.6436000000000002
13	0	1	1	0.039600000000000003	8.7200005197120374e-08	1.0000000872000052	1	2	0	1	0.087200005197120331	0	0.0872
14	71	1000	1000	0.039600000000000003	3.3108002245872548e-06	1.0000033108002246	1	2	0	1	3.3108002238102086	1.1102230246251565e-16	3.3108000000000026
15	4	5	5	0.039600000000000003	2.476000152521612e-07	1.0000002476000152	1	2	0	1	0.24760001525216094	0	0.24759999999999999
16	55	100	100	0.039600000000000003	2.5564001728126527e-06	1.0000025564001729	1	2	0	1	2.5564001728126535	0	2.5564000000000018
18	11	10	10	0.039600000000000003	5.268000324508823e-07	1.0000005268000325	1	2	0	1	0.52680003245088214	0	0.52680000000000016
19	37	20	20	0.039600000000000003	1.6832001137843277e-06	1.0000016832001137	1	2	0	1	1.683200113784328	0	1.6832000000000003
20	12	10	10	0.039600000000000003	5.6640003489024233e-07	1.0000005664000349	1	2	0	1	0.56640003489024215	0	0.56640000000000001
21	13	10	10	0.039600000000000003	6.0600003732960236e-07	1.0000006060000373	1	2	0	1	0.60600003732960239	0	0.60600000000000009
22	38	20	20	0.039600000000000003	1.722800116461288e-06	1.0000017228001166	1	2	0	1	1.7228001164612883	0	1.7228000000000003
23	14	10	10	0.039600000000000003	6.4560003976896207e-07	1.0000006456000399	1	2	0	1	0.64560003976896252	0	0.64559999999999995
24	56	100	100	0.039600000000000003	2.5960001754896161e-06	1.0000025960001755	1	2	0	1	2.5960001754896149	0	2.5960000000000027
25	39	20	20	0.039600000000000003	1.762400119138251e-06	1.0000017624001192	1	2	0	1	1.7624001191382486	0	1.7624000000000004
28	40	20	20	0.039600000000000003	1.8020001218152063e-06	1.0000018020001218	1	2	0	1	1.8020001218152091	0	1.8020000000000005
29	57	100	100	0.039600000000000003	2.6356001781665777e-06	1.0000026356001781	1	2	0	1	2.6356001781665754	0	2.6356000000000028
30	15	10	10	0.039600000000000003	6.8520004220832263e-07	1.0000006852000423	1	2	0	1	0.68520004220832276	0	0.68520000000000003
32	58	100	100	0.039600000000000003	2.6752001808435381e-06	1.0000026752001809	1	2	0	1	2.6752001808435355	0	2.6752000000000029
33	16	10	10	0.039600000000000003	7.2480004464768319e-07	1.0000007248000446	1	2	0	1	0.72480004464768277	0	0.72480000000000011
34	17	10	10	0.039600000000000003	7.6440004708704333e-07	1.000000764400047	1	2	0	1	0.76440004708704301	0	0.76439999999999997
36	18	10	10	0.039600000000000003	8.0400004952640283e-07	1.0000008040000494	1	2	0	1	0.80400004952640303	0	0.80399999999999983
37	49	50	50	0.039600000000000003	2.3188001567508908e-06	1.0000023188001568	1	2	0	1	2.3188001567508918	0	2.3188000000000013
38	19	10	10	0.039600000000000003	8.436000519657618e-07	1.000000843600052	1	2	0	1	0.84360005196576304	0	0.84359999999999991
39	41	20	20	0.039600000000000003	1.8416001244921684e-06	1.0000018416001244	1	2	0	1	1.8416001244921691	0	1.8416000000000006
40	20	10	10	0.039600000000000003	8.832000544051231e-07	1.0000008832000544	1	2	0	1	0.88320005440512328	0	0.88319999999999976
43	50	50	50	0.039600000000000003	2.358400159427852e-06	1.0000023584001594	1	2	0	1	2.3584001594278523	0	2.3584000000000014
44	72	1000	1000	0.039600000000000003	3.3504002264870582e-06	1.0000033504002266	1	2	0	1	3.3504002264870585	0	3.3504000000000027
45	21	10	10	0.047600000000000003	9.2680006265174355e-07	1.0000009268000627	1	2	0	1	0.92680006265174353	0	0.92679999999999985
47	22	10	10	0.039600000000000003	9.6640006532870818e-07	1.0000009664000653	1	2	0	1	0.96640006532870848	0	0.9663999999999997
48	23	10	10	0.039600000000000003	1.006000189530351e-06	1.0000010060001896	1	2	0	1	1.0060001895303514	0	1.0059999999999998
49	1	1	1	0.039600000000000003	1.2680000755728044e-07	1.0000001268000076	1	2	0	1	0.12680000755728044	0	0.1268
50	5	5	5	0.039600000000000003	2.8720001769152155e-07	1.0000002872000178	1	2	0	1	0.28720001769152109	0	0.28720000000000001
53	24	10	10	0.039600000000000003	1.1664000788486455e-06	1.0000011664000787	1	2	0	1	1.1664000788486453	0	1.1663999999999997
54	59	100	100	0.039600000000000003	2.7148001835204985e-06	1.0000027148001835	1	2	0	1	2.7148001835204956	0	2.714800000000003
55	6	5	5	0.039600000000000003	3.2680002013088126e-07	1.0000003268000202	1	2	0	1	0.32680002013088122	0	0.32679999999999998
56	42	20	20	0.039600000000000003	1.8812001271691294e-06	1.0000018812001272	1	2	0	1	1.8812001271691292	0	1.8812000000000006
57	60	100	100	0.039600000000000003	2.7544001861974551e-06	1.0000027544001862	1	2	0	1	2.7544001861974556	0	2.7544000000000031
58	73	1000	1000	0.039600000000000003	3.3900002291640161e-06	1.0000033900002292	1	2	0	1	3.3900002291640186	0	3.3900000000000028
59	25	10	10	0.039600000000000003	1.2060000815256059e-06	1.0000012060000816	1	2	0	1	1.2060000815256053	0	1.2059999999999997
60	61	100	100	0.039600000000000003	2.7940001896515712e-06	1.0000027940001897	1	2	0	1	2.7940001888744268	1.1102230246251565e-16	2.7940000000000031
61	43	20	20	0.041599999999999998	1.9208001298464081e-06	1.0000019208001298	1	2	0	1	1.9208001298464064	0	1.9208000000000007
62	74	1000	1000	0.039600000000000003	3.3900002291640161e-06	1.0000033900002292	1	2	0	1	3.3900002291640186	0	3.3900000000000028
63	44	20	20	0.039600000000000003	1.9604001325233786e-06	1.0000019604001325	1	2	0	1	1.9604001325233795	0	1.9604000000000008
64	3	2	2	0.039600000000000003	2.080000128128008e-07	1.0000002080000128	1	2	0	1	0.20800001281280078	0	0.20799999999999999
65	26	10	10	0.039600000000000003	1.2456000842025669e-06	1.0000012456000842	1	2	0	1	1.2456000842025654	0	1.2455999999999996
66	62	100	100	0.039600000000000003	2.8336001915513742e-06	1.0000028336001916	1	2	0	1	2.8336001915513753	0	2.8336000000000023
67	2	1	1	0.041599999999999998	1.6840001037344064e-07	1.0000001684000104	1	2	0	1	0.16840001037344066	0	0.16839999999999999
68	63	100	100	0.039600000000000003	2.8732001942283367e-06	1.0000028732001942	1	2	0	1	2.8732001942283358	0	2.8732000000000024
69	64	100	100	0.039600000000000003	2.9128001969058329e-06	1.0000029128001968	1	2	0	1	2.9128001969058319	0	2.9128000000000025
71	65	100	100	0.039600000000000003	2.9524001995828085e-06	1.0000029524001997	1	2	0	1	2.9524001995828071	0	2.9524000000000026
72	66	100	100	0.039600000000000003	2.9920005636922994e-06	1.0000029920005638	1	2	0	1	2.9920005636923004	0	2.9920000000000027
74	27	10	10	0.039600000000000003	1.2852000868795242e-06	1.0000012852000868	1	2	0	1	1.2852000868795255	0	1.2851999999999997
75	51	50	50	0.039600000000000003	2.3980001621048145e-06	1.000002398000162	1	2	0	1	2.3980001621048128	0	2.3980000000000015
76	7	5	5	0.039600000000000003	3.6640002257024098e-07	1.0000003664000225	1	2	0	1	0.36640002257024146	0	0.3664
77	28	10	10	0.039600000000000003	1.3248000895564852e-06	1.0000013248000896	1	2	0	1	1.3248000895564858	0	1.3247999999999995
78	67	100	100	0.039600000000000003	3.0316005711529254e-06	1.0000030316005712	1	2	0	1	3.0316005711529264	0	3.0316000000000027
79	29	10	10	0.0436	1.3664000923686445e-06	1.0000013664000924	1	2	0	1	1.3664000923686457	0	1.3663999999999994
80	68	100	100	0.039600000000000003	3.1920002157792167e-06	1.0000031920002157	1	2	0	1	3.1920002157792178	0	3.1920000000000024
81	45	20	20	0.039600000000000003	2.0000004559997115e-06	1.0000020000004559	1	2	0	1	2.0000004559997113	0	2.0000000000000009
83	30	10	10	0.039600000000000003	1.4060000950456062e-06	1.000001406000095	1	2	0	1	1.4060000950456062	0	1.4059999999999997
84	31	10	10	0.039600000000000003	1.4456000977225659e-06	1.0000014456000976	1	2	0	1	1.4456000977225665	0	1.4455999999999998
86	46	20	20	0.039600000000000003	2.2000001487200104e-06	1.0000022000001487	1	2	0	1	2.2000001487200107	0	2.2000000000000011
87	32	10	10	0.039600000000000003	1.4852001003995282e-06	1.0000014852001005	1	2	0	1	1.485200100399527	0	1.4851999999999999
89	33	10	10	0.039600000000000003	1.5248001030764873e-06	1.0000015248001031	1	2	0	1	1.5248001030764873	0	1.5247999999999999
90	34	10	10	0.039600000000000003	1.5644001057534467e-06	1.0000015644001057	1	2	0	1	1.5644001057534476	0	1.5644
91	47	20	20	0.039600000000000003	2.2396001513969712e-06	1.0000022396001513	1	2	0	1	2.2396001513969712	0	2.2396000000000011
92	48	20	20	0.039600000000000003	2.2792001540739333e-06	1.0000022792001542	1	2	0	1	2.2792001540739317	0	2.2792000000000012

[frame_retry_distribution]
frame_id	retry_count	probability
0	0	0.99999839600128648
0	1	1.603997318755841e-06
0	2	1.3948359740991686e-12
0	3	8.727151046702611e-19
0	4	4.4012813847110929e-25
0	5	1.9011626118394413e-31
1	0	0.999997562402971
1	1	2.4375938933321317e-06
1	2	3.1357205724077361e-12
1	3	2.8323667816115517e-18
1	4	2.0169540462431851e-24
1	5	1.2056118791133136e-30
1	6	5.5762769822489344e-37
2	0	0.99999676840522178
2	1	3.2315893383228722e-06
2	2	5.4400571243848621e-12
2	3	6.3528208515306125e-18
2	4	5.7830009292724847e-24
2	5	4.3723308856426736e-30
2	6	2.7502414055731883e-36
4	0	0.99999959400008254
4	1	4.0599981015444418e-07
4	2	1.0742754314932918e-13
4	3	2.3618673352750306e-20
4	4	4.6973872606128728e-27
4	5	8.7930060367036685e-34
6	0	0.99999752280306831
6	1	2.4771936960294621e-06
6	2	3.2357101870196737e-12
6	3	2.9653655994762233e-18
6	4	2.140962987994485e-24
6	5	1.2966287032721102e-30
6	6	6.089549483532803e-37
7	0	0.99999955440009936
7	1	4.4559977399173735e-07
7	2	1.2672856791677006e-13
7	3	2.9513863677121182e-20
7	4	6.152504262998917e-27
7	5	1.1976425466124034e-33
9	0	0.99999748320316717
9	1	2.5167934955904861e-06
9	2	3.3372679495536706e-12
9	3	3.1024610568501163e-18
9	4	2.2706001022991121e-24
9	5	1.3930573142642156e-30
9	6	6.6412667574218708e-37
10	0	0.99999951280011867
10	1	4.8719973262471375e-07
10	2	1.4869334923755204e-13
10	3	3.6668596158695069e-20
10	4	8.014449326434605e-27
10	5	1.6234212382450439e-33
11	0	0.9999967288053504
11	1	3.2711890781356778e-06
11	2	5.5714888612480406e-12
11	3	6.5798192968680927e-18
11	4	6.0547029999835523e-24
11	5	4.6256001081047444e-30
11	6	2.9425269817077549e-36
12	0	0.99999835640135082
12	1	1.6435971874740868e-06
12	2	1.4618152397207441e-12
12	3	9.3388986717349105e-19
12	4	4.8018640475394107e-25
12	5	2.1119230471021464e-31
13	0	0.99999991280000389
13	1	8.7199987199041009e-08
13	2	8.9990381425983224e-15
13	3	1.0283202598001051e-21
13	4	1.2541754358217418e-28
13	5	1.5998535258010157e-35
14	0	0.99999668920548068
14	1	3.3107888148121775e-06
14	2	5.7044887422979405e-12
14	3	6.8121594856823953e-18
14	4	6.3358644446475129e-24
14	5	4.8904672877038678e-30
14	6	3.1457981057456857e-36
14	7	1.1102230246251565e-16
15	0	0.99999975240003069
15	1	2.4759992344209212e-07
15	2	4.590502297841439e-14
15	3	7.7156154264338444e-21
15	4	1.2437125905391629e-27
15	5	1.9661567716953435e-34
16	0	0.9999974436032677
16	1	2.5563932920152017e-06
16	2	3.440393859823432e-12
16	3	3.2437152522111989e-18
16	4	2.4060330432618697e-24
16	5	1.4951353742479364e-30
16	6	7.2336838642908306e-37
18	0	0.99999947320013882
18	1	5.2679969003097146e-07
18	2	1.7120988871353618e-13
18	3	4.4459654730498486e-20
18	4	1.0146347326178822e-26
18	5	2.1320332337956221e-33
19	0	0.9999983168014166
19	1	1.6831970530560196e-06
19	2	1.5303626571860141e-12
19	3	9.9785406257879681e-19
19	4	5.229143645344402e-25
19	5	2.3409430450146859e-31
20	0	0.99999943360016041
20	1	5.6639964430091192e-07
20	2	1.9529458532480735e-13
20	3	5.3270015919549006e-20
20	4	1.2672512690164686e-26
20	5	2.7591941900633804e-33
21	0	0.99999939400018367
21	1	6.0599959543453512e-07
21	2	2.2094743888506907e-13
21	3	6.3161778691645848e-20
21	4	1.5638364640908343e-26
21	5	3.5243239216870853e-33
22	0	0.99999827720148404
22	1	1.7227969155016415e-06
22	2	1.6004782263086929e-12
22	3	1.0646697895712103e-18
22	4	5.6842790667205483e-25
22	5	2.5893824284139199e-31
23	0	0.99999935440020848
23	1	6.4559954343184105e-07
23	2	2.4816844920802283e-13
23	3	7.4197042002750714e-20
23	4	1.9091781517323265e-26
23	5	4.4488410162567485e-33
24	0	0.99999740400336978
24	1	2.5959930853036135e-06
24	2	3.5450879176426729e-12
24	3	3.3891902840276447e-18
24	4	2.5474319240797879e-24
24	5	1.603107399399253e-30
24	6	7.8691532613228649e-37
25	0	0.99999823760155304
25	1	1.762396774810954e-06
25	2	1.672161946902483e-12
25	3	1.1343991468259456e-18
25	4	6.1684537912867703e-25
25	5	2.8584488165741419e-31
25	6	4.5477091116640962e-38
28	0	0.99999819800162371
28	1	1.8019966309839475e-06
28	2	1.7454138187810757e-12
28	3	1.2071042330083403e-18
28	4	6.6828748177479504e-25
28	5	4.2213326737715481e-31
28	6	5.0143191948082026e-38
29	0	0.99999736440347331
29	1	2.6355928754557155e-06
29	2	3.6513501228250819e-12
29	3	3.5389482507577267e-18
29	4	2.69496931704154e-24
29	5	1.7172248572915802e-30
29	6	8.5501275632458694e-37
30	0	0.99999931480023474
30	1	6.8519948829283111e-07
30	2	2.7695761610737297e-13
30	3	8.6437904798990368e-20
30	4	2.3083100774234166e-26
30	5	5.5562602151978454e-33
32	0	0.9999973248035785
32	1	2.6751926624715086e-06
32	2	3.7591804751843656e-12
32	3	3.6930512508498808e-18
32	4	2.8488202535269969e-24
32	5	1.8377462642754351e-30
32	6	9.2791623416304252e-37
33	0	0.99999927520026266
33	1	7.2479943001750455e-07
33	2	3.0731493939682143e-13
33	3	9.9946466016653235e-20
33	4	2.7665118981889012e-26
33	5	6.8722897946665518e-33
34	0	0.99999923560029225
34	1	7.6439936860586125e-07
34	2	3.3924041889007117e-13
34	3	1.1478482458219288e-19
34	4	3.2893091825473137e-26
34	5	8.4249289464223846e-33
36	0	0.99999919600032328
36	1	8.0399930405790102e-07
36	2	3.727340544008245e-13
36	3	1.3101507941222522e-19
36	4	3.8824729414594171e-26
36	5	1.4934592471960128e-32
37	0	0.99999768120268839
37	1	2.3187944664222825e-06
37	2	2.8451606179672841e-12
37	3	2.4573291801456015e-18
37	4	1.6770566016539844e-24
37	5	9.6275629825488268e-31
37	6	3.7842728298679519e-37
38	0	0.99999915640035586
38	1	8.4359923637362427e-07
38	2	4.0779584574278585e-13
38	3	1.4869932941353081e-19
38	4	4.5520214234091046e-26
38	5	1.7862913476399385e-32
39	0	0.99999815840169581
39	1	1.8415964840206363e-06
39	2	1.8202338417581885e-12
39	3	1.2828469410052843e-18
39	4	9.2864632183336771e-25
39	5	4.9271624214712023e-31
39	6	1.5582195819890226e-37
40	0	0.99999911680039011
40	1	8.8319916555303396e-07
40	2	4.4442579272965828e-13
40	3	1.6789965320077408e-19
40	4	7.3324452187252697e-26
40	5	2.3700836939700013e-32
43	0	0.99999764160278115
43	1	2.3583942785285413e-06
43	2	2.9404457876952446e-12
43	3	2.5784106704488106e-18
43	4	1.785162359445115e-24
43	5	1.0388966284723814e-30
43	6	4.6565167455618548e-37
44	0	0.99999664960561274
44	1	3.3503885483523739e-06
44	2	5.8390567673482895e-12
44	3	7.049903516254373e-18
44	4	6.626702223316509e-24
44	5	5.1673261116329205e-30
44	6	3.3605480878154029e-36
45	0	0.99999907320042947
45	1	9.267990783905381e-07
45	2	4.9213021790803381e-13
45	3	2.5654795336690519e-19
45	4	9.7682520325931948e-26
45	5	3.1854574472506937e-32
47	0	0.99999903360046705
47	1	9.6639900074291624e-07
47	2	5.3229246932528943e-13
47	3	2.8448338819485987e-19
47	4	1.110090051449952e-25
47	5	3.7043462773519202e-32
48	0	0.99999899400050607
48	1	1.0059987984343168e-06
48	2	6.9554752221847451e-13
48	3	3.2989089076344698e-19
48	4	1.2775784479471038e-25
48	5	4.318471167374808e-32
49	0	0.99999987320000805
49	1	1.2679997636448218e-07
49	2	1.5596396163286044e-14
49	3	1.9736701381796416e-21
49	4	2.5733577113989201e-28
49	5	3.440930441920735e-35
50	0	0.9999997128000413
50	1	2.8719989982465797e-07
50	2	5.8933415813721274e-14
50	3	1.0663922433294109e-20
50	4	1.8181111274257814e-27
50	5	3.00368692691198e-34
53	0	0.99999883360068043
53	1	1.1663985606632882e-06
53	2	7.5909213196503813e-13
53	3	3.6444286062049342e-19
53	4	1.4415330478033803e-25
53	5	4.9787346873705123e-32
54	0	0.99999728520368514
54	1	2.7147924463509945e-06
54	2	3.8685789745342301e-12
54	3	3.8515613827428067e-18
54	4	3.009162224006833e-24
54	5	1.9649370801470063e-30
54	6	1.2086030793650053e-36
55	0	0.99999967320005345
55	1	3.2679987307090466e-07
55	2	7.3529966911507543e-14
55	3	1.425580174139663e-20
55	4	2.5644196875451467e-27
55	5	4.4223004260638217e-34
56	0	0.99999811880176948
56	1	1.881196333921013e-06
56	2	1.8966220156475167e-12
56	3	1.3616897683533898e-18
56	4	9.991566434056418e-25
56	5	5.377358001277873e-31
56	6	1.7446251902343112e-37
57	0	0.99999724560379344
57	1	2.7543922270941703e-06
57	2	3.9795456206883791e-12
57	3	4.0145407448652491e-18
57	4	3.176175178041853e-24
57	5	2.099070601787562e-30
57	6	1.306512884615641e-36
58	0	0.99999661000574613
58	1	3.3899882787562642e-06
58	2	5.9751929362127553e-12
58	3	7.2931134868548137e-18
58	4	6.9274357551247967e-24
58	5	5.456579053809199e-30
58	6	3.6278047653900533e-36
59	0	0.99999879400072733
59	1	1.2059984640393785e-06
59	2	8.0874251531381134e-13
59	3	3.9892764343034048e-19
59	4	1.6171396832645697e-25
59	5	5.7115587682604853e-32
60	0	0.99999720600390318
60	1	2.7939920047010418e-06
60	2	4.0920804134605157e-12
60	3	4.182051435636157e-18
60	4	3.3500411195976808e-24
60	5	2.6451118317642847e-30
60	6	1.4538521691967872e-36
60	7	1.1102230246251565e-16
61	0	0.9999980792018448
61	1	1.9207961806850798e-06
61	2	1.9745780235404264e-12
61	3	1.7604169136245157e-18
61	4	1.1203876181105231e-24
61	5	5.9293520859049042e-31
61	6	1.9380969693432375e-37
62	0	0.99999661000574613
62	1	3.3899882787562642e-06
62	2	5.9751929362127553e-12
62	3	7.2931134868548137e-18
62	4	6.9274357551247967e-24
62	5	5.456579053809199e-30
62	6	3.6278047653900533e-36
63	0	0.99999803960192168
63	1	1.9603960243128316e-06
63	2	2.0541024859395679e-12
63	3	1.8584016112103349e-18
63	4	1.2007420420802377e-24
63	5	6.4483687975127308e-31
63	6	2.1722299192898567e-37
64	0	0.99999979200002165
64	1	2.0799994392320759e-07
64	2	3.4444788591884154e-14
64	3	5.3487816856648083e-21
64	4	8.1314288076912503e-28
64	5	1.2287986130041479e-34
65	0	0.99999875440077579
65	1	1.2455983642791554e-06
65	2	8.5996105256495975e-13
65	3	4.3551563665469687e-19
65	4	1.8082742724781314e-25
65	5	6.5279784800607728e-32
66	0	0.9999971664040147
66	1	2.8335917791716065e-06
66	2	4.2061833526643412e-12
66	3	4.354155553464687e-18
66	4	3.5309457039308688e-24
66	5	2.815831838661281e-30
66	6	1.567509217616044e-36
67	0	0.99999983160001427
67	1	1.6839996126800444e-07
67	2	2.4552712840427888e-14
67	3	3.5013221659994557e-21
67	4	5.0077992231697829e-28
67	5	7.2284916842558915e-35
68	0	0.99999712680412767
68	1	2.8731915505058679e-06
68	2	4.3218544381135628e-12
68	3	4.5309146494155773e-18
68	4	4.2664103268150983e-24
68	5	3.0652891598185743e-30
68	6	1.7085551814570639e-36
69	0	0.9999970872042423
69	1	2.9127913187038204e-06
69	2	4.439093133379399e-12
69	3	5.248634308887109e-18
69	4	4.5525173429700194e-24
69	5	3.2658570019025373e-30
69	6	1.8380084198564645e-36
71	0	0.99999704760435848
71	1	2.9523910837654682e-06
71	2	4.5579004964085996e-12
71	3	5.4492432042287021e-18
71	4	4.7800073885741469e-24
71	5	3.4667283987384734e-30
71	6	1.975469038006504e-36
72	0	0.99999700800447611
72	1	2.9919904842583341e-06
72	2	5.0397084310004458e-12
72	3	5.7011466989533527e-18
72	4	5.0222169107620854e-24
72	5	3.6782596049187041e-30
72	6	2.1213261959401472e-36
74	0	0.99999871480082592
74	1	1.2851982613826142e-06
74	2	9.1274774353218355e-13
74	3	4.7426893908729301e-19
74	4	2.0158239604761695e-25
74	5	7.4349316330281783e-32
75	0	0.99999760200287524
75	1	2.3979940874984924e-06
75	2	3.0372991059041683e-12
75	3	2.7034025047682961e-18
75	4	1.8984080820330618e-24
75	5	1.119775936267484e-30
75	6	5.0992888678307406e-37
76	0	0.99999963360006727
76	1	3.6639984318083318e-07
76	2	8.9694676085475829e-14
76	3	1.8553352376056018e-20
76	4	3.5131785868440331e-27
76	5	6.3160304925754239e-34
77	0	0.9999986752008776
77	1	1.3247981553497634e-06
77	2	9.6710258802919109e-13
77	3	5.1524964951203504e-19
77	4	2.2407004833689563e-25
77	5	8.4397288393026819e-32
78	0	0.9999969684045954
78	1	3.0315902382637185e-06
78	2	5.1664357347979736e-12
78	3	5.9124925037265579e-18
78	4	5.2668180291067939e-24
78	5	3.8990104754613763e-30
78	6	2.2759830258962769e-36
79	0	0.99999863360093355
79	1	1.3663980405838033e-06
79	2	1.025891579520047e-12
79	3	5.6076709299291951e-19
79	4	2.4966217512457154e-25
79	5	9.6090853172886916e-32
80	0	0.99999680800509461
80	1	3.1919895953737594e-06
80	2	5.3101935318947007e-12
80	3	6.1311020513794277e-18
80	4	5.5205437315452807e-24
80	5	4.1302746428282883e-30
80	6	2.5684640768682742e-36
81	0	0.99999800000200012
81	1	1.9999955440049656e-06
81	2	2.4559943620128767e-12
81	3	2.0073381895861209e-18
81	4	1.2923794084536472e-24
81	5	7.0137242576944378e-31
81	6	2.4161133952306712e-37
83	0	0.99999859400098845
83	1	1.4059979281199264e-06
83	2	1.0834619301671877e-12
83	3	6.065093310203385e-19
83	4	2.7599823667250495e-25
83	5	1.083900261844456e-31
84	0	0.9999985544010449
84	1	1.4455978125197342e-06
84	2	1.1426004337758067e-12
84	3	6.5466840963303725e-19
84	4	3.0436029973967681e-25
84	5	1.2191469501037545e-31
86	0	0.99999780000242
86	1	2.1999950112856567e-06
86	2	2.5687140015320635e-12
86	3	2.116925788111274e-18
86	4	1.3820132352228193e-24
86	5	7.6068847400447291e-31
86	6	2.6819578368350958e-37
87	0	0.99999851480110313
87	1	1.4851976937832321e-06
87	2	1.2033070901596147e-12
87	3	7.0530642757507859e-19
87	4	3.3484949856074069e-25
87	5	1.3675406219432397e-31
89	0	0.9999984752011627
89	1	1.5247975719104134e-06
89	2	1.2655818991323053e-12
89	3	7.5848548358067984e-19
89	4	3.6756942647569431e-25
89	5	1.5300155011730966e-31
90	0	0.99999843560122381
90	1	1.5643974469012827e-06
90	2	1.3294248605075903e-12
90	3	8.1426767637422266e-19
90	4	4.0262613592940192e-25
90	5	1.7075489838017202e-31
91	0	0.99999776040250787
91	1	2.2395948328008417e-06
91	2	2.6592947246993974e-12
91	3	2.2266488375089078e-18
91	4	1.4756361686319012e-24
91	5	8.2385392946084542e-31
91	6	2.9712849470083406e-37
92	0	0.99999772080259741
92	1	2.2791946511797191e-06
92	2	2.751443596906573e-12
92	3	2.3400959353413649e-18
92	4	1.5739329909284632e-24
92	5	8.9114367697224769e-31
92	6	3.2856925448443919e-37

[frame_retry_cdf]
frame_id	retry_count	cumulative_probability
0	0	0.99999839600128648
0	1	0.99999999999860523
0	2	1
0	3	1
0	4	1
0	5	1
1	0	0.999997562402971
1	1	0.99999999999686429
1	2	1
1	3	1
1	4	1
1	5	1
1	6	1
2	0	0.99999676840522178
2	1	0.99999999999456013
2	2	1
2	3	1
2	4	1
2	5	1
2	6	1
4	0	0.99999959400008254
4	1	0.99999999999989264
4	2	1
4	3	1
4	4	1
4	5	1
6	0	0.99999752280306831
6	1	0.99999999999676437
6	2	1
6	3	1
6	4	1
6	5	1
6	6	1
7	0	0.99999955440009936
7	1	0.99999999999987332
7	2	1
7	3	1
7	4	1
7	5	1
9	0	0.99999748320316717
9	1	0.99999999999666278
9	2	1
9	3	1
9	4	1
9	5	1
9	6	1
10	0	0.99999951280011867
10	1	0.99999999999985134
10	2	1
10	3	1
10	4	1
10	5	1
11	0	0.9999967288053504
11	1	0.99999999999442857
11	2	1
11	3	1
11	4	1
11	5	1
11	6	1
12	0	0.99999835640135082
12	1	0.99999999999853828
12	2	1
12	3	1
12	4	1
12	5	1
13	0	0.99999991280000389
13	1	0.99999999999999112
13	2	1
13	3	1
13	4	1
13	5	1
14	0	0.99999668920548068
14	1	0.99999999999429545
14	2	0.99999999999999989
14	3	0.99999999999999989
14	4	0.99999999999999989
14	5	0.99999999999999989
14	6	0.99999999999999989
14	7	1
15	0	0.99999975240003069
15	1	0.99999999999995415
15	2	1
15	3	1
15	4	1
15	5	1
16	0	0.9999974436032677
16	1	0.99999999999655975
16	2	1
16	3	1
16	4	1
16	5	1
16	6	1
18	0	0.99999947320013882
18	1	0.9999999999998288
18	2	1
18	3	1
18	4	1
18	5	1
19	0	0.9999983168014166
19	1	0.99999999999846967
19	2	1
19	3	1
19	4	1
19	5	1
20	0	0.99999943360016041
20	1	0.99999999999980471
20	2	1
20	3	1
20	4	1
20	5	1
21	0	0.99999939400018367
21	1	0.99999999999977907
21	2	1
21	3	1
21	4	1
21	5	1
22	0	0.99999827720148404
22	1	0.9999999999983995
22	2	1
22	3	1
22	4	1
22	5	1
23	0	0.99999935440020848
23	1	0.99999999999975187
23	2	1
23	3	1
23	4	1
23	5	1
24	0	0.99999740400336978
24	1	0.99999999999645506
24	2	1
24	3	1
24	4	1
24	5	1
24	6	1
25	0	0.99999823760155304
25	1	0.99999999999832789
25	2	1
25	3	1
25	4	1
25	5	1
25	6	1
28	0	0.99999819800162371
28	1	0.99999999999825473
28	2	1
28	3	1
28	4	1
28	5	1
28	6	1
29	0	0.99999736440347331
29	1	0.99999999999634881
29	2	1
29	3	1
29	4	1
29	5	1
29	6	1
30	0	0.99999931480023474
30	1	0.999999999999723
30	2	1
30	3	1
30	4	1
30	5	1
32	0	0.9999973248035785
32	1	0.99999999999624101
32	2	1
32	3	1
32	4	1
32	5	1
32	6	1
33	0	0.99999927520026266
33	1	0.99999999999969269
33	2	1
33	3	1
33	4	1
33	5	1
34	0	0.99999923560029225
34	1	0.99999999999966083
34	2	1
34	3	1
34	4	1
34	5	1
36	0	0.99999919600032328
36	1	0.9999999999996273
36	2	1
36	3	1
36	4	1
36	5	1
37	0	0.99999768120268839
37	1	0.99999999999715483
37	2	1
37	3	1
37	4	1
37	5	1
37	6	1
38	0	0.99999915640035586
38	1	0.99999999999959222
38	2	1
38	3	1
38	4	1
38	5	1
39	0	0.99999815840169581
39	1	0.99999999999817979
39	2	1
39	3	1
39	4	1
39	5	1
39	6	1
40	0	0.99999911680039011
40	1	0.99999999999955569
40	2	1
40	3	1
40	4	1
40	5	1
43	0	0.99999764160278115
43	1	0.99999999999705969
43	2	1
43	3	1
43	4	1
43	5	1
43	6	1
44	0	0.99999664960561274
44	1	0.99999999999416112
44	2	1
44	3	1
44	4	1
44	5	1
44	6	1
45	0	0.99999907320042947
45	1	0.99999999999950784
45	2	1
45	3	1
45	4	1
45	5	1
47	0	0.99999903360046705
47	1	0.99999999999946776
47	2	1
47	3	1
47	4	1
47	5	1
48	0	0.99999899400050607
48	1	0.99999999999930456
48	2	1
48	3	1
48	4	1
48	5	1
49	0	0.99999987320000805
49	1	0.99999999999998446
49	2	1
49	3	1
49	4	1
49	5	1
50	0	0.9999997128000413
50	1	0.99999999999994116
50	2	1
50	3	1
50	4	1
50	5	1
53	0	0.99999883360068043
53	1	0.99999999999924105
53	2	1
53	3	1
53	4	1
53	5	1
54	0	0.99999728520368514
54	1	0.99999999999613154
54	2	1
54	3	1
54	4	1
54	5	1
54	6	1
55	0	0.99999967320005345
55	1	0.9999999999999265
55	2	1
55	3	1
55	4	1
55	5	1
56	0	0.99999811880176948
56	1	0.99999999999810341
56	2	1
56	3	1
56	4	1
56	5	1
56	6	1
57	0	0.99999724560379344
57	1	0.99999999999602052
57	2	1
57	3	1
57	4	1
57	5	1
57	6	1
58	0	0.99999661000574613
58	1	0.99999999999402489
58	2	1
58	3	1
58	4	1
58	5	1
58	6	1
59	0	0.99999879400072733
59	1	0.99999999999919142
59	2	1
59	3	1
59	4	1
59	5	1
60	0	0.99999720600390318
60	1	0.99999999999590783
60	2	0.99999999999999989
60	3	0.99999999999999989
60	4	0.99999999999999989
60	5	0.99999999999999989
60	6	0.99999999999999989
60	7	1
61	0	0.9999980792018448
61	1	0.99999999999802547
61	2	1
61	3	1
61	4	1
61	5	1
61	6	1
62	0	0.99999661000574613
62	1	0.99999999999402489
62	2	1
62	3	1
62	4	1
62	5	1
62	6	1
63	0	0.99999803960192168
63	1	0.99999999999794598
63	2	1
63	3	1
63	4	1
63	5	1
63	6	1
64	0	0.99999979200002165
64	1	0.99999999999996558
64	2	1
64	3	1
64	4	1
64	5	1
65	0	0.99999875440077579
65	1	0.99999999999914002
65	2	1
65	3	1
65	4	1
65	5	1
66	0	0.9999971664040147
66	1	0.99999999999579392
66	2	1
66	3	1
66	4	1
66	5	1
66	6	1
67	0	0.99999983160001427
67	1	0.99999999999997558
67	2	1
67	3	1
67	4	1
67	5	1
68	0	0.99999712680412767
68	1	0.99999999999567812
68	2	1
68	3	1
68	4	1
68	5	1
68	6	1
69	0	0.9999970872042423
69	1	0.999999999995561
69	2	1
69	3	1
69	4	1
69	5	1
69	6	1
71	0	0.99999704760435848
71	1	0.9999999999954422
71	2	1
71	3	1
71	4	1
71	5	1
71	6	1
72	0	0.99999700800447611
72	1	0.99999999999496036
72	2	1
72	3	1
72	4	1
72	5	1
72	6	1
74	0	0.99999871480082592
74	1	0.99999999999908729
74	2	1
74	3	1
74	4	1
74	5	1
75	0	0.99999760200287524
75	1	0.99999999999696276
75	2	1
75	3	1
75	4	1
75	5	1
75	6	1
76	0	0.99999963360006727
76	1	0.99999999999991041
76	2	1
76	3	1
76	4	1
76	5	1
77	0	0.9999986752008776
77	1	0.999999999999033
77	2	1
77	3	1
77	4	1
77	5	1
78	0	0.9999969684045954
78	1	0.99999999999483369
78	2	1
78	3	1
78	4	1
78	5	1
78	6	1
79	0	0.99999863360093355
79	1	0.99999999999897415
79	2	1
79	3	1
79	4	1
79	5	1
80	0	0.99999680800509461
80	1	0.99999999999469003
80	2	1
80	3	1
80	4	1
80	5	1
80	6	1
81	0	0.99999800000200012
81	1	0.99999999999754408
81	2	1
81	3	1
81	4	1
81	5	1
81	6	1
83	0	0.99999859400098845
83	1	0.99999999999891653
83	2	1
83	3	1
83	4	1
83	5	1
84	0	0.9999985544010449
84	1	0.99999999999885747
84	2	1
84	3	1
84	4	1
84	5	1
86	0	0.99999780000242
86	1	0.99999999999743128
86	2	1
86	3	1
86	4	1
86	5	1
86	6	1
87	0	0.99999851480110313
87	1	0.99999999999879696
87	2	1
87	3	1
87	4	1
87	5	1
89	0	0.9999984752011627
89	1	0.99999999999873457
89	2	1
89	3	1
89	4	1
89	5	1
90	0	0.99999843560122381
90	1	0.99999999999867073
90	2	1
90	3	1
90	4	1
90	5	1
91	0	0.99999776040250787
91	1	0.99999999999734068
91	2	1
91	3	1
91	4	1
91	5	1
91	6	1
92	0	0.99999772080259741
92	1	0.99999999999724865
92	2	1
92	3	1
92	4	1
92	5	1
92	6	1

[frame_wcrt_distribution]
frame_id	response_time_ms	probability
0	1.6040000000000001	0.99999839600128648
0	1.6716000000000002	1.603997318755841e-06
0	1.7392000000000001	1.3948359740991686e-12
0	1.8068000000000002	8.727151046702611e-19
0	1.8212000000000006	8.1151147711214807e-40
0	1.8744000000000001	4.4012813847110929e-25
0	1.9420000000000002	1.9011626037243266e-31
1	2.4376000000000015	0.999997562402971
1	2.4944000000000019	8.1151147711214807e-40
1	2.5052000000000016	2.4375938933321317e-06
1	2.5728000000000018	3.1357205724077361e-12
1	2.6404000000000014	2.8323667816115517e-18
1	2.7080000000000015	2.0169540462431851e-24
1	2.7756000000000016	1.2056118783018021e-30
1	2.8432000000000017	5.5762769822489344e-37
2	3.1676000000000029	8.1151147711214807e-40
2	3.2316000000000025	0.99999676840522178
2	3.2992000000000026	3.2315893383228722e-06
2	3.3668000000000027	5.4400571243848621e-12
2	3.4344000000000023	6.3528208515306125e-18
2	3.448800000000003	3.3173056447726954e-33
2	3.5020000000000024	5.7830009292724847e-24
2	3.5164000000000031	7.1795676910503295e-37
2	3.5696000000000025	4.3690135791863895e-30
2	3.6372000000000027	2.0322846364681554e-36
4	0.40600000000000003	0.99999959400008254
4	0.46760000000000002	4.0599981015444418e-07
4	0.5292	1.0742754314932918e-13
4	0.59079999999999999	2.3618673352750306e-20
4	0.65240000000000009	4.6973872606128728e-27
4	0.71399999999999997	8.7930060367036685e-34
6	2.4772000000000016	0.99999752280306831
6	2.534000000000002	8.1151147711214807e-40
6	2.5448000000000017	2.4771936960294621e-06
6	2.6124000000000018	3.2357101870196737e-12
6	2.6800000000000015	2.9653655994762233e-18
6	2.7476000000000016	2.140962987994485e-24
6	2.8152000000000017	1.2966287024605987e-30
6	2.8828000000000018	6.089549483532803e-37
7	0.44560000000000005	0.99999955440009936
7	0.5072000000000001	4.4559977399173735e-07
7	0.56880000000000008	1.2672856791677006e-13
7	0.63040000000000007	2.9513863677121182e-20
7	0.69200000000000006	6.152504262998917e-27
7	0.75360000000000005	1.1976425466124034e-33
9	2.5168000000000026	0.99999748320316717
9	2.5736000000000021	8.1151147711214807e-40
9	2.5844000000000027	2.5167934955904861e-06
9	2.6520000000000028	3.3372679495536706e-12
9	2.7196000000000025	3.1024610568501163e-18
9	2.7872000000000026	2.2706001022991121e-24
9	2.8548000000000027	1.3930573134527041e-30
9	2.9224000000000028	6.6412667574218708e-37
10	0.48720000000000002	0.99999951280011867
10	0.54880000000000007	4.8719973262471375e-07
10	0.61040000000000005	1.4869334923755204e-13
10	0.67200000000000004	3.6668596158695069e-20
10	0.73360000000000003	8.014449326434605e-27
10	0.79520000000000002	1.6234212382450439e-33
11	3.2072000000000029	8.1151147711214807e-40
11	3.2712000000000026	0.9999967288053504
11	3.3388000000000027	3.2711890781356778e-06
11	3.4064000000000028	5.5714888612480406e-12
11	3.4740000000000024	6.5798192968680927e-18
11	3.4884000000000031	3.4056030564109118e-33
11	3.5416000000000025	6.0547029999835523e-24
11	3.5560000000000032	7.8024063717570188e-37
11	3.6092000000000026	4.6221945042368225e-30
11	3.6768000000000027	2.1622863445320529e-36
12	1.6436000000000002	0.99999835640135082
12	1.7112000000000003	1.6435971874740868e-06
12	1.7788000000000002	1.4618152397207441e-12
12	1.8464000000000003	9.3388986717349105e-19
12	1.8608000000000007	8.1151147711214807e-40
12	1.9140000000000001	4.8018640475394107e-25
12	1.9816000000000003	2.1119230389870317e-31
13	0.0872	0.99999991280000389
13	0.14679999999999999	8.7199987199041009e-08
13	0.2064	8.9990381425983224e-15
13	0.26600000000000001	1.0283202598001051e-21
13	0.3256	1.2541754358217418e-28
13	0.38519999999999999	1.5998535258010157e-35
14	3.246800000000003	8.1151147711214807e-40
14	3.3108000000000026	0.99999668920548068
14	3.3784000000000027	3.3107888148121775e-06
14	3.4460000000000028	5.7044887422979405e-12
14	3.5136000000000025	6.8121594856823953e-18
14	3.5812000000000026	6.3358644446475129e-24
14	3.5956000000000032	8.4696572406127226e-37
14	3.6488000000000027	4.8904672868923562e-30
14	3.7164000000000028	2.2988323816844134e-36
14	1000.0676	1.1102230246251565e-16
15	0.24759999999999999	0.99999975240003069
15	0.30919999999999997	2.4759992344209212e-07
15	0.37080000000000002	4.590502297841439e-14
15	0.43240000000000001	7.7156154264338444e-21
15	0.49399999999999999	1.2437125905391629e-27
15	0.55559999999999998	1.9661567716953435e-34
16	2.5564000000000018	0.9999974436032677
16	2.6132000000000017	8.1151147711214807e-40
16	2.6240000000000019	2.5563932920152017e-06
16	2.691600000000002	3.440393859823432e-12
16	2.7592000000000017	3.2437152522111989e-18
16	2.8268000000000018	2.4060330432618697e-24
16	2.8944000000000019	1.4951353734364252e-30
16	2.962000000000002	7.2336838642908306e-37
18	0.52680000000000016	0.99999947320013882
18	0.58840000000000015	5.2679969003097146e-07
18	0.65000000000000013	1.7120988871353618e-13
18	0.71160000000000023	4.4459654730498486e-20
18	0.77320000000000011	1.0146347326178822e-26
18	0.83480000000000021	2.1320332337956221e-33
19	1.6832000000000003	0.9999983168014166
19	1.7508000000000004	1.6831970530560196e-06
19	1.8184000000000002	1.5303626571860141e-12
19	1.8860000000000003	9.9785406257879681e-19
19	1.9004000000000008	8.1151147711214807e-40
19	1.9536000000000002	5.229143645344402e-25
19	2.0212000000000003	2.3409430368995711e-31
20	0.56640000000000001	0.99999943360016041
20	0.628	5.6639964430091192e-07
20	0.68959999999999999	1.9529458532480735e-13
20	0.75120000000000009	5.3270015919549006e-20
20	0.81279999999999997	1.2672512690164686e-26
20	0.87440000000000007	2.7591941900633804e-33
21	0.60600000000000009	0.99999939400018367
21	0.66760000000000008	6.0599959543453512e-07
21	0.72920000000000007	2.2094743888506907e-13
21	0.79080000000000017	6.3161778691645848e-20
21	0.85240000000000005	1.5638364640908343e-26
21	0.91400000000000015	3.5243239216870853e-33
22	1.7228000000000003	0.99999827720148404
22	1.7904000000000004	1.7227969155016415e-06
22	1.8580000000000003	1.6004782263086929e-12
22	1.9256000000000004	1.0646697895712103e-18
22	1.9400000000000008	8.1151147711214807e-40
22	1.9932000000000003	5.6842790667205483e-25
22	2.0608000000000004	2.5893824202988047e-31
23	0.64559999999999995	0.99999935440020848
23	0.70719999999999994	6.4559954343184105e-07
23	0.76879999999999993	2.4816844920802283e-13
23	0.83040000000000003	7.4197042002750714e-20
23	0.8919999999999999	1.9091781517323265e-26
23	0.9536	4.4488410162567485e-33
24	2.5960000000000027	0.99999740400336978
24	2.6528000000000023	8.1151147711214807e-40
24	2.6636000000000029	2.5959930853036135e-06
24	2.731200000000003	3.5450879176426729e-12
24	2.7988000000000026	3.3891902840276447e-18
24	2.8664000000000027	2.5474319240797879e-24
24	2.9340000000000028	1.6031073985877414e-30
24	3.0016000000000029	7.8691532613228649e-37
25	1.7624000000000004	0.99999823760155304
25	1.8300000000000005	1.762396774810954e-06
25	1.8976000000000004	1.672161946902483e-12
25	1.9652000000000005	1.1343991468259456e-18
25	1.9796000000000009	8.1151147711214807e-40
25	2.0328000000000004	6.1684537912867703e-25
25	2.1004000000000005	1.7848632285558388e-31
25	2.1680000000000006	2.0999338730755037e-38
25	2.2608000000000006	1.0735855799031873e-31
25	2.3284000000000007	2.4477752385885925e-38
28	1.8020000000000005	0.99999819800162371
28	1.8696000000000006	1.8019966309839475e-06
28	1.9372000000000005	1.7454138187810757e-12
28	2.0048000000000004	1.2071042330083403e-18
28	2.019200000000001	8.1151147711214807e-40
28	2.1400000000000006	1.5980089880483133e-31
28	2.2328000000000006	6.6828748177479504e-25
28	2.3004000000000007	2.6233236776081173e-31
28	2.3680000000000008	5.0143191948082026e-38
29	2.6356000000000028	0.99999736440347331
29	2.6924000000000023	8.1151147711214807e-40
29	2.7032000000000029	2.6355928754557155e-06
29	2.770800000000003	3.6513501228250819e-12
29	2.8384000000000027	3.5389482507577267e-18
29	2.9060000000000028	2.69496931704154e-24
29	2.9736000000000029	1.7172248564800686e-30
29	3.041200000000003	8.5501275632458694e-37
30	0.68520000000000003	0.99999931480023474
30	0.74680000000000002	6.8519948829283111e-07
30	0.80840000000000001	2.7695761610737297e-13
30	0.87000000000000011	8.6437904798990368e-20
30	0.93159999999999998	2.3083100774234166e-26
30	0.99320000000000008	5.5562602151978454e-33
32	2.6752000000000029	0.9999973248035785
32	2.7320000000000024	8.1151147711214807e-40
32	2.742800000000003	2.6751926624715086e-06
32	2.8104000000000031	3.7591804751843656e-12
32	2.8780000000000028	3.6930512508498808e-18
32	2.9456000000000029	2.8488202535269969e-24
32	3.013200000000003	1.8377462634639236e-30
32	3.0808000000000031	9.2791623416304252e-37
33	0.72480000000000011	0.99999927520026266
33	0.7864000000000001	7.2479943001750455e-07
33	0.84800000000000009	3.0731493939682143e-13
33	0.90960000000000019	9.9946466016653235e-20
33	0.97120000000000006	2.7665118981889012e-26
33	1.0328000000000002	6.8722897946665518e-33
34	0.76439999999999997	0.99999923560029225
34	0.82599999999999996	7.6439936860586125e-07
34	0.88759999999999994	3.3924041889007117e-13
34	0.94920000000000004	1.1478482458219288e-19
34	1.0107999999999999	3.2893091825473137e-26
34	1.0724	8.4249289464223846e-33
36	0.80399999999999983	0.99999919600032328
36	0.86559999999999981	8.0399930405790102e-07
36	0.9271999999999998	3.727340544008245e-13
36	0.9887999999999999	1.3101507941222522e-19
36	1.1119999999999999	4.5971300138981242e-33
36	1.1712	3.8824729414594171e-26
36	1.2328000000000001	1.0337462458062003e-32
37	2.3188000000000013	0.99999768120268839
37	2.3756000000000017	8.1151147711214807e-40
37	2.3864000000000014	2.3187944664222825e-06
37	2.4540000000000015	2.8451606179672841e-12
37	2.5216000000000012	2.4573291801456015e-18
37	2.5640000000000018	8.8356707076634285e-38
37	2.5892000000000013	1.6770566016539844e-24
37	2.6568000000000014	9.6275629744337129e-31
37	2.7244000000000015	2.9007057591016087e-37
38	0.84359999999999991	0.99999915640035586
38	0.90519999999999989	8.4359923637362427e-07
38	0.96679999999999988	4.0779584574278585e-13
38	1.0284	1.4869932941353081e-19
38	1.1516	5.629585784846795e-33
38	1.2108000000000001	4.5520214234091046e-26
38	1.2724000000000002	1.2233327691552597e-32
39	1.8416000000000006	0.99999815840169581
39	1.9092000000000007	1.8415964840206363e-06
39	1.9768000000000006	1.8202338417581885e-12
39	2.0588000000000011	8.1151147711214807e-40
39	2.1796000000000006	2.0372429642205369e-32
39	2.2048000000000005	1.2828469410052843e-18
39	2.2472000000000008	3.1360504761537882e-38
39	2.2724000000000006	9.2864632183336771e-25
39	2.3400000000000007	4.7234381169340339e-31
39	2.4076000000000009	1.2446145343736439e-37
40	0.88319999999999976	0.99999911680039011
40	0.94479999999999975	8.8319916555303396e-07
40	1.0063999999999997	4.4442579272965828e-13
40	1.1888000000000001	1.6789965320077408e-19
40	1.1911999999999998	4.9011381555473838e-33
40	1.2504	7.3324452187252697e-26
40	1.3120000000000001	1.8799698784152629e-32
43	2.3584000000000014	0.99999764160278115
43	2.4152000000000018	8.1151147711214807e-40
43	2.4260000000000015	2.3583942785285413e-06
43	2.4936000000000016	2.9404457876952446e-12
43	2.5612000000000013	2.5784106704488106e-18
43	2.6288000000000014	1.785162359445115e-24
43	2.6964000000000015	1.0388966276608701e-30
43	2.7640000000000016	4.6565167455618548e-37
44	3.2864000000000031	8.1151147711214807e-40
44	3.3504000000000027	0.99999664960561274
44	3.4180000000000028	3.3503885483523739e-06
44	3.4856000000000029	5.8390567673482895e-12
44	3.5532000000000026	7.049903516254373e-18
44	3.6208000000000027	6.626702223316509e-24
44	3.6352000000000033	9.183819646996039e-37
44	3.6884000000000028	5.1673261108214089e-30
44	3.7560000000000029	2.4421661231157997e-36
45	0.92679999999999985	0.99999907320042947
45	0.99439999999999984	9.267990783905381e-07
45	1.1828000000000001	4.9213021790803381e-13
45	1.2504000000000002	2.5654795336690519e-19
45	1.2647999999999999	5.9723550674646225e-33
45	1.3180000000000001	9.7682520325931948e-26
45	1.3856000000000002	2.5882219405042313e-32
47	0.9663999999999997	0.99999903360046705
47	1.0339999999999998	9.6639900074291624e-07
47	1.2223999999999999	5.3229246932528943e-13
47	1.29	2.8448338819485987e-19
47	1.3043999999999998	7.3124961991138801e-33
47	1.3575999999999999	1.110090051449952e-25
47	1.4252	2.9730966574405325e-32
48	1.0059999999999998	0.99999899400050607
48	1.1944000000000001	1.0059987984343168e-06
48	1.262	6.9554752221847451e-13
48	1.3296000000000001	3.2989089076344698e-19
48	1.3439999999999999	7.0242987398017037e-33
48	1.3972	1.2775784479471038e-25
48	1.4648000000000001	3.6160412933946374e-32
49	0.1268	0.99999987320000805
49	0.18640000000000001	1.2679997636448218e-07
49	0.246	1.5596396163286044e-14
49	0.30559999999999998	1.9736701381796416e-21
49	0.36519999999999997	2.5733577113989201e-28
49	0.42479999999999996	3.440930441920735e-35
50	0.28720000000000001	0.9999997128000413
50	0.3488	2.8719989982465797e-07
50	0.41039999999999999	5.8933415813721274e-14
50	0.47200000000000003	1.0663922433294109e-20
50	0.53360000000000007	1.8181111274257814e-27
50	0.59519999999999995	3.00368692691198e-34
53	1.1663999999999997	0.99999883360068043
53	1.2339999999999998	1.1663985606632882e-06
53	1.3015999999999996	7.5909213196503813e-13
53	1.3691999999999998	3.6444286062049342e-19
53	1.3835999999999999	8.1151147711214807e-40
53	1.4367999999999996	1.4415330478033803e-25
53	1.5043999999999997	4.9787346062193652e-32
54	2.714800000000003	0.99999728520368514
54	2.7716000000000025	8.1151147711214807e-40
54	2.7824000000000031	2.7147924463509945e-06
54	2.8500000000000032	3.8685789745342301e-12
54	2.9176000000000029	3.8515613827428067e-18
54	2.985200000000003	3.009162224006833e-24
54	3.0528000000000031	2.8686437163741422e-31
54	3.1204000000000032	5.1288616116061278e-37
54	3.1736000000000022	1.6780727076980801e-30
54	3.2412000000000023	6.9571691820439253e-37
55	0.32679999999999998	0.99999967320005345
55	0.38839999999999997	3.2679987307090466e-07
55	0.44999999999999996	7.3529966911507543e-14
55	0.51160000000000005	1.425580174139663e-20
55	0.57319999999999993	2.5644196875451467e-27
55	0.63480000000000003	4.4223004260638217e-34
56	1.8812000000000006	0.99999811880176948
56	1.9488000000000008	1.881196333921013e-06
56	2.0164000000000009	1.8966220156475167e-12
56	2.0984000000000012	8.1151147711214807e-40
56	2.2192000000000007	2.2064164662597358e-32
56	2.2444000000000006	1.3616897683533898e-18
56	2.2868000000000008	3.6061943059811385e-38
56	2.3120000000000007	9.991566434056418e-25
56	2.3796000000000008	5.1567163465367835e-31
56	2.4472000000000009	1.3840057596361975e-37
57	2.7544000000000031	0.99999724560379344
57	2.8112000000000026	8.1151147711214807e-40
57	2.8220000000000032	2.7543922270941703e-06
57	2.8896000000000033	3.9795456206883791e-12
57	2.9572000000000029	4.0145407448652491e-18
57	3.024800000000003	3.176175178041853e-24
57	3.0924000000000031	3.002615097930601e-31
57	3.1600000000000033	5.5623494795266954e-37
57	3.2132000000000023	1.798809091182991e-30
57	3.2808000000000024	7.5027793666297175e-37
58	3.3260000000000032	8.1151147711214807e-40
58	3.3900000000000028	0.99999661000574613
58	3.4576000000000029	3.3899882787562642e-06
58	3.525200000000003	5.9751929362127553e-12
58	3.5928000000000027	7.2931134868548137e-18
58	3.6604000000000028	6.9274357551247967e-24
58	3.6748000000000034	9.1239862278779231e-37
58	3.7280000000000029	5.4565790529976882e-30
58	3.795600000000003	2.7154061426022607e-36
59	1.2059999999999997	0.99999879400072733
59	1.2735999999999998	1.2059984640393785e-06
59	1.3411999999999997	8.0874251531381134e-13
59	1.4087999999999998	3.9892764343034048e-19
59	1.4231999999999998	8.1151147711214807e-40
59	1.4763999999999997	1.6171396832645697e-25
59	1.5439999999999998	5.7115586871093371e-32
60	2.7940000000000031	0.99999720600390318
60	2.8508000000000027	8.1151147711214807e-40
60	2.8616000000000033	2.7939920047010418e-06
60	2.9292000000000034	4.0920804134605157e-12
60	2.996800000000003	4.182051435636157e-18
60	3.1320000000000032	1.2606830937271032e-31
60	3.1852000000000023	3.3500411195976808e-24
60	3.1996000000000033	3.6549391971920907e-37
60	3.2528000000000024	2.5190435215800628e-30
60	3.3204000000000025	1.0883582494775782e-36
60	100.0676	1.1102230246251565e-16
61	1.9208000000000007	0.9999980792018448
61	1.9884000000000008	1.9207961806850798e-06
61	2.1380000000000012	1.0382104335251053e-39
61	2.216400000000001	1.9745780235404264e-12
61	2.2588000000000008	2.0365382534775186e-32
61	2.2840000000000007	1.7604169136245157e-18
61	2.3264000000000009	4.1055634871817297e-38
61	2.3516000000000008	1.1203876181105231e-24
61	2.4192000000000009	5.7256982501750486e-31
61	2.486800000000001	1.5275406206250647e-37
62	3.3260000000000032	8.1151147711214807e-40
62	3.3900000000000028	0.99999661000574613
62	3.4576000000000029	3.3899882787562642e-06
62	3.525200000000003	5.9751929362127553e-12
62	3.5928000000000027	7.2931134868548137e-18
62	3.6604000000000028	6.9274357551247967e-24
62	3.6748000000000034	9.1239862278779231e-37
62	3.7280000000000029	5.4565790529976882e-30
62	3.795600000000003	2.7154061426022607e-36
63	1.9604000000000008	0.99999803960192168
63	2.0280000000000009	1.9603960243128316e-06
63	2.1776000000000013	8.1151147711214807e-40
63	2.2560000000000011	2.0541024859395679e-12
63	2.2984000000000009	2.1115529446211674e-32
63	2.3236000000000008	1.8584016112103349e-18
63	2.366000000000001	4.7239113098847044e-38
63	2.3912000000000009	1.2007420420802377e-24
63	2.458800000000001	6.2372134949354993e-31
63	2.5264000000000011	1.699838788301386e-37
64	0.20799999999999999	0.99999979200002165
64	0.26960000000000001	2.0799994392320759e-07
64	0.33119999999999999	3.4444788591884154e-14
64	0.39280000000000004	5.3487816856648083e-21
64	0.45440000000000003	8.1314288076912503e-28
64	0.51600000000000001	1.2287986130041479e-34
65	1.2455999999999996	0.99999875440077579
65	1.3131999999999997	1.2455983642791554e-06
65	1.3807999999999996	8.5996105256495975e-13
65	1.4483999999999997	4.3551563665469687e-19
65	1.4627999999999999	8.1151147711214807e-40
65	1.5159999999999996	1.8082742724781314e-25
65	1.5835999999999997	6.5279783989096256e-32
66	2.8336000000000023	0.9999971664040147
66	2.8904000000000023	8.1151147711214807e-40
66	2.9012000000000024	2.8335917791716065e-06
66	2.9688000000000025	4.2061833526643412e-12
66	3.0364000000000022	4.354155553464687e-18
66	3.1716000000000024	1.3225838055003745e-31
66	3.2248000000000019	3.5309457039308688e-24
66	3.2392000000000025	3.9960384142138164e-37
66	3.292400000000002	2.6835734572997329e-30
66	3.3600000000000021	1.1679053761946622e-36
67	0.16839999999999999	0.99999983160001427
67	0.22999999999999998	1.6839996126800444e-07
67	0.29159999999999997	2.4552712840427888e-14
67	0.35320000000000001	3.5013221659994557e-21
67	0.4148	5.0077992231697829e-28
67	0.47639999999999999	7.2284916842558915e-35
68	2.8732000000000024	0.99999712680412767
68	2.9300000000000024	8.1151147711214807e-40
68	2.9408000000000025	2.8731915505058679e-06
68	3.0084000000000026	4.3218544381135628e-12
68	3.1968000000000019	4.5309146494155773e-18
68	3.2112000000000025	1.2192043804881964e-31
68	3.264400000000002	4.2664103268150983e-24
68	3.2788000000000026	3.8402437726907686e-37
68	3.3320000000000021	2.9433687209582429e-30
68	3.3996000000000022	1.3245308041879871e-36
69	2.9128000000000025	0.9999970872042423
69	2.9696000000000025	8.1151147711214807e-40
69	2.9804000000000026	2.9127913187038204e-06
69	3.1688000000000023	4.439093133379399e-12
69	3.2364000000000019	5.248634308887109e-18
69	3.2508000000000026	8.6871066004736649e-32
69	3.304000000000002	4.5525173429700194e-24
69	3.3184000000000027	4.2118834389454929e-37
69	3.3716000000000022	3.1789859350862895e-30
69	3.4392000000000023	1.4168200759619154e-36
71	2.9524000000000026	0.99999704760435848
71	3.0092000000000025	8.1151147711214807e-40
71	3.0200000000000027	2.9523910837654682e-06
71	3.2084000000000024	4.5579004964085996e-12
71	3.276000000000002	5.4492432042287021e-18
71	3.2904000000000027	9.2041551778774612e-32
71	3.3436000000000021	4.7800073885741469e-24
71	3.3580000000000028	4.613022892468286e-37
71	3.4112000000000022	3.3746868461481866e-30
71	3.4788000000000023	1.5141667487596757e-36
72	2.9920000000000027	0.99999700800447611
72	3.0488000000000026	8.1151147711214807e-40
72	3.1804000000000023	2.9919904842583341e-06
72	3.2480000000000024	5.0397084310004458e-12
72	3.3156000000000021	5.7011466989533527e-18
72	3.3300000000000027	9.5783716017854681e-32
72	3.3832000000000022	5.0222169107620854e-24
72	3.3976000000000028	5.0455064135679536e-37
72	3.4508000000000023	3.5824758880893379e-30
72	3.5184000000000024	1.6167755545833516e-36
74	1.2851999999999997	0.99999871480082592
74	1.3527999999999998	1.2851982613826142e-06
74	1.4203999999999997	9.1274774353218355e-13
74	1.4879999999999998	4.7426893908729301e-19
74	1.5024	8.1151147711214807e-40
74	1.5555999999999996	2.0158239604761695e-25
74	1.6231999999999998	7.4349315518770312e-32
75	2.3980000000000015	0.99999760200287524
75	2.4548000000000019	8.1151147711214807e-40
75	2.4656000000000016	2.3979940874984924e-06
75	2.5332000000000017	3.0372991059041683e-12
75	2.6008000000000013	2.7034025047682961e-18
75	2.6684000000000014	1.8984080820330618e-24
75	2.7360000000000015	1.1197759354559724e-30
75	2.8036000000000016	5.0992888678307406e-37
76	0.3664	0.99999963360006727
76	0.42799999999999999	3.6639984318083318e-07
76	0.48960000000000004	8.9694676085475829e-14
76	0.55120000000000002	1.8553352376056018e-20
76	0.61280000000000001	3.5131785868440331e-27
76	0.6744	6.3160304925754239e-34
77	1.3247999999999995	0.9999986752008776
77	1.3923999999999996	1.3247981553497634e-06
77	1.4599999999999995	9.6710258802919109e-13
77	1.5275999999999996	5.1524964951203504e-19
77	1.542	8.1151147711214807e-40
77	1.5951999999999995	2.2407004833689563e-25
77	1.6627999999999996	8.4397287581515337e-32
78	3.0316000000000027	0.9999969684045954
78	3.0884000000000027	8.1151147711214807e-40
78	3.2200000000000024	3.0315902382637185e-06
78	3.2876000000000025	5.1664357347979736e-12
78	3.3552000000000022	5.9124925037265579e-18
78	3.3696000000000028	1.0139579943308259e-31
78	3.4228000000000023	5.2668180291067939e-24
78	3.4372000000000029	5.5112634396010064e-37
78	3.4904000000000024	3.7976146752167825e-30
78	3.5580000000000025	1.7248566819361763e-36
79	1.3663999999999994	0.99999863360093355
79	1.4339999999999995	1.3663980405838033e-06
79	1.5015999999999994	1.025891579520047e-12
79	1.5691999999999995	5.6076709299291951e-19
79	1.5835999999999999	1.312959050936332e-39
79	1.6367999999999994	2.4966217512457154e-25
79	1.7043999999999995	9.6090851859927862e-32
80	3.1280000000000028	8.1151147711214807e-40
80	3.1920000000000024	0.99999680800509461
80	3.2596000000000025	3.1919895953737594e-06
80	3.3272000000000026	5.3101935318947007e-12
80	3.3948000000000023	6.1311020513794277e-18
80	3.4092000000000029	3.1850355151548034e-33
80	3.4624000000000024	5.5205437315452807e-24
80	3.476800000000003	6.5987431228231057e-37
80	3.5300000000000025	4.1270896065016214e-30
80	3.5976000000000026	1.9085897645859635e-36
81	2.0000000000000009	0.99999800000200012
81	2.2172000000000014	8.1151147711214807e-40
81	2.2280000000000011	1.9999955440049656e-06
81	2.2956000000000012	2.4559943620128767e-12
81	2.338000000000001	2.2837350110548937e-32
81	2.3632000000000009	2.0073381895861209e-18
81	2.4056000000000011	5.3827857355694492e-38
81	2.430800000000001	1.2923794084536472e-24
81	2.4984000000000011	6.785350748473834e-31
81	2.5660000000000012	1.8778348216737263e-37
83	1.4059999999999997	0.99999859400098845
83	1.4735999999999998	1.4059979281199264e-06
83	1.5411999999999997	1.0834619301671877e-12
83	1.6087999999999998	6.065093310203385e-19
83	1.6232000000000002	8.1151147711214807e-40
83	1.6763999999999997	2.7599823667250495e-25
83	1.7439999999999998	1.0839002537293413e-31
84	1.4455999999999998	0.9999985544010449
84	1.5131999999999999	1.4455978125197342e-06
84	1.5807999999999998	1.1426004337758067e-12
84	1.6483999999999999	6.5466840963303725e-19
84	1.6628000000000003	8.1151147711214807e-40
84	1.7159999999999997	3.0436029973967681e-25
84	1.7835999999999999	1.2191469419886398e-31
86	2.2000000000000011	0.99999780000242
86	2.2568000000000015	8.1151147711214807e-40
86	2.2676000000000012	2.1999950112856567e-06
86	2.3352000000000013	2.5687140015320635e-12
86	2.377600000000001	2.3701096133284768e-32
86	2.4028000000000009	2.116925788111274e-18
86	2.4452000000000012	6.1165241225972066e-38
86	2.470400000000001	1.3820132352228193e-24
86	2.5380000000000011	7.3698737705967673e-31
86	2.6056000000000012	2.0703054245753748e-37
87	1.4851999999999999	0.99999851480110313
87	1.5528	1.4851976937832321e-06
87	1.6203999999999998	1.2033070901596147e-12
87	1.6879999999999999	7.0530642757507859e-19
87	1.7024000000000004	8.1151147711214807e-40
87	1.7555999999999998	3.3484949856074069e-25
87	1.8231999999999999	1.367540613828125e-31
89	1.5247999999999999	0.9999984752011627
89	1.5924	1.5247975719104134e-06
89	1.6599999999999999	1.2655818991323053e-12
89	1.7276	7.5848548358067984e-19
89	1.7420000000000004	8.1151147711214807e-40
89	1.7951999999999999	3.6756942647569431e-25
89	1.8628	1.5300154930579819e-31
90	1.5644	0.99999843560122381
90	1.6320000000000001	1.5643974469012827e-06
90	1.6996	1.3294248605075903e-12
90	1.7672000000000001	8.1426767637422266e-19
90	1.7816000000000005	8.1151147711214807e-40
90	1.8348	4.0262613592940192e-25
90	1.9024000000000001	1.7075489756866054e-31
91	2.2396000000000011	0.99999776040250787
91	2.2964000000000016	8.1151147711214807e-40
91	2.3072000000000012	2.2395948328008417e-06
91	2.3748000000000014	2.6592947246993974e-12
91	2.4172000000000016	2.5689159222138367e-32
91	2.442400000000001	2.2266488375089078e-18
91	2.4848000000000017	6.931782252658094e-38
91	2.5100000000000011	1.4756361686319012e-24
91	2.5776000000000012	7.9816476942719585e-31
91	2.6452000000000013	2.2781067217425309e-37
92	2.2792000000000012	0.99999772080259741
92	2.3360000000000016	8.1151147711214807e-40
92	2.3468000000000013	2.2791946511797191e-06
92	2.4144000000000014	2.751443596906573e-12
92	2.4820000000000011	2.3400959353413649e-18
92	2.5244000000000018	7.8356501767267866e-38
92	2.5496000000000012	1.5739329909284632e-24
92	2.6172000000000013	8.9114367616073613e-31
92	2.6848000000000014	2.5021275271717131e-37

[frame_wcrt_cdf]
frame_id	response_time_ms	cumulative_probability
0	1.6040000000000001	0.99999839600128648
0	1.6716000000000002	0.99999999999860523
0	1.7392000000000001	1
0	1.8068000000000002	1
0	1.8212000000000006	1
0	1.8744000000000001	1
0	1.9420000000000002	1
1	2.4376000000000015	0.999997562402971
1	2.4944000000000019	0.999997562402971
1	2.5052000000000016	0.99999999999686429
1	2.5728000000000018	1
1	2.6404000000000014	1
1	2.7080000000000015	1
1	2.7756000000000016	1
1	2.8432000000000017	1
2	3.1676000000000029	8.1151147711214807e-40
2	3.2316000000000025	0.99999676840522178
2	3.2992000000000026	0.99999999999456013
2	3.3668000000000027	1
2	3.4344000000000023	1
2	3.448800000000003	1
2	3.5020000000000024	1
2	3.5164000000000031	1
2	3.5696000000000025	1
2	3.6372000000000027	1
4	0.40600000000000003	0.99999959400008254
4	0.46760000000000002	0.99999999999989264
4	0.5292	1
4	0.59079999999999999	1
4	0.65240000000000009	1
4	0.71399999999999997	1
6	2.4772000000000016	0.99999752280306831
6	2.534000000000002	0.99999752280306831
6	2.5448000000000017	0.99999999999676437
6	2.6124000000000018	1
6	2.6800000000000015	1
6	2.7476000000000016	1
6	2.8152000000000017	1
6	2.8828000000000018	1
7	0.44560000000000005	0.99999955440009936
7	0.5072000000000001	0.99999999999987332
7	0.56880000000000008	1
7	0.63040000000000007	1
7	0.69200000000000006	1
7	0.75360000000000005	1
9	2.5168000000000026	0.99999748320316717
9	2.5736000000000021	0.99999748320316717
9	2.5844000000000027	0.99999999999666278
9	2.6520000000000028	1
9	2.7196000000000025	1
9	2.7872000000000026	1
9	2.8548000000000027	1
9	2.9224000000000028	1
10	0.48720000000000002	0.99999951280011867
10	0.54880000000000007	0.99999999999985134
10	0.61040000000000005	1
10	0.67200000000000004	1
10	0.73360000000000003	1
10	0.79520000000000002	1
11	3.2072000000000029	8.1151147711214807e-40
11	3.2712000000000026	0.9999967288053504
11	3.3388000000000027	0.99999999999442857
11	3.4064000000000028	1
11	3.4740000000000024	1
11	3.4884000000000031	1
11	3.5416000000000025	1
11	3.5560000000000032	1
11	3.6092000000000026	1
11	3.6768000000000027	1
12	1.6436000000000002	0.99999835640135082
12	1.7112000000000003	0.99999999999853828
12	1.7788000000000002	1
12	1.8464000000000003	1
12	1.8608000000000007	1
12	1.9140000000000001	1
12	1.9816000000000003	1
13	0.0872	0.99999991280000389
13	0.14679999999999999	0.99999999999999112
13	0.2064	1
13	0.26600000000000001	1
13	0.3256	1
13	0.38519999999999999	1
14	3.246800000000003	8.1151147711214807e-40
14	3.3108000000000026	0.99999668920548068
14	3.3784000000000027	0.99999999999429545
14	3.4460000000000028	0.99999999999999989
14	3.5136000000000025	0.99999999999999989
14	3.5812000000000026	0.99999999999999989
14	3.5956000000000032	0.99999999999999989
14	3.6488000000000027	0.99999999999999989
14	3.7164000000000028	0.99999999999999989
14	1000.0676	1
15	0.24759999999999999	0.99999975240003069
15	0.30919999999999997	0.99999999999995415
15	0.37080000000000002	1
15	0.43240000000000001	1
15	0.49399999999999999	1
15	0.55559999999999998	1
16	2.5564000000000018	0.9999974436032677
16	2.6132000000000017	0.9999974436032677
16	2.6240000000000019	0.99999999999655975
16	2.691600000000002	1
16	2.7592000000000017	1
16	2.8268000000000018	1
16	2.8944000000000019	1
16	2.962000000000002	1
18	0.52680000000000016	0.99999947320013882
18	0.58840000000000015	0.9999999999998288
18	0.65000000000000013	1
18	0.71160000000000023	1
18	0.77320000000000011	1
18	0.83480000000000021	1
19	1.6832000000000003	0.9999983168014166
19	1.7508000000000004	0.99999999999846967
19	1.8184000000000002	1
19	1.8860000000000003	1
19	1.9004000000000008	1
19	1.9536000000000002	1
19	2.0212000000000003	1
20	0.56640000000000001	0.99999943360016041
20	0.628	0.99999999999980471
20	0.68959999999999999	1
20	0.75120000000000009	1
20	0.81279999999999997	1
20	0.87440000000000007	1
21	0.60600000000000009	0.99999939400018367
21	0.66760000000000008	0.99999999999977907
21	0.72920000000000007	1
21	0.79080000000000017	1
21	0.85240000000000005	1
21	0.91400000000000015	1
22	1.7228000000000003	0.99999827720148404
22	1.7904000000000004	0.9999999999983995
22	1.8580000000000003	1
22	1.9256000000000004	1
22	1.9400000000000008	1
22	1.9932000000000003	1
22	2.0608000000000004	1
23	0.64559999999999995	0.99999935440020848
23	0.70719999999999994	0.99999999999975187
23	0.76879999999999993	1
23	0.83040000000000003	1
23	0.8919999999999999	1
23	0.9536	1
24	2.5960000000000027	0.99999740400336978
24	2.6528000000000023	0.99999740400336978
24	2.6636000000000029	0.99999999999645506
24	2.731200000000003	1
24	2.7988000000000026	1
24	2.8664000000000027	1
24	2.9340000000000028	1
24	3.0016000000000029	1
25	1.7624000000000004	0.99999823760155304
25	1.8300000000000005	0.99999999999832789
25	1.8976000000000004	1
25	1.9652000000000005	1
25	1.9796000000000009	1
25	2.0328000000000004	1
25	2.1004000000000005	1
25	2.1680000000000006	1
25	2.2608000000000006	1
25	2.3284000000000007	1
28	1.8020000000000005	0.99999819800162371
28	1.8696000000000006	0.99999999999825473
28	1.9372000000000005	1
28	2.0048000000000004	1
28	2.019200000000001	1
28	2.1400000000000006	1
28	2.2328000000000006	1
28	2.3004000000000007	1
28	2.3680000000000008	1
29	2.6356000000000028	0.99999736440347331
29	2.6924000000000023	0.99999736440347331
29	2.7032000000000029	0.99999999999634881
29	2.770800000000003	1
29	2.8384000000000027	1
29	2.9060000000000028	1
29	2.9736000000000029	1
29	3.041200000000003	1
30	0.68520000000000003	0.99999931480023474
30	0.74680000000000002	0.999999999999723
30	0.80840000000000001	1
30	0.87000000000000011	1
30	0.93159999999999998	1
30	0.99320000000000008	1
32	2.6752000000000029	0.9999973248035785
32	2.7320000000000024	0.9999973248035785
32	2.742800000000003	0.99999999999624101
32	2.8104000000000031	1
32	2.8780000000000028	1
32	2.9456000000000029	1
32	3.013200000000003	1
32	3.0808000000000031	1
33	0.72480000000000011	0.99999927520026266
33	0.7864000000000001	0.99999999999969269
33	0.84800000000000009	1
33	0.90960000000000019	1
33	0.97120000000000006	1
33	1.0328000000000002	1
34	0.76439999999999997	0.99999923560029225
34	0.82599999999999996	0.99999999999966083
34	0.88759999999999994	1
34	0.94920000000000004	1
34	1.0107999999999999	1
34	1.0724	1
36	0.80399999999999983	0.99999919600032328
36	0.86559999999999981	0.9999999999996273
36	0.9271999999999998	1
36	0.9887999999999999	1
36	1.1119999999999999	1
36	1.1712	1
36	1.2328000000000001	1
37	2.3188000000000013	0.99999768120268839
37	2.3756000000000017	0.99999768120268839
37	2.3864000000000014	0.99999999999715483
37	2.4540000000000015	1
37	2.5216000000000012	1
37	2.5640000000000018	1
37	2.5892000000000013	1
37	2.6568000000000014	1
37	2.7244000000000015	1
38	0.84359999999999991	0.99999915640035586
38	0.90519999999999989	0.99999999999959222
38	0.96679999999999988	1
38	1.0284	1
38	1.1516	1
38	1.2108000000000001	1
38	1.2724000000000002	1
39	1.8416000000000006	0.99999815840169581
39	1.9092000000000007	0.99999999999817979
39	1.9768000000000006	1
39	2.0588000000000011	1
39	2.1796000000000006	1
39	2.2048000000000005	1
39	2.2472000000000008	1
39	2.2724000000000006	1
39	2.3400000000000007	1
39	2.4076000000000009	1
40	0.88319999999999976	0.99999911680039011
40	0.94479999999999975	0.99999999999955569
40	1.0063999999999997	1
40	1.1888000000000001	1
40	1.1911999999999998	1
40	1.2504	1
40	1.3120000000000001	1
43	2.3584000000000014	0.99999764160278115
43	2.4152000000000018	0.99999764160278115
43	2.4260000000000015	0.99999999999705969
43	2.4936000000000016	1
43	2.5612000000000013	1
43	2.6288000000000014	1
43	2.6964000000000015	1
43	2.7640000000000016	1
44	3.2864000000000031	8.1151147711214807e-40
44	3.3504000000000027	0.99999664960561274
44	3.4180000000000028	0.99999999999416112
44	3.4856000000000029	1
44	3.5532000000000026	1
44	3.6208000000000027	1
44	3.6352000000000033	1
44	3.6884000000000028	1
44	3.7560000000000029	1
45	0.92679999999999985	0.99999907320042947
45	0.99439999999999984	0.99999999999950784
45	1.1828000000000001	1
45	1.2504000000000002	1
45	1.2647999999999999	1
45	1.3180000000000001	1
45	1.3856000000000002	1
47	0.9663999999999997	0.99999903360046705
47	1.0339999999999998	0.99999999999946776
47	1.2223999999999999	1
47	1.29	1
47	1.3043999999999998	1
47	1.3575999999999999	1
47	1.4252	1
48	1.0059999999999998	0.99999899400050607
48	1.1944000000000001	0.99999999999930456
48	1.262	1
48	1.3296000000000001	1
48	1.3439999999999999	1
48	1.3972	1
48	1.4648000000000001	1
49	0.1268	0.99999987320000805
49	0.18640000000000001	0.99999999999998446
49	0.246	1
49	0.30559999999999998	1
49	0.36519999999999997	1
49	0.42479999999999996	1
50	0.28720000000000001	0.9999997128000413
50	0.3488	0.99999999999994116
50	0.41039999999999999	1
50	0.47200000000000003	1
50	0.53360000000000007	1
50	0.59519999999999995	1
53	1.1663999999999997	0.99999883360068043
53	1.2339999999999998	0.99999999999924105
53	1.3015999999999996	1
53	1.3691999999999998	1
53	1.3835999999999999	1
53	1.4367999999999996	1
53	1.5043999999999997	1
54	2.714800000000003	0.99999728520368514
54	2.7716000000000025	0.99999728520368514
54	2.7824000000000031	0.99999999999613154
54	2.8500000000000032	1
54	2.9176000000000029	1
54	2.985200000000003	1
54	3.0528000000000031	1
54	3.1204000000000032	1
54	3.1736000000000022	1
54	3.2412000000000023	1
55	0.32679999999999998	0.99999967320005345
55	0.38839999999999997	0.9999999999999265
55	0.44999999999999996	1
55	0.51160000000000005	1
55	0.57319999999999993	1
55	0.63480000000000003	1
56	1.8812000000000006	0.99999811880176948
56	1.9488000000000008	0.99999999999810341
56	2.0164000000000009	1
56	2.0984000000000012	1
56	2.2192000000000007	1
56	2.2444000000000006	1
56	2.2868000000000008	1
56	2.3120000000000007	1
56	2.3796000000000008	1
56	2.4472000000000009	1
57	2.7544000000000031	0.99999724560379344
57	2.8112000000000026	0.99999724560379344
57	2.8220000000000032	0.99999999999602052
57	2.8896000000000033	1
57	2.9572000000000029	1
57	3.024800000000003	1
57	3.0924000000000031	1
57	3.1600000000000033	1
57	3.2132000000000023	1
57	3.2808000000000024	1
58	3.3260000000000032	8.1151147711214807e-40
58	3.3900000000000028	0.99999661000574613
58	3.4576000000000029	0.99999999999402489
58	3.525200000000003	1
58	3.5928000000000027	1
58	3.6604000000000028	1
58	3.6748000000000034	1
58	3.7280000000000029	1
58	3.795600000000003	1
59	1.2059999999999997	0.99999879400072733
59	1.2735999999999998	0.99999999999919142
59	1.3411999999999997	1
59	1.4087999999999998	1
59	1.4231999999999998	1
59	1.4763999999999997	1
59	1.5439999999999998	1
60	2.7940000000000031	0.99999720600390318
60	2.8508000000000027	0.99999720600390318
60	2.8616000000000033	0.99999999999590783
60	2.9292000000000034	0.99999999999999989
60	2.996800000000003	0.99999999999999989
60	3.1320000000000032	0.99999999999999989
60	3.1852000000000023	0.99999999999999989
60	3.1996000000000033	0.99999999999999989
60	3.2528000000000024	0.99999999999999989
60	3.3204000000000025	0.99999999999999989
60	100.0676	1
61	1.9208000000000007	0.9999980792018448
61	1.9884000000000008	0.99999999999802547
61	2.1380000000000012	0.99999999999802547
61	2.216400000000001	1
61	2.2588000000000008	1
61	2.2840000000000007	1
61	2.3264000000000009	1
61	2.3516000000000008	1
61	2.4192000000000009	1
61	2.486800000000001	1
62	3.3260000000000032	8.1151147711214807e-40
62	3.3900000000000028	0.99999661000574613
62	3.4576000000000029	0.99999999999402489
62	3.525200000000003	1
62	3.5928000000000027	1
62	3.6604000000000028	1
62	3.6748000000000034	1
62	3.7280000000000029	1
62	3.795600000000003	1
63	1.9604000000000008	0.99999803960192168
63	2.0280000000000009	0.99999999999794598
63	2.1776000000000013	0.99999999999794598
63	2.2560000000000011	1
63	2.2984000000000009	1
63	2.3236000000000008	1
63	2.366000000000001	1
63	2.3912000000000009	1
63	2.458800000000001	1
63	2.5264000000000011	1
64	0.20799999999999999	0.99999979200002165
64	0.26960000000000001	0.99999999999996558
64	0.33119999999999999	1
64	0.39280000000000004	1
64	0.45440000000000003	1
64	0.51600000000000001	1
65	1.2455999999999996	0.99999875440077579
65	1.3131999999999997	0.99999999999914002
65	1.3807999999999996	1
65	1.4483999999999997	1
65	1.4627999999999999	1
65	1.5159999999999996	1
65	1.5835999999999997	1
66	2.8336000000000023	0.9999971664040147
66	2.8904000000000023	0.9999971664040147
66	2.9012000000000024	0.99999999999579392
66	2.9688000000000025	1
66	3.0364000000000022	1
66	3.1716000000000024	1
66	3.2248000000000019	1
66	3.2392000000000025	1
66	3.292400000000002	1
66	3.3600000000000021	1
67	0.16839999999999999	0.99999983160001427
67	0.22999999999999998	0.99999999999997558
67	0.29159999999999997	1
67	0.35320000000000001	1
67	0.4148	1
67	0.47639999999999999	1
68	2.8732000000000024	0.99999712680412767
68	2.9300000000000024	0.99999712680412767
68	2.9408000000000025	0.99999999999567812
68	3.0084000000000026	1
68	3.1968000000000019	1
68	3.2112000000000025	1
68	3.264400000000002	1
68	3.2788000000000026	1
68	3.3320000000000021	1
68	3.3996000000000022	1
69	2.9128000000000025	0.9999970872042423
69	2.9696000000000025	0.9999970872042423
69	2.9804000000000026	0.999999999995561
69	3.1688000000000023	1
69	3.2364000000000019	1
69	3.2508000000000026	1
69	3.304000000000002	1
69	3.3184000000000027	1
69	3.3716000000000022	1
69	3.4392000000000023	1
71	2.9524000000000026	0.99999704760435848
71	3.0092000000000025	0.99999704760435848
71	3.0200000000000027	0.9999999999954422
71	3.2084000000000024	1
71	3.276000000000002	1
71	3.2904000000000027	1
71	3.3436000000000021	1
71	3.3580000000000028	1
71	3.4112000000000022	1
71	3.4788000000000023	1
72	2.9920000000000027	0.99999700800447611
72	3.0488000000000026	0.99999700800447611
72	3.1804000000000023	0.99999999999496036
72	3.2480000000000024	1
72	3.3156000000000021	1
72	3.3300000000000027	1
72	3.3832000000000022	1
72	3.3976000000000028	1
72	3.4508000000000023	1
72	3.5184000000000024	1
74	1.2851999999999997	0.99999871480082592
74	1.3527999999999998	0.99999999999908729
74	1.4203999999999997	1
74	1.4879999999999998	1
74	1.5024	1
74	1.5555999999999996	1
74	1.6231999999999998	1
75	2.3980000000000015	0.99999760200287524
75	2.4548000000000019	0.99999760200287524
75	2.4656000000000016	0.99999999999696276
75	2.5332000000000017	1
75	2.6008000000000013	1
75	2.6684000000000014	1
75	2.7360000000000015	1
75	2.8036000000000016	1
76	0.3664	0.99999963360006727
76	0.42799999999999999	0.99999999999991041
76	0.48960000000000004	1
76	0.55120000000000002	1
76	0.61280000000000001	1
76	0.6744	1
77	1.3247999999999995	0.9999986752008776
77	1.3923999999999996	0.999999999999033
77	1.4599999999999995	1
77	1.5275999999999996	1
77	1.542	1
77	1.5951999999999995	1
77	1.6627999999999996	1
78	3.0316000000000027	0.9999969684045954
78	3.0884000000000027	0.9999969684045954
78	3.2200000000000024	0.99999999999483369
78	3.2876000000000025	1
78	3.3552000000000022	1
78	3.3696000000000028	1
78	3.4228000000000023	1
78	3.4372000000000029	1
78	3.4904000000000024	1
78	3.5580000000000025	1
79	1.3663999999999994	0.99999863360093355
79	1.4339999999999995	0.99999999999897415
79	1.5015999999999994	1
79	1.5691999999999995	1
79	1.5835999999999999	1
79	1.6367999999999994	1
79	1.7043999999999995	1
80	3.1280000000000028	8.1151147711214807e-40
80	3.1920000000000024	0.99999680800509461
80	3.2596000000000025	0.99999999999469003
80	3.3272000000000026	1
80	3.3948000000000023	1
80	3.4092000000000029	1
80	3.4624000000000024	1
80	3.476800000000003	1
80	3.5300000000000025	1
80	3.5976000000000026	1
81	2.0000000000000009	0.99999800000200012
81	2.2172000000000014	0.99999800000200012
81	2.2280000000000011	0.99999999999754408
81	2.2956000000000012	1
81	2.338000000000001	1
81	2.3632000000000009	1
81	2.4056000000000011	1
81	2.430800000000001	1
81	2.4984000000000011	1
81	2.5660000000000012	1
83	1.4059999999999997	0.99999859400098845
83	1.4735999999999998	0.99999999999891653
83	1.5411999999999997	1
83	1.6087999999999998	1
83	1.6232000000000002	1
83	1.6763999999999997	1
83	1.7439999999999998	1
84	1.4455999999999998	0.9999985544010449
84	1.5131999999999999	0.99999999999885747
84	1.5807999999999998	1
84	1.6483999999999999	1
84	1.6628000000000003	1
84	1.7159999999999997	1
84	1.7835999999999999	1
86	2.2000000000000011	0.99999780000242
86	2.2568000000000015	0.99999780000242
86	2.2676000000000012	0.99999999999743128
86	2.3352000000000013	1
86	2.377600000000001	1
86	2.4028000000000009	1
86	2.4452000000000012	1
86	2.470400000000001	1
86	2.5380000000000011	1
86	2.6056000000000012	1
87	1.4851999999999999	0.99999851480110313
87	1.5528	0.99999999999879696
87	1.6203999999999998	1
87	1.6879999999999999	1
87	1.7024000000000004	1
87	1.7555999999999998	1
87	1.8231999999999999	1
89	1.5247999999999999	0.9999984752011627
89	1.5924	0.99999999999873457
89	1.6599999999999999	1
89	1.7276	1
89	1.7420000000000004	1
89	1.7951999999999999	1
89	1.8628	1
90	1.5644	0.99999843560122381
90	1.6320000000000001	0.99999999999867073
90	1.6996	1
90	1.7672000000000001	1
90	1.7816000000000005	1
90	1.8348	1
90	1.9024000000000001	1
91	2.2396000000000011	0.99999776040250787
91	2.2964000000000016	0.99999776040250787
91	2.3072000000000012	0.99999999999734068
91	2.3748000000000014	1
91	2.4172000000000016	1
91	2.442400000000001	1
91	2.4848000000000017	1
91	2.5100000000000011	1
91	2.5776000000000012	1
91	2.6452000000000013	1
92	2.2792000000000012	0.99999772080259741
92	2.3360000000000016	0.99999772080259741
92	2.3468000000000013	0.99999999999724865
92	2.4144000000000014	1
92	2.4820000000000011	1
92	2.5244000000000018	1
92	2.5496000000000012	1
92	2.6172000000000013	1
92	2.6848000000000014	1

[frame_distribution_quantiles]
frame_id	retry_q50	retry_q90	retry_q95	retry_q99	wcrt_q50_ms	wcrt_q90_ms	wcrt_q95_ms	wcrt_q99_ms
0	0	0	0	0	1.6040000000000001	1.6040000000000001	1.6040000000000001	1.6040000000000001
1	0	0	0	0	2.4376000000000015	2.4376000000000015	2.4376000000000015	2.4376000000000015
2	0	0	0	0	3.2316000000000025	3.2316000000000025	3.2316000000000025	3.2316000000000025
4	0	0	0	0	0.40600000000000003	0.40600000000000003	0.40600000000000003	0.40600000000000003
6	0	0	0	0	2.4772000000000016	2.4772000000000016	2.4772000000000016	2.4772000000000016
7	0	0	0	0	0.44560000000000005	0.44560000000000005	0.44560000000000005	0.44560000000000005
9	0	0	0	0	2.5168000000000026	2.5168000000000026	2.5168000000000026	2.5168000000000026
10	0	0	0	0	0.48720000000000002	0.48720000000000002	0.48720000000000002	0.48720000000000002
11	0	0	0	0	3.2712000000000026	3.2712000000000026	3.2712000000000026	3.2712000000000026
12	0	0	0	0	1.6436000000000002	1.6436000000000002	1.6436000000000002	1.6436000000000002
13	0	0	0	0	0.0872	0.0872	0.0872	0.0872
14	0	0	0	0	3.3108000000000026	3.3108000000000026	3.3108000000000026	3.3108000000000026
15	0	0	0	0	0.24759999999999999	0.24759999999999999	0.24759999999999999	0.24759999999999999
16	0	0	0	0	2.5564000000000018	2.5564000000000018	2.5564000000000018	2.5564000000000018
18	0	0	0	0	0.52680000000000016	0.52680000000000016	0.52680000000000016	0.52680000000000016
19	0	0	0	0	1.6832000000000003	1.6832000000000003	1.6832000000000003	1.6832000000000003
20	0	0	0	0	0.56640000000000001	0.56640000000000001	0.56640000000000001	0.56640000000000001
21	0	0	0	0	0.60600000000000009	0.60600000000000009	0.60600000000000009	0.60600000000000009
22	0	0	0	0	1.7228000000000003	1.7228000000000003	1.7228000000000003	1.7228000000000003
23	0	0	0	0	0.64559999999999995	0.64559999999999995	0.64559999999999995	0.64559999999999995
24	0	0	0	0	2.5960000000000027	2.5960000000000027	2.5960000000000027	2.5960000000000027
25	0	0	0	0	1.7624000000000004	1.7624000000000004	1.7624000000000004	1.7624000000000004
28	0	0	0	0	1.8020000000000005	1.8020000000000005	1.8020000000000005	1.8020000000000005
29	0	0	0	0	2.6356000000000028	2.6356000000000028	2.6356000000000028	2.6356000000000028
30	0	0	0	0	0.68520000000000003	0.68520000000000003	0.68520000000000003	0.68520000000000003
32	0	0	0	0	2.6752000000000029	2.6752000000000029	2.6752000000000029	2.6752000000000029
33	0	0	0	0	0.72480000000000011	0.72480000000000011	0.72480000000000011	0.72480000000000011
34	0	0	0	0	0.76439999999999997	0.76439999999999997	0.76439999999999997	0.76439999999999997
36	0	0	0	0	0.80399999999999983	0.80399999999999983	0.80399999999999983	0.80399999999999983
37	0	0	0	0	2.3188000000000013	2.3188000000000013	2.3188000000000013	2.3188000000000013
38	0	0	0	0	0.84359999999999991	0.84359999999999991	0.84359999999999991	0.84359999999999991
39	0	0	0	0	1.8416000000000006	1.8416000000000006	1.8416000000000006	1.8416000000000006
40	0	0	0	0	0.88319999999999976	0.88319999999999976	0.88319999999999976	0.88319999999999976
43	0	0	0	0	2.3584000000000014	2.3584000000000014	2.3584000000000014	2.3584000000000014
44	0	0	0	0	3.3504000000000027	3.3504000000000027	3.3504000000000027	3.3504000000000027
45	0	0	0	0	0.92679999999999985	0.92679999999999985	0.92679999999999985	0.92679999999999985
47	0	0	0	0	0.9663999999999997	0.9663999999999997	0.9663999999999997	0.9663999999999997
48	0	0	0	0	1.0059999999999998	1.0059999999999998	1.0059999999999998	1.0059999999999998
49	0	0	0	0	0.1268	0.1268	0.1268	0.1268
50	0	0	0	0	0.28720000000000001	0.28720000000000001	0.28720000000000001	0.28720000000000001
53	0	0	0	0	1.1663999999999997	1.1663999999999997	1.1663999999999997	1.1663999999999997
54	0	0	0	0	2.714800000000003	2.714800000000003	2.714800000000003	2.714800000000003
55	0	0	0	0	0.32679999999999998	0.32679999999999998	0.32679999999999998	0.32679999999999998
56	0	0	0	0	1.8812000000000006	1.8812000000000006	1.8812000000000006	1.8812000000000006
57	0	0	0	0	2.7544000000000031	2.7544000000000031	2.7544000000000031	2.7544000000000031
58	0	0	0	0	3.3900000000000028	3.3900000000000028	3.3900000000000028	3.3900000000000028
59	0	0	0	0	1.2059999999999997	1.2059999999999997	1.2059999999999997	1.2059999999999997
60	0	0	0	0	2.7940000000000031	2.7940000000000031	2.7940000000000031	2.7940000000000031
61	0	0	0	0	1.9208000000000007	1.9208000000000007	1.9208000000000007	1.9208000000000007
62	0	0	0	0	3.3900000000000028	3.3900000000000028	3.3900000000000028	3.3900000000000028
63	0	0	0	0	1.9604000000000008	1.9604000000000008	1.9604000000000008	1.9604000000000008
64	0	0	0	0	0.20799999999999999	0.20799999999999999	0.20799999999999999	0.20799999999999999
65	0	0	0	0	1.2455999999999996	1.2455999999999996	1.2455999999999996	1.2455999999999996
66	0	0	0	0	2.8336000000000023	2.8336000000000023	2.8336000000000023	2.8336000000000023
67	0	0	0	0	0.16839999999999999	0.16839999999999999	0.16839999999999999	0.16839999999999999
68	0	0	0	0	2.8732000000000024	2.8732000000000024	2.8732000000000024	2.8732000000000024
69	0	0	0	0	2.9128000000000025	2.9128000000000025	2.9128000000000025	2.9128000000000025
71	0	0	0	0	2.9524000000000026	2.9524000000000026	2.9524000000000026	2.9524000000000026
72	0	0	0	0	2.9920000000000027	2.9920000000000027	2.9920000000000027	2.9920000000000027
74	0	0	0	0	1.2851999999999997	1.2851999999999997	1.2851999999999997	1.2851999999999997
75	0	0	0	0	2.3980000000000015	2.3980000000000015	2.3980000000000015	2.3980000000000015
76	0	0	0	0	0.3664	0.3664	0.3664	0.3664
77	0	0	0	0	1.3247999999999995	1.3247999999999995	1.3247999999999995	1.3247999999999995
78	0	0	0	0	3.0316000000000027	3.0316000000000027	3.0316000000000027	3.0316000000000027
79	0	0	0	0	1.3663999999999994	1.3663999999999994	1.3663999999999994	1.3663999999999994
80	0	0	0	0	3.1920000000000024	3.1920000000000024	3.1920000000000024	3.1920000000000024
81	0	0	0	0	2.0000000000000009	2.0000000000000009	2.0000000000000009	2.0000000000000009
83	0	0	0	0	1.4059999999999997	1.4059999999999997	1.4059999999999997	1.4059999999999997
84	0	0	0	0	1.4455999999999998	1.4455999999999998	1.4455999999999998	1.4455999999999998
86	0	0	0	0	2.2000000000000011	2.2000000000000011	2.2000000000000011	2.2000000000000011
87	0	0	0	0	1.4851999999999999	1.4851999999999999	1.4851999999999999	1.4851999999999999
89	0	0	0	0	1.5247999999999999	1.5247999999999999	1.5247999999999999	1.5247999999999999
90	0	0	0	0	1.5644	1.5644	1.5644	1.5644
91	0	0	0	0	2.2396000000000011	2.2396000000000011	2.2396000000000011	2.2396000000000011
92	0	0	0	0	2.2792000000000012	2.2792000000000012	2.2792000000000012	2.2792000000000012

[signal_summary]
code	frame_id	period_ms	level	type	p_timeout	expected_wcrt_ms	wcrt_p95_ms	expected_retry_count	p_threshold
17955730244949748	39	20	0	0	0	1.8416001244921691	1.8416000000000006	1.8416001244921684e-06	1
18032086498314595	25	20	0	0	0	1.7624001191382486	1.7624000000000004	1.762400119138251e-06	1
334141988927969599	80	100	0	0	0	3.1920002157792178	3.1920000000000024	3.1920002157792167e-06	1
345620896867479999	22	20	0	0	0	1.7228001164612883	1.7228000000000003	1.722800116461288e-06	1
410434678380483716	67	2	1	0	0	0.16840001037344066	0.16839999999999999	1.6840001037344064e-07	5.5555555555555549e-14
581626653651492990	33	10	0	0	0	0.72480004464768277	0.72480000000000011	7.2480004464768319e-07	1
778137420993296540	61	20	0	0	0	1.9208001298464064	1.9208000000000007	1.9208001298464081e-06	1
1008847021347942785	79	10	0	0	0	1.3664000923686457	1.3663999999999994	1.3664000923686445e-06	1
1558642637869074202	68	100	0	0	0	2.8732001942283358	2.8732000000000024	2.8732001942283367e-06	1
1561833424602675937	36	10	0	0	0	0.80400004952640303	0.80399999999999983	8.0400004952640283e-07	1
1649296824850779236	90	10	0	0	0	1.5644001057534476	1.5644	1.5644001057534467e-06	1
1872216681173631394	86	20	0	0	0	2.2000001487200107	2.2000000000000011	2.2000001487200104e-06	1
1901016236514135837	69	100	0	0	0	2.9128001969058319	2.9128000000000025	2.9128001969058329e-06	1
2065318991264168472	21	10	0	0	0	0.60600003732960239	0.60600000000000009	6.0600003732960236e-07	1
2124862527598610949	13	1	0	0	0	0.087200005197120331	0.0872	8.7200005197120374e-08	1
2372550769312235557	55	5	0	0	0	0.32680002013088122	0.32679999999999998	3.2680002013088126e-07	1
2526240938617950941	38	20	0	0	0	0.84360005196576304	0.84359999999999991	8.436000519657618e-07	1
2612958000981360101	45	10	0	0	0	0.92680006265174353	0.92679999999999985	9.2680006265174355e-07	1
2702177865569812985	29	100	0	0	0	2.6356001781665754	2.6356000000000028	2.6356001781665777e-06	1
2970244955268127272	0	20	0	0	0	1.6040001084304074	1.6040000000000001	1.6040001084304073e-06	1
3125686701080670832	9	100	0	0	0	2.5168001701356943	2.5168000000000026	2.5168001701356923e-06	1
3169643889725637411	67	1	1	0	0	0.16840001037344066	0.16839999999999999	1.6840001037344064e-07	2.7777777777777774e-14
3280028454213300853	79	10	1	0	0	1.3664000923686457	1.3663999999999994	1.3664000923686445e-06	2.7777777777777779e-13
3297926900970204388	67	2	2	0	0	0.16840001037344066	0.16839999999999999	1.6840001037344064e-07	5.5555555555555549e-14
3513869152490061861	53	10	0	0	0	1.1664000788486453	1.1663999999999997	1.1664000788486455e-06	1
3987903040196107067	38	20	2	0	0	0.84360005196576304	0.84359999999999991	8.436000519657618e-07	5.5555555555555559e-13
4240839327389540558	67	1	0	0	0	0.16840001037344066	0.16839999999999999	1.6840001037344064e-07	1
4443516770024795235	48	10	0	0	0	1.0060001895303514	1.0059999999999998	1.006000189530351e-06	1
4771477198736105969	83	10	0	0	0	1.4060000950456062	1.4059999999999997	1.4060000950456062e-06	1
4948967715281827348	19	20	0	0	0	1.683200113784328	1.6832000000000003	1.6832001137843277e-06	1
5278807081697286233	78	100	0	0	0	3.0316005711529264	3.0316000000000027	3.0316005711529254e-06	1
5408429875773654249	53	10	0	0	0	1.1664000788486453	1.1663999999999997	1.1664000788486455e-06	1
5571635673032814542	61	20	0	0	0	1.9208001298464064	1.9208000000000007	1.9208001298464081e-06	1
6061183619145806455	25	20	2	0	0	1.7624001191382486	1.7624000000000004	1.762400119138251e-06	5.5555555555555559e-13
6089152375421251936	87	10	0	0	0	1.485200100399527	1.4851999999999999	1.4852001003995282e-06	1
6187997990976025369	19	20	0	0	0	1.683200113784328	1.6832000000000003	1.6832001137843277e-06	1
6197802326152002234	63	20	3	0	0	1.9604001325233795	1.9604000000000008	1.9604001325233786e-06	5.5555555555555561e-14
6247129314793929137	91	20	0	0	0	2.2396001513969712	2.2396000000000011	2.2396001513969712e-06	1
6251708683700241457	24	100	1	0	0	2.5960001754896149	2.5960000000000027	2.5960001754896161e-06	2.7777777777777777e-12
6431393802017272347	61	20	0	0	0	1.9208001298464064	1.9208000000000007	1.9208001298464081e-06	1
6455093658028039851	45	20	1	0	0	0.92680006265174353	0.92679999999999985	9.2680006265174355e-07	5.5555555555555559e-13
6577620346318138351	59	10	0	0	0	1.2060000815256053	1.2059999999999997	1.2060000815256059e-06	1
6621679706331637541	28	20	0	0	0	1.8020001218152091	1.8020000000000005	1.8020001218152063e-06	1
6667401336595645715	62	1000	0	0	0	3.3900002291640186	3.3900000000000028	3.3900002291640161e-06	1
7037856685362349874	71	100	0	0	0	2.9524001995828071	2.9524000000000026	2.9524001995828085e-06	1
7644044935571884311	20	10	2	0	0	0.56640003489024215	0.56640000000000001	5.6640003489024233e-07	2.7777777777777779e-13
8100821259542923778	40	10	0	0	0	0.88320005440512328	0.88319999999999976	8.832000544051231e-07	1
8114295522047418434	56	20	0	0	0	1.8812001271691292	1.8812000000000006	1.8812001271691294e-06	1
8233978692487381321	30	20	0	0	0	0.68520004220832276	0.68520000000000003	6.8520004220832263e-07	1
8242754597900157864	81	20	0	0	0	2.0000004559997113	2.0000000000000009	2.0000004559997115e-06	1
8309370016263612809	47	10	1	0	0	0.96640006532870848	0.9663999999999997	9.6640006532870818e-07	2.7777777777777779e-13
8377009452679622040	54	100	0	0	0	2.7148001835204956	2.714800000000003	2.7148001835204985e-06	1
8722802364113954791	89	10	0	0	0	1.5248001030764873	1.5247999999999999	1.5248001030764873e-06	1
8740087802530442608	75	100	3	0	0	2.3980001621048128	2.3980000000000015	2.3980001621048145e-06	2.7777777777777779e-13
8757170117531295665	23	10	0	0	0	0.64560003976896252	0.64559999999999995	6.4560003976896207e-07	1
9116671684658714350	1	100	0	0	0	2.4376001647817729	2.4376000000000015	2.4376001647817736e-06	1
9339436778589604212	32	100	0	0	0	2.6752001808435355	2.6752000000000029	2.6752001808435381e-06	1
9626104515636449040	84	10	0	0	0	1.4456000977225665	1.4455999999999998	1.4456000977225659e-06	1
9682915857607897099	81	20	1	0	0	2.0000004559997113	2.0000000000000009	2.0000004559997115e-06	5.5555555555555559e-13
9853793704601877373	84	20	0	0	0	1.4456000977225665	1.4455999999999998	1.4456000977225659e-06	1
9941644901382640925	16	100	0	0	0	2.5564001728126535	2.5564000000000018	2.5564001728126527e-06	1
10070581660668699368	54	100	0	0	0	2.7148001835204956	2.714800000000003	2.7148001835204985e-06	1
10129311199826310570	15	10	0	0	0	0.24760001525216094	0.24759999999999999	2.476000152521612e-07	1
10338726904305594080	58	1000	0	0	0	3.3900002291640186	3.3900000000000028	3.3900002291640161e-06	1
10649355255664005477	72	100	0	0	0	2.9920005636923004	2.9920000000000027	2.9920005636922994e-06	1
10654594345805812150	38	10	2	0	0	0.84360005196576304	0.84359999999999991	8.436000519657618e-07	2.7777777777777779e-13
10786699124929549395	36	10	1	0	0	0.80400004952640303	0.80399999999999983	8.0400004952640283e-07	2.7777777777777779e-13
10907297666777780866	15	5	0	0	0	0.24760001525216094	0.24759999999999999	2.476000152521612e-07	1
10911160134661111094	4	20	0	0	0	0.40600002500960164	0.40600000000000003	4.0600002500960132e-07	1
11070990441878259254	68	100	0	0	0	2.8732001942283358	2.8732000000000024	2.8732001942283367e-06	1
11326963337238233673	67	1	0	0	0	0.16840001037344066	0.16839999999999999	1.6840001037344064e-07	1
11351781987455957197	37	50	2	0	0	2.3188001567508918	2.3188000000000013	2.3188001567508908e-06	1.3888888888888889e-12
11477745995199336086	32	100	3	0	0	2.6752001808435355	2.6752000000000029	2.6752001808435381e-06	2.7777777777777779e-13
11553136335412889033	79	20	2	0	0	1.3664000923686457	1.3663999999999994	1.3664000923686445e-06	5.5555555555555559e-13
11581326525136635314	74	10	3	0	0	1.2852000868795255	1.2851999999999997	1.2852000868795242e-06	2.7777777777777781e-14
11590226185831993254	87	20	0	0	0	1.485200100399527	1.4851999999999999	1.4852001003995282e-06	1
11750718127095930454	13	2	0	0	0	0.087200005197120331	0.0872	8.7200005197120374e-08	1
12133491063149941872	7	10	0	0	0	0.44560002744896182	0.44560000000000005	4.4560002744896173e-07	1
12215781544098313859	48	10	2	0	0	1.0060001895303514	1.0059999999999998	1.006000189530351e-06	2.7777777777777779e-13
12277442256634645361	33	20	0	0	0	0.72480004464768277	0.72480000000000011	7.2480004464768319e-07	1
12362115103286495955	2	1000	0	0	0	3.2316002184561778	3.2316000000000025	3.2316002184561796e-06	1
12407705360901912224	7	10	0	0	0	0.44560002744896182	0.44560000000000005	4.4560002744896173e-07	1
12573050188305273390	64	2	0	0	0	0.20800001281280078	0.20799999999999999	2.080000128128008e-07	1
12690163949406199720	65	10	0	0	0	1.2456000842025654	1.2455999999999996	1.2456000842025669e-06	1
12997315496713917879	10	10	0	0	0	0.48720003001152185	0.48720000000000002	4.8720003001152227e-07	1
13185990231617430441	60	100	0	0	1.1102230246251565e-16	2.7940001888744268	2.7940000000000031	2.7940001896515712e-06	1
13228377803358780185	6	100	0	0	0	2.4772001674587329	2.4772000000000016	2.4772001674587319e-06	1
13260097499538784844	57	100	0	0	0	2.7544001861974556	2.7544000000000031	2.7544001861974551e-06	1
13324153796655718435	43	50	0	0	0	2.3584001594278523	2.3584000000000014	2.358400159427852e-06	1
13344014652502979938	66	100	1	0	0	2.8336001915513753	2.8336000000000023	2.8336001915513742e-06	2.7777777777777777e-12
13401977071185828257	7	10	0	0	0	0.44560002744896182	0.44560000000000005	4.4560002744896173e-07	1
13768534695778367526	10	20	0	0	0	0.48720003001152185	0.48720000000000002	4.8720003001152227e-07	1
13784447639869957178	78	100	0	0	0	3.0316005711529264	3.0316000000000027	3.0316005711529254e-06	1
13847061340740910949	30	10	0	0	0	0.68520004220832276	0.68520000000000003	6.8520004220832263e-07	1
13988512168928661969	32	100	0	0	0	2.6752001808435355	2.6752000000000029	2.6752001808435381e-06	1
14096244761466812888	49	1	3	0	0	0.12680000755728044	0.1268	1.2680000755728044e-07	2.7777777777777776e-15
14104428456596391866	77	10	0	0	0	1.3248000895564858	1.3247999999999995	1.3248000895564852e-06	1
14122285503651681001	30	20	0	1	0	0.68520004220832276	0.68520000000000003	6.8520004220832263e-07	1
14311716834193475318	33	20	0	0	0	0.72480004464768277	0.72480000000000011	7.2480004464768319e-07	1
14559535748950107886	44	1000	0	0	0	3.3504002264870585	3.3504000000000027	3.3504002264870582e-06	1
15011615831585902645	18	10	2	0	0	0.52680003245088214	0.52680000000000016	5.268000324508823e-07	2.7777777777777779e-13
15230384541856025337	4	10	0	0	0	0.40600002500960164	0.40600000000000003	4.0600002500960132e-07	1
15259257297206599640	14	1000	2	0	1.1102230246251565e-16	3.3108002238102086	3.3108000000000026	3.3108002245872548e-06	2.7777777777777777e-11
15270828380413832747	23	20	0	0	0	0.64560003976896252	0.64559999999999995	6.4560003976896207e-07	1
15603689872899991943	92	20	0	0	0	2.2792001540739317	2.2792000000000012	2.2792001540739333e-06	1
15655903323197328775	21	20	1	0	0	0.60600003732960239	0.60600000000000009	6.0600003732960236e-07	5.5555555555555559e-13
15674423418916427033	12	20	1	0	0	1.6436001111073679	1.6436000000000002	1.6436001111073679e-06	5.5555555555555559e-13
15863325885710030449	84	10	0	0	0	1.4456000977225665	1.4455999999999998	1.4456000977225659e-06	1
15874390201806725054	34	10	2	0	0	0.76440004708704301	0.76439999999999997	7.6440004708704333e-07	2.7777777777777779e-13
16351135499569809209	18	20	2	0	0	0.52680003245088214	0.52680000000000016	5.268000324508823e-07	5.5555555555555559e-13
16387352989314213335	50	5	0	0	0	0.28720001769152109	0.28720000000000001	2.8720001769152155e-07	1
16413753871897215829	43	100	0	0	0	2.3584001594278523	2.3584000000000014	2.358400159427852e-06	1
17097614224464997046	92	20	0	0	0	2.2792001540739317	2.2792000000000012	2.2792001540739333e-06	1
17224894806042209629	7	20	0	0	0	0.44560002744896182	0.44560000000000005	4.4560002744896173e-07	1
17478674748563524209	77	20	0	0	0	1.3248000895564858	1.3247999999999995	1.3248000895564852e-06	1
17787737375112798133	11	1000	3	0	0	3.2712002211331375	3.2712000000000026	3.2712002211331396e-06	2.7777777777777777e-12
17863816038646798588	10	10	0	0	0	0.48720003001152185	0.48720000000000002	4.8720003001152227e-07	1
18081000699796914372	75	50	0	0	0	2.3980001621048128	2.3980000000000015	2.3980001621048145e-06	1
18110193916158194541	89	10	0	0	0	1.5248001030764873	1.5247999999999999	1.5248001030764873e-06	1
18181284649578588760	76	5	1	0	0	0.36640002257024146	0.3664	3.6640002257024098e-07	1.388888888888889e-13
