base_bandwidth_utilization	0.31845760000000006
expected_bandwidth_utilization	0.31845781487732705

rounded_expected_bandwidth_utilization	0.63691519999999957

bandwidth_utilization_p99	0.31845759999999979

[frame_summary]
frame_id	priority	period_ms	deadline_ms	trans_time_ms	expected_retry_count	expected_tx_count	rounded_expected_retry_count	rounded_expected_tx_count	retry_p99	tx_count_p99	expected_wcrt_ms	p_timeout	wcrt_p95_ms
0	8	10	10	0.039600000000000003	4.1000002525600134e-07	1.0000004100000253	1	2	0	1	0.41000002525600165	0	0.41000000000000003
1	9	10	10	0.039600000000000003	4.4960002769536142e-07	1.0000004496000277	1	2	0	1	0.44960002769536173	0	0.4496
2	52	100	100	0.039600000000000003	2.4336001693785733e-06	1.0000024336001694	1	2	0	1	2.433600169378574	0	2.433600000000002
3	10	10	10	0.039600000000000003	4.8920003080085559e-07	1.0000004892000307	1	2	0	1	0.48920003013472302	1.1102230246251565e-16	0.48920000000000008
4	53	100	100	0.039600000000000003	2.4732001721347342e-06	1.0000024732001722	1	2	0	1	2.4732001721347343	0	2.4732000000000021
5	11	10	10	0.039600000000000003	5.2880003257408265e-07	1.0000005288000327	1	2	0	1	0.52880003257408192	0	0.52880000000000005
6	35	20	20	0.039600000000000003	1.6000001120261413e-06	1.000001600000112	1	2	0	1	1.60000011136001	1.1102230246251565e-16	1.6000000000000001
8	54	100	100	0.039600000000000003	2.5128001748908931e-06	1.0000025128001748	1	2	0	1	2.5128001748908946	0	2.5128000000000021
9	36	20	20	0.039600000000000003	1.639600114116169e-06	1.0000016396001141	1	2	0	1	1.6396001141161682	0	1.6395999999999999
10	49	50	50	0.039600000000000003	2.314800161110093e-06	1.0000023148001611	1	2	0	1	2.3148001611100932	0	2.3148000000000017
11	12	10	10	0.039600000000000003	5.6840003501344268e-07	1.000000568400035	1	2	0	1	0.56840003501344227	0	0.56840000000000013
12	4	5	5	0.039600000000000003	2.4960001537536097e-07	1.0000002496000153	1	2	0	1	0.249600015375361	0	0.24960000000000002
13	13	10	10	0.039600000000000003	6.0800003745280229e-07	1.0000006080000374	1	2	0	1	0.60800003745280251	0	0.6080000000000001
14	55	100	100	0.039600000000000003	2.5524001776470531e-06	1.0000025524001777	1	2	0	1	2.5524001776470548	0	2.5524000000000022
15	0	1	1	0.039600000000000003	8.9200005316320268e-08	1.0000000892000054	1	2	0	1	0.08920000531632033	0	0.089200000000000002
16	5	5	5	0.041599999999999998	2.9120001793792156e-07	1.0000002912000179	1	2	0	1	0.29120001793792111	0	0.29120000000000001
17	14	10	10	0.039600000000000003	6.4760003989216264e-07	1.0000006476000398	1	2	0	1	0.64760003989216275	0	0.64760000000000018
19	56	100	100	0.039600000000000003	2.5920001804032149e-06	1.0000025920001805	1	2	0	1	2.5920001804032151	0	2.5920000000000023
21	57	100	100	0.039600000000000003	2.631600183159375e-06	1.0000026316001831	1	2	0	1	2.6316001831593741	0	2.6316000000000015
23	71	1000	1000	0.039600000000000003	3.3068002301532982e-06	1.0000033068002301	1	2	0	1	3.306800230153299	0	3.3068000000000026
24	37	20	20	0.039600000000000003	1.6792001168723304e-06	1.000001679200117	1	2	0	1	1.6792001168723287	0	1.6792000000000002
25	50	50	50	0.039600000000000003	2.3544001638662531e-06	1.0000023544001639	1	2	0	1	2.3544001638662535	0	2.3544000000000018
27	15	10	10	0.039600000000000003	6.8720004233152267e-07	1.0000006872000424	1	2	0	1	0.68720004233152276	0	0.68720000000000003
28	58	100	100	0.039600000000000003	2.6712001859155347e-06	1.0000026712001859	1	2	0	1	2.6712001859155343	0	2.6712000000000016
29	38	20	20	0.039600000000000003	1.7188001196284894e-06	1.0000017188001196	1	2	0	1	1.7188001196284888	0	1.7188000000000001
30	16	10	10	0.039600000000000003	7.2680004477088291e-07	1.0000007268000448	1	2	0	1	0.726800044770883	0	0.72680000000000011
32	59	100	100	0.039600000000000003	2.7108001886716923e-06	1.0000027108001888	1	2	0	1	2.710800188671695	0	2.7108000000000017
33	39	20	20	0.039600000000000003	1.7584001223846482e-06	1.0000017584001224	1	2	0	1	1.758400122384649	0	1.7584000000000004
34	72	1000	1000	0.039600000000000003	3.3464002329094583e-06	1.0000033464002329	1	2	0	1	3.3464002329094593	0	3.3464000000000027
35	17	10	10	0.039600000000000003	7.6640004721024368e-07	1.0000007664000472	1	2	0	1	0.76640004721024302	0	0.76639999999999997
36	40	20	20	0.039600000000000003	1.7980001251408073e-06	1.0000017980001252	1	2	0	1	1.7980001251408095	0	1.7980000000000005
37	18	10	10	0.039600000000000003	8.0600004964960329e-07	1.0000008060000496	1	2	0	1	0.80600004964960315	0	0.80600000000000005
38	19	10	10	0.039600000000000003	8.4560005275509735e-07	1.0000008456000526	1	2	0	1	0.84560005208896416	1.1102230246251565e-16	0.84559999999999991
40	20	10	10	0.039600000000000003	8.8520005452832367e-07	1.0000008852000546	1	2	0	1	0.8852000545283234	0	0.88519999999999999
41	21	10	10	0.039600000000000003	9.2480005696774098e-07	1.000000924800057	1	2	0	1	0.92480005696774203	0	0.92479999999999984
43	51	50	50	0.039600000000000003	2.3940001666224145e-06	1.0000023940001666	1	2	0	1	2.3940001666224138	0	2.3940000000000019
44	73	1000	1000	0.039600000000000003	3.3860002356656175e-06	1.0000033860002357	1	2	0	1	3.3860002356656191	0	3.3860000000000028
45	41	20	20	0.039600000000000003	1.8376001278969695e-06	1.0000018376001278	1	2	0	1	1.8376001278969696	0	1.8376000000000006
46	60	100	100	0.039600000000000003	2.750400191427854e-06	1.0000027504001914	1	2	0	1	2.7504001914278553	0	2.7504000000000017
47	22	10	10	0.039600000000000003	9.6440005940710705e-07	1.0000009644000594	1	2	0	1	0.96440005940710694	0	0.96439999999999992
48	61	100	100	0.039600000000000003	2.7900001941840163e-06	1.0000027900001942	1	2	0	1	2.7900001941840156	0	2.7900000000000018
49	23	10	10	0.039600000000000003	1.0040001831295498e-06	1.0000010040001832	1	2	0	1	1.0040001831295502	0	1.0039999999999998
50	24	10	10	0.039600000000000003	1.1644000717270456e-06	1.0000011644000717	1	2	0	1	1.1644000717270444	0	1.1643999999999999
51	1	1	1	0.041599999999999998	1.3080000805728067e-07	1.0000001308000082	1	2	0	1	0.13080000805728048	0	0.1308
53	6	5	5	0.039600000000000003	3.3080002037728149e-07	1.0000003308000205	1	2	0	1	0.33080002037728123	0	0.33079999999999998
54	62	100	100	0.039600000000000003	2.8296001969401759e-06	1.000002829600197	1	2	0	1	2.8296001969401763	0	2.8296000000000019
55	63	100	100	0.039600000000000003	2.8692001996963369e-06	1.0000028692001997	1	2	0	1	2.8692001996963361	0	2.869200000000002
57	42	20	20	0.039600000000000003	1.8772001306531287e-06	1.0000018772001307	1	2	0	1	1.8772001306531296	0	1.8772000000000006
58	64	100	100	0.039600000000000003	2.9088002024530327e-06	1.0000029088002025	1	2	0	1	2.9088002024530319	0	2.9088000000000021
60	43	20	20	0.039600000000000003	1.916800134186763e-06	1.0000019168001342	1	2	0	1	1.9168001334096083	1.1102230246251565e-16	1.9168000000000007
61	25	10	10	0.039600000000000003	1.2040000741664048e-06	1.0000012040000741	1	2	0	1	1.2040000741664045	0	1.2039999999999997
62	44	20	20	0.039600000000000003	1.9564001361657793e-06	1.0000019564001361	1	2	0	1	1.956400136165779	0	1.9564000000000008
63	74	1000	1000	0.039600000000000003	3.425600238421778e-06	1.0000034256002384	1	2	0	1	3.4256002384217799	0	3.4256000000000029
64	45	20	20	0.039600000000000003	1.9960004590797123e-06	1.0000019960004591	1	2	0	1	1.9960004590797136	0	1.9960000000000009
65	26	10	10	0.049600000000000005	1.2436000865545657e-06	1.0000012436000865	1	2	0	1	1.243600086554566	0	1.2435999999999998
66	27	10	10	0.039600000000000003	1.2832000893107258e-06	1.0000012832000893	1	2	0	1	1.2832000893107258	0	1.2831999999999997
67	75	1000	1000	0.039600000000000003	3.4652002411779398e-06	1.0000034652002412	1	2	0	1	3.4652002411779401	0	3.4652000000000029
68	65	100	100	0.039600000000000003	2.9484002052092047e-06	1.0000029484002053	1	2	0	1	2.9484002052092064	0	2.9484000000000021
69	46	20	20	0.039600000000000003	2.0356004681877013e-06	1.0000020356004682	1	2	0	1	2.0356004681877011	0	2.035600000000001
71	2	1	1	0.039600000000000003	1.7040001049664075e-07	1.0000001704000105	1	2	0	1	0.17040001049664066	0	0.1704
73	66	100	100	0.039600000000000003	2.9880005689147024e-06	1.000002988000569	1	2	0	1	2.9880005689147024	0	2.9880000000000022
74	28	10	10	0.039600000000000003	1.3228000920668866e-06	1.0000013228000921	1	2	0	1	1.3228000920668861	0	1.3227999999999995
76	3	2	2	0.039600000000000003	2.1000001293600089e-07	1.0000002100000129	1	2	0	1	0.21000001293600082	0	0.20999999999999999
78	47	20	20	0.039600000000000003	2.235600155597772e-06	1.0000022356001557	1	2	0	1	2.2356001555977723	0	2.2356000000000016
79	29	10	10	0.039600000000000003	1.3624000948230471e-06	1.0000013624000947	1	2	0	1	1.3624000948230461	0	1.3623999999999996
81	7	5	5	0.039600000000000003	3.7040002281664104e-07	1.0000003704000229	1	2	0	1	0.37040002281664147	0	0.37040000000000001
83	30	10	10	0.039600000000000003	1.4020000975792072e-06	1.0000014020000976	1	2	0	1	1.4020000975792066	0	1.4019999999999997
84	31	10	10	0.039600000000000003	1.4416001003353679e-06	1.0000014416001004	1	2	0	1	1.4416001003353669	0	1.4415999999999998
86	67	100	100	0.039600000000000003	3.0276005764545302e-06	1.0000030276005765	1	2	0	1	3.0276005764545291	0	3.0276000000000023
88	76	1000	1000	0.039600000000000003	3.4652002411779398e-06	1.0000034652002412	1	2	0	1	3.4652002411779401	0	3.4652000000000029
89	32	10	10	0.039600000000000003	1.4812001030915295e-06	1.000001481200103	1	2	0	1	1.4812001030915272	0	1.4811999999999999
91	33	10	10	0.039600000000000003	1.5208001058476858e-06	1.0000015208001058	1	2	0	1	1.5208001058476874	0	1.5207999999999999
93	68	100	100	0.039600000000000003	3.1880002218848187e-06	1.0000031880002218	1	2	0	1	3.1880002218848182	0	3.1880000000000024
94	34	10	10	0.039600000000000003	1.5604001086038463e-06	1.0000015604001087	1	2	0	1	1.5604001086038473	0	1.5603999999999998
95	69	100	100	0.039600000000000003	3.2276002246409793e-06	1.0000032276002246	1	2	0	1	3.2276002246409785	0	3.2276000000000025
96	48	20	20	0.039600000000000003	2.2752001583539342e-06	1.0000022752001583	1	2	0	1	2.275200158353933	0	2.2752000000000017
97	70	100	100	0.039600000000000003	3.2672002273971419e-06	1.0000032672002275	1	2	0	1	3.2672002273971388	0	3.2672000000000025

[frame_retry_distribution]
frame_id	retry_count	probability
0	0	0.99999959000008409
0	1	4.099998066440454e-07
0	2	1.0930594171805644e-13
0	3	2.4175433353781285e-20
0	4	4.8314562035910971e-27
0	5	9.0802984422599831e-34
1	0	0.99999955040010113
1	1	4.4959977016453844e-07
1	2	1.2876536624317717e-13
1	3	3.0157901977154268e-20
1	4	6.3160051784588658e-27
1	5	1.2342542737380933e-33
2	0	0.99999756640296134
2	1	2.433593908220106e-06
2	2	3.1305749856463247e-12
2	3	2.8320043761577666e-18
2	4	2.0225805789332425e-24
2	5	1.2140748626489819e-30
2	6	5.6371969515728104e-37
3	0	0.99999951080011962
3	1	4.8919973054871418e-07
3	2	1.4979294826677025e-13
3	3	3.7038611569300652e-20
3	4	8.1133469655125546e-27
3	5	1.6465467489717494e-33
3	6	1.1102230246251565e-16
4	0	0.99999752680305842
4	1	2.4731937111550376e-06
4	2	3.2304854006689254e-12
4	3	2.9649977606653605e-18
4	4	2.1468549532938873e-24
4	5	1.3056064318005602e-30
4	6	6.1554584355588623e-37
5	0	0.99999947120013977
5	1	5.2879968779657281e-07
5	2	1.7238868760253921e-13
5	3	4.4879661115195836e-20
5	4	1.0264106750870981e-26
5	5	2.1607104583645698e-33
6	0	0.99999840000127993
6	1	1.5999973286422299e-06
6	2	1.3913575801487955e-12
6	3	8.7246707254679919e-19
6	4	4.4184725765359825e-25
6	5	1.919967113565916e-31
6	6	1.1102230246251565e-16
8	0	0.99999748720315718
8	1	2.5127935109536594e-06
8	2	3.3319639636198577e-12
8	3	3.1020877846744166e-18
8	4	2.2767656934638211e-24
8	5	1.4025728788891915e-30
8	6	6.7124782078152224e-37
9	0	0.99999836040134427
9	1	1.639597197598076e-06
9	2	1.4582576460489934e-12
9	3	9.3363640182754694e-19
9	4	4.8202730878020151e-25
9	5	2.1324155609989507e-31
10	0	0.99999768520267929
10	1	2.314794480597462e-06
10	2	2.8402526300114972e-12
10	3	2.4569830747176924e-18
10	4	1.6819347540885746e-24
10	5	9.6980694132025225e-31
10	6	3.9986855995998111e-37
11	0	0.99999943160016158
11	1	5.6839964190811334e-07
11	2	1.9655258406418598e-13
11	3	5.3743149589977864e-20
11	4	1.2811368837999617e-26
11	5	2.794357519595288e-33
12	0	0.9999997504000312
12	1	2.4959992232449212e-07
12	2	4.6525422655319252e-14
12	3	7.8500563659347757e-21
12	4	1.2690483049518838e-27
12	5	2.0107320265145158e-34
13	0	0.99999939200018495
13	1	6.079995928833363e-07
13	2	2.2228463746541393e-13
13	3	6.3691175958949141e-20
13	4	1.5800676647224136e-26
13	5	3.5670063605475764e-33
14	0	0.99999744760325748
14	1	2.5523933076159745e-06
14	2	3.4350106743128317e-12
14	3	3.2433365466627733e-18
14	4	2.4124805777441288e-24
14	5	1.5052125454564658e-30
14	6	7.3105255145758053e-37
15	0	0.99999991080000405
15	1	8.9199986727040943e-08
15	2	9.2946380629972157e-15
15	3	1.0677831805007327e-21
15	4	1.3067278573238795e-28
15	5	1.6708015600618628e-35
16	0	0.99999970880004252
16	1	2.9119989726465858e-07
16	2	6.0336614996501669e-14
16	3	1.099648329900607e-20
16	4	1.885201061344444e-27
16	5	3.1282188339325587e-34
17	0	0.99999935240020976
17	1	6.4759954072224305e-07
17	2	2.4958484761992582e-13
17	3	7.4785839177574974e-20
17	4	1.9280032715243079e-26
17	5	4.5001791002505744e-33
19	0	0.99999740800335934
19	1	2.5919931011419832e-06
19	2	3.539625532561551e-12
19	3	3.3888061450984629e-18
19	4	2.5541698435280676e-24
19	5	1.6137706368980092e-30
19	6	7.9519674113243386e-37
21	0	0.99999736840346265
21	1	2.6315928915316827e-06
21	2	3.6458085381797132e-12
21	3	3.5385586784396535e-18
21	4	2.7020061873005523e-24
21	5	1.7284993198431792e-30
21	6	8.6392715293727389e-37
23	0	0.99999669320546758
23	1	3.3067888349393309e-06
23	2	5.6975967660477377e-12
23	3	6.8116772699666516e-18
23	4	6.3494380971512332e-24
23	5	4.9167663008907709e-30
23	6	3.1728668963610416e-36
24	0	0.99999832080141005
24	1	1.6791970634176101e-06
24	2	1.5267258637991685e-12
24	3	9.9759516400522405e-19
24	4	5.2488263225924276e-25
24	5	2.3632342974779808e-31
25	0	0.9999976456027716
25	1	2.3543942929413186e-06
25	2	2.935458600131311e-12
25	3	2.5780591316863726e-18
25	4	1.7902821098991116e-24
25	5	1.0463967269820902e-30
25	6	4.7083445801871753e-37
27	0	0.99999931280023613
27	1	6.8719948542483265e-07
27	2	2.7845321434142388e-13
27	3	8.7089238191484719e-20
27	4	2.3299898694641254e-26
27	5	5.617498929796349e-33
28	0	0.99999732880356762
28	1	2.6711926787850749e-06
28	2	3.7535596909810356e-12
28	3	3.6926562451347156e-18
28	4	2.8561647646376701e-24
28	5	1.8496578195347919e-30
28	6	9.3750088810025781e-37
29	0	0.99999828120147727
29	1	1.7187969261008298e-06
29	2	1.5967622332130145e-12
29	3	1.0644054577647289e-18
29	4	5.7052924114706445e-25
29	5	2.6135878690773935e-31
30	0	0.99999927320026416
30	1	7.2679942699110606e-07
30	2	3.0888973744361208e-13
30	3	1.0066347193647056e-19
30	4	2.7913195353402671e-26
30	5	6.9447874932343381e-33
32	0	0.99999728920367426
32	1	2.7107924629021573e-06
32	2	3.8628789907791984e-12
32	3	3.8511609436221146e-18
32	4	3.0168231902061812e-24
32	5	1.9775123138096128e-30
32	6	1.2195848118673436e-36
33	0	0.99999824160154605
33	1	1.7583967856477378e-06
33	2	1.6683667541042461e-12
33	3	1.1341293817811549e-18
33	4	6.1908560760242918e-25
33	5	2.8846887119836558e-31
33	6	4.6596118036646473e-38
34	0	0.99999665360559942
34	1	3.3463885687171268e-06
34	2	5.832085591647057e-12
34	3	7.0494158669815195e-18
34	4	6.6407507981736252e-24
34	5	5.1948219740345582e-30
34	6	3.3892353626446671e-36
35	0	0.99999923360029375
35	1	7.6639936542106347e-07
35	2	3.4089441674019274e-13
35	3	1.1557063933848876e-19
35	4	3.3175302574423664e-26
35	5	8.5101622684423367e-33
36	0	0.99999820200161649
36	1	1.7979966420583342e-06
36	2	1.7415394262865558e-12
36	3	1.2068290347197257e-18
36	4	6.7067255531010211e-25
36	5	4.2535578772209682e-31
36	6	5.1389444950898504e-38
37	0	0.99999919400032478
37	1	8.0599930071470352e-07
37	2	3.7446725204486807e-13
37	3	1.3187283931365948e-19
37	4	3.9144054626424143e-26
37	5	1.5072735746846718e-32
38	0	0.99999915440035747
38	1	8.4559923287202822e-07
38	2	4.0960824317134213e-13
38	3	1.4963217076826505e-19
38	4	4.5879758264195321e-26
38	5	1.8021978618201881e-32
38	6	1.1102230246251565e-16
40	0	0.99999911480039183
40	1	8.8519916189303704e-07
40	2	4.463173899333186e-13
40	3	1.6891071219433817e-19
40	4	7.3849579473456489e-26
40	5	2.38979755420906e-32
41	0	0.99999907520042775
41	1	9.2479908777772881e-07
41	2	4.8459463360546152e-13
41	3	2.4830962890097754e-19
41	4	9.197154440844222e-26
41	5	2.8986800589724914e-32
43	0	0.99999760600286558
43	1	2.393994102148868e-06
43	2	3.0322327187383529e-12
43	3	2.7030455326639378e-18
43	4	1.9037772511734223e-24
43	5	1.1277465963671078e-30
43	6	5.1555195908562194e-37
44	0	0.99999661400573259
44	1	3.3859882993586175e-06
44	2	5.9681425610667803e-12
44	3	7.2926204040144134e-18
44	4	6.9419701841750996e-24
44	5	5.4853121197555096e-30
44	6	3.659057887501504e-36
45	0	0.99999816240168848
45	1	1.8375964953326227e-06
45	2	1.8162802495736574e-12
45	3	1.2825663095122184e-18
45	4	9.3113730273088088e-25
45	5	4.9659675000692451e-31
45	6	1.5704630874524741e-37
46	0	0.99999724960378245
46	1	2.7503922438829369e-06
46	2	3.9737664373879246e-12
46	3	4.0141348723305261e-18
46	4	3.1841615377630648e-24
46	5	2.112336829440787e-30
46	6	1.3182932342803893e-36
47	0	0.9999990356004651
47	1	9.6439901052610766e-07
47	2	5.244400862662186e-13
47	3	2.7562627579974236e-19
47	4	1.0470009727197274e-25
47	5	3.379639432346779e-32
48	0	0.99999721000389208
48	1	2.78999202172741e-06
48	2	4.0862220306209151e-12
48	3	4.1816401296788003e-18
48	4	3.3583619344648955e-24
48	5	2.6601022605274909e-30
48	6	1.4671328284884023e-36
49	0	0.99999899600050401
49	1	1.0039988088551062e-06
49	2	6.8713674245280993e-13
49	3	3.1963441361983096e-19
49	4	1.2057831762797455e-25
49	5	3.9469488164286611e-32
50	0	0.99999883560067804
50	1	1.1643985724464763e-06
50	2	7.4963975476323129e-13
50	3	3.5326696357455846e-19
50	4	1.3623437238357255e-25
50	5	4.5606171526653282e-32
51	0	0.9999998692000085
51	1	1.307999748340826e-07
51	2	1.6611595780654156e-14
51	3	2.1713525627210243e-21
51	4	2.9249024795425789e-28
51	5	4.0410369586688045e-35
53	0	0.99999966920005479
53	1	3.3079987019410568e-07
53	2	7.5091565908421384e-14
53	3	1.4656823024273432e-20
53	4	2.6505315355943552e-27
53	5	4.5903272887760011e-34
54	0	0.99999717040400349
54	1	2.8295917964355743e-06
54	2	4.2002457702918515e-12
54	3	4.3537388140758912e-18
54	4	3.5396101617330579e-24
54	5	2.8316116283738424e-30
54	6	1.5817195130605578e-36
55	0	0.99999713080411623
55	1	2.869191568007433e-06
55	2	4.3158376562144704e-12
55	3	4.5304924766375134e-18
55	4	4.2753767390098327e-24
55	5	3.0829770330230833e-30
55	6	1.7247820092342749e-36
57	0	0.99999812280176192
57	1	1.8771963454705971e-06
57	2	1.8925892237792439e-12
57	3	1.3614037036059545e-18
57	4	1.0018038736839864e-24
57	5	5.4190919091393745e-31
57	6	1.7583725324207123e-37
58	0	0.99999709120423064
58	1	2.9087913364429846e-06
58	2	4.4329971526963715e-12
58	3	5.247470307172652e-18
58	4	4.5628222411417214e-24
58	5	3.2847770874709785e-30
58	6	1.8553174661276755e-36
60	0	0.99999808320183703
60	1	1.9167961924722634e-06
60	2	1.9704660326542503e-12
60	3	1.7594658516911305e-18
60	4	1.123732063582667e-24
60	5	5.9763454782108249e-31
60	6	1.9642482099650668e-37
60	7	1.1102230246251565e-16
61	0	0.99999879600072494
61	1	1.2039984762185646e-06
61	2	7.9897333960187935e-13
61	3	3.8703839410737028e-19
61	4	1.5306573757916983e-25
61	5	5.2438688363847265e-32
62	0	0.9999980436019138
62	1	1.9563960363376164e-06
62	2	2.049911295394905e-12
62	3	1.8574324123608327e-18
62	4	1.2042791176290141e-24
62	5	6.4987089315178831e-31
62	6	2.1894065644301202e-37
63	0	0.99999657440586742
63	1	3.4255880268638057e-06
63	2	6.1057676741206044e-12
63	3	7.5413529793262872e-18
63	4	7.2533182575677025e-24
63	5	5.7886490629873115e-30
63	6	3.9221522157491671e-36
64	0	0.99999800400199212
64	1	1.9959955569089451e-06
64	2	2.4510823732888528e-12
64	3	2.0068963407498305e-18
64	4	1.2963365669855376e-24
64	5	7.0681692245976057e-31
64	6	2.4352333712927388e-37
65	0	0.99999875640077329
65	1	1.243598366905552e-06
65	2	8.5982385103475737e-13
65	3	4.3722130150198617e-19
65	4	1.826891553907597e-25
65	5	6.6501979842156526e-32
66	0	0.99999871680082331
66	1	1.2831982640882137e-06
66	2	9.1261054190184263e-13
66	3	4.7608017715451328e-19
66	4	2.0360659074413902e-25
66	5	7.5707921983532128e-32
67	0	0.99999653480600381
67	1	3.4651877512326914e-06
67	2	6.244960930622262e-12
67	3	7.7956756911682482e-18
67	4	7.5750194798447702e-24
67	5	6.1052540783197221e-30
67	6	4.2092253690929898e-36
68	0	0.9999970516043466
68	1	2.9483911017422277e-06
68	2	4.551725316221077e-12
68	3	5.4480642017283105e-18
68	4	4.7907110390216626e-24
68	5	3.4865863728670643e-30
68	6	1.993915865311069e-36
69	0	0.99999796440207189
69	1	2.0355953881498654e-06
69	2	2.5400157485483092e-12
69	3	2.1129520070975805e-18
69	4	1.385647609291257e-24
69	5	7.6642179726213009e-31
69	6	2.703186079555114e-37
71	0	0.99999982960001466
71	1	1.7039996046720469e-07
71	2	2.5014712655679269e-14
71	3	3.5831426632674995e-21
71	4	5.140925361133869e-28
71	5	7.43794325659056e-35
73	0	0.99999701200446411
73	1	2.9879905029558946e-06
73	2	5.0329708528841318e-12
73	3	5.7006127445757946e-18
73	4	5.0335567147553108e-24
73	5	3.6991449945021288e-30
73	6	2.140968428650512e-36
74	0	0.99999867720087499
74	1	1.3227981581345624e-06
74	2	9.6696538629557276e-13
74	3	5.17169597097106e-19
74	4	2.2626584063115429e-25
74	5	8.5903361914468911e-32
76	0	0.99999979000002215
76	1	2.0999994296400783e-07
76	2	3.4985988342666789e-14
76	3	5.4553442462296731e-21
76	4	8.3184950410380154e-28
76	5	1.2599604239496439e-34
78	0	0.99999776440249899
78	1	2.2355948465008213e-06
78	2	2.6545451359787355e-12
78	3	2.2263135987283992e-18
78	4	1.4800540902429437e-24
78	5	8.3006646589537233e-31
78	6	2.994796192700478e-37
79	0	0.99999863760092822
79	1	1.3623980490445974e-06
79	2	1.0228883840296514e-12
79	3	5.6055166010320803e-19
79	4	2.5076078616464279e-25
79	5	9.7165810735819177e-32
81	0	0.99999962960006861
81	1	3.7039983998723424e-07
81	2	9.1414674877705364e-14
81	3	1.90291067043704e-20
81	4	3.6215339726243612e-27
81	5	6.5378182025217272e-34
83	0	0.9999985980009829
83	1	1.4019979368183185e-06
83	2	1.0803795349177792e-12
83	3	6.062884649364197e-19
83	4	2.7718776756422162e-25
83	5	1.0957671708405216e-31
84	0	0.99999855840103913
84	1	1.4415978214557269e-06
84	2	1.1394388387736612e-12
84	3	6.5444211035051673e-19
84	4	3.0564558415580938e-25
84	5	1.2322156451059807e-31
86	0	0.99999697240458318
86	1	3.0275902571988797e-06
86	2	5.1596189572088511e-12
86	3	5.9119531158457212e-18
86	4	5.2785799591909596e-24
86	5	3.9209040405686149e-30
86	6	2.2968803996714875e-36
88	0	0.99999653480600381
88	1	3.4651877512326914e-06
88	2	6.244960930622262e-12
88	3	7.7956756911682482e-18
88	4	7.5750194798447702e-24
88	5	6.1052540783197221e-30
88	6	4.2092253690929898e-36
89	0	0.99999851880109702
89	1	1.4811977029568235e-06
89	2	1.2000662954110033e-12
89	3	7.0507469508942704e-19
89	4	3.3623549437112707e-25
89	5	1.3818996886229331e-31
91	0	0.99999847920115648
91	1	1.5207975813216018e-06
91	2	1.2622619046435001e-12
91	3	7.5824831788724104e-19
91	4	3.6906121574721837e-25
91	5	1.5457577566181069e-31
93	0	0.99999681200508173
93	1	3.1879896147881184e-06
93	2	5.3035391540351855e-12
93	3	6.1306361362731581e-18
93	4	5.5327569660704216e-24
93	5	4.1532164214942068e-30
93	6	2.5911023203637968e-36
94	0	0.99999843960121737
94	1	1.5603974565500717e-06
94	2	1.3260256662848639e-12
94	3	8.1402507746822416e-19
94	4	4.0422892492596535e-25
94	5	1.7247715748806566e-31
95	0	0.99999677240520879
95	1	3.2275893579748283e-06
95	2	5.4333235470555021e-12
95	3	6.3523495028980071e-18
95	4	5.7956570358058806e-24
95	5	4.3963537286504329e-30
95	6	2.7742880610581328e-36
96	0	0.99999772480258831
96	1	2.2751946651172978e-06
96	2	2.7466148085652146e-12
96	3	2.3397552632407206e-18
96	4	1.5785772418142057e-24
96	5	8.9776534939536002e-31
96	6	3.3116716882110582e-37
97	0	0.99999673280533741
97	1	3.2671890980252351e-06
97	2	5.5646760844551238e-12
97	3	6.5793425146990465e-18
97	4	6.0678125377779143e-24
97	5	4.6507417403634386e-30
97	6	2.9680497015470025e-36

[frame_retry_cdf]
frame_id	retry_count	cumulative_probability
0	0	0.99999959000008409
0	1	0.99999999999989075
0	2	1
0	3	1
0	4	1
0	5	1
1	0	0.99999955040010113
1	1	0.99999999999987133
1	2	1
1	3	1
1	4	1
1	5	1
2	0	0.99999756640296134
2	1	0.9999999999968695
2	2	1
2	3	1
2	4	1
2	5	1
2	6	1
3	0	0.99999951080011962
3	1	0.99999999999985012
3	2	0.99999999999999989
3	3	0.99999999999999989
3	4	0.99999999999999989
3	5	0.99999999999999989
3	6	1
4	0	0.99999752680305842
4	1	0.99999999999676958
4	2	1
4	3	1
4	4	1
4	5	1
4	6	1
5	0	0.99999947120013977
5	1	0.99999999999982758
5	2	1
5	3	1
5	4	1
5	5	1
6	0	0.99999840000127993
6	1	0.99999999999860856
6	2	0.99999999999999989
6	3	0.99999999999999989
6	4	0.99999999999999989
6	5	0.99999999999999989
6	6	1
8	0	0.99999748720315718
8	1	0.99999999999666811
8	2	1
8	3	1
8	4	1
8	5	1
8	6	1
9	0	0.99999836040134427
9	1	0.99999999999854183
9	2	1
9	3	1
9	4	1
9	5	1
10	0	0.99999768520267929
10	1	0.99999999999715994
10	2	1
10	3	1
10	4	1
10	5	1
10	6	1
11	0	0.99999943160016158
11	1	0.99999999999980349
11	2	1
11	3	1
11	4	1
11	5	1
12	0	0.9999997504000312
12	1	0.99999999999995348
12	2	1
12	3	1
12	4	1
12	5	1
13	0	0.99999939200018495
13	1	0.99999999999977784
13	2	1
13	3	1
13	4	1
13	5	1
14	0	0.99999744760325748
14	1	0.99999999999656508
14	2	1
14	3	1
14	4	1
14	5	1
14	6	1
15	0	0.99999991080000405
15	1	0.99999999999999079
15	2	1
15	3	1
15	4	1
15	5	1
16	0	0.99999970880004252
16	1	0.99999999999993983
16	2	1
16	3	1
16	4	1
16	5	1
17	0	0.99999935240020976
17	1	0.99999999999975053
17	2	1
17	3	1
17	4	1
17	5	1
19	0	0.99999740800335934
19	1	0.9999999999964605
19	2	1
19	3	1
19	4	1
19	5	1
19	6	1
21	0	0.99999736840346265
21	1	0.99999999999635414
21	2	1
21	3	1
21	4	1
21	5	1
21	6	1
23	0	0.99999669320546758
23	1	0.99999999999430256
23	2	1
23	3	1
23	4	1
23	5	1
23	6	1
24	0	0.99999832080141005
24	1	0.99999999999847344
24	2	1
24	3	1
24	4	1
24	5	1
25	0	0.9999976456027716
25	1	0.99999999999706457
25	2	1
25	3	1
25	4	1
25	5	1
25	6	1
27	0	0.99999931280023613
27	1	0.99999999999972156
27	2	1
27	3	1
27	4	1
27	5	1
28	0	0.99999732880356762
28	1	0.99999999999624645
28	2	1
28	3	1
28	4	1
28	5	1
28	6	1
29	0	0.99999828120147727
29	1	0.99999999999840339
29	2	1
29	3	1
29	4	1
29	5	1
30	0	0.99999927320026416
30	1	0.99999999999969114
30	2	1
30	3	1
30	4	1
30	5	1
32	0	0.99999728920367426
32	1	0.9999999999961372
32	2	1
32	3	1
32	4	1
32	5	1
32	6	1
33	0	0.99999824160154605
33	1	0.99999999999833167
33	2	1
33	3	1
33	4	1
33	5	1
33	6	1
34	0	0.99999665360559942
34	1	0.99999999999416811
34	2	1
34	3	1
34	4	1
34	5	1
34	6	1
35	0	0.99999923360029375
35	1	0.99999999999965916
35	2	1
35	3	1
35	4	1
35	5	1
36	0	0.99999820200161649
36	1	0.9999999999982585
36	2	1
36	3	1
36	4	1
36	5	1
36	6	1
37	0	0.99999919400032478
37	1	0.99999999999962552
37	2	1
37	3	1
37	4	1
37	5	1
38	0	0.99999915440035747
38	1	0.99999999999959033
38	2	0.99999999999999989
38	3	0.99999999999999989
38	4	0.99999999999999989
38	5	0.99999999999999989
38	6	1
40	0	0.99999911480039183
40	1	0.99999999999955369
40	2	1
40	3	1
40	4	1
40	5	1
41	0	0.99999907520042775
41	1	0.9999999999995155
41	2	1
41	3	1
41	4	1
41	5	1
43	0	0.99999760600286558
43	1	0.99999999999696776
43	2	1
43	3	1
43	4	1
43	5	1
43	6	1
44	0	0.99999661400573259
44	1	0.999999999994032
44	2	1
44	3	1
44	4	1
44	5	1
44	6	1
45	0	0.99999816240168848
45	1	0.99999999999818379
45	2	1
45	3	1
45	4	1
45	5	1
45	6	1
46	0	0.99999724960378245
46	1	0.99999999999602629
46	2	1
46	3	1
46	4	1
46	5	1
46	6	1
47	0	0.9999990356004651
47	1	0.99999999999947564
47	2	1
47	3	1
47	4	1
47	5	1
48	0	0.99999721000389208
48	1	0.99999999999591382
48	2	1
48	3	1
48	4	1
48	5	1
48	6	1
49	0	0.99999899600050401
49	1	0.99999999999931288
49	2	1
49	3	1
49	4	1
49	5	1
50	0	0.99999883560067804
50	1	0.99999999999925049
50	2	1
50	3	1
50	4	1
50	5	1
51	0	0.9999998692000085
51	1	0.99999999999998335
51	2	1
51	3	1
51	4	1
51	5	1
53	0	0.99999966920005479
53	1	0.99999999999992495
53	2	1
53	3	1
53	4	1
53	5	1
54	0	0.99999717040400349
54	1	0.99999999999579992
54	2	1
54	3	1
54	4	1
54	5	1
54	6	1
55	0	0.99999713080411623
55	1	0.99999999999568423
55	2	1
55	3	1
55	4	1
55	5	1
55	6	1
57	0	0.99999812280176192
57	1	0.9999999999981074
57	2	1
57	3	1
57	4	1
57	5	1
57	6	1
58	0	0.99999709120423064
58	1	0.9999999999955671
58	2	1
58	3	1
58	4	1
58	5	1
58	6	1
60	0	0.99999808320183703
60	1	0.99999999999802947
60	2	0.99999999999999989
60	3	0.99999999999999989
60	4	0.99999999999999989
60	5	0.99999999999999989
60	6	0.99999999999999989
60	7	1
61	0	0.99999879600072494
61	1	0.99999999999920119
61	2	1
61	3	1
61	4	1
61	5	1
62	0	0.9999980436019138
62	1	0.99999999999795008
62	2	1
62	3	1
62	4	1
62	5	1
62	6	1
63	0	0.99999657440586742
63	1	0.99999999999389433
63	2	1
63	3	1
63	4	1
63	5	1
63	6	1
64	0	0.99999800400199212
64	1	0.99999999999754907
64	2	1
64	3	1
64	4	1
64	5	1
64	6	1
65	0	0.99999875640077329
65	1	0.99999999999914024
65	2	1
65	3	1
65	4	1
65	5	1
66	0	0.99999871680082331
66	1	0.9999999999990874
66	2	1
66	3	1
66	4	1
66	5	1
67	0	0.99999653480600381
67	1	0.999999999993755
67	2	1
67	3	1
67	4	1
67	5	1
67	6	1
68	0	0.9999970516043466
68	1	0.99999999999544831
68	2	1
68	3	1
68	4	1
68	5	1
68	6	1
69	0	0.99999796440207189
69	1	0.99999999999746003
69	2	1
69	3	1
69	4	1
69	5	1
69	6	1
71	0	0.99999982960001466
71	1	0.99999999999997513
71	2	1
71	3	1
71	4	1
71	5	1
73	0	0.99999701200446411
73	1	0.99999999999496703
73	2	1
73	3	1
73	4	1
73	5	1
73	6	1
74	0	0.99999867720087499
74	1	0.99999999999903311
74	2	1
74	3	1
74	4	1
74	5	1
76	0	0.99999979000002215
76	1	0.99999999999996514
76	2	1
76	3	1
76	4	1
76	5	1
78	0	0.99999776440249899
78	1	0.99999999999734546
78	2	1
78	3	1
78	4	1
78	5	1
78	6	1
79	0	0.99999863760092822
79	1	0.99999999999897726
79	2	1
79	3	1
79	4	1
79	5	1
81	0	0.99999962960006861
81	1	0.99999999999990863
81	2	1
81	3	1
81	4	1
81	5	1
83	0	0.9999985980009829
83	1	0.99999999999891975
83	2	1
83	3	1
83	4	1
83	5	1
84	0	0.99999855840103913
84	1	0.99999999999886058
84	2	1
84	3	1
84	4	1
84	5	1
86	0	0.99999697240458318
86	1	0.99999999999484035
86	2	1
86	3	1
86	4	1
86	5	1
86	6	1
88	0	0.99999653480600381
88	1	0.999999999993755
88	2	1
88	3	1
88	4	1
88	5	1
88	6	1
89	0	0.99999851880109702
89	1	0.99999999999879996
89	2	1
89	3	1
89	4	1
89	5	1
91	0	0.99999847920115648
91	1	0.99999999999873779
91	2	1
91	3	1
91	4	1
91	5	1
93	0	0.99999681200508173
93	1	0.99999999999469646
93	2	1
93	3	1
93	4	1
93	5	1
93	6	1
94	0	0.99999843960121737
94	1	0.99999999999867395
94	2	1
94	3	1
94	4	1
94	5	1
95	0	0.99999677240520879
95	1	0.99999999999456679
95	2	1
95	3	1
95	4	1
95	5	1
95	6	1
96	0	0.99999772480258831
96	1	0.99999999999725342
96	2	1
96	3	1
96	4	1
96	5	1
96	6	1
97	0	0.99999673280533741
97	1	0.99999999999443545
97	2	1
97	3	1
97	4	1
97	5	1
97	6	1

[frame_wcrt_distribution]
frame_id	response_time_ms	probability
0	0.41000000000000003	0.99999959000008409
0	0.47160000000000002	4.099998066440454e-07
0	0.53320000000000001	1.0930594171805644e-13
0	0.5948	2.4175433353781285e-20
0	0.65640000000000009	4.8314562035910971e-27
0	0.71799999999999997	9.0802984422599831e-34
1	0.4496	0.99999955040010113
1	0.51119999999999999	4.4959977016453844e-07
1	0.57279999999999998	1.2876536624317717e-13
1	0.63440000000000007	3.0157901977154268e-20
1	0.69599999999999995	6.3160051784588658e-27
1	0.75760000000000005	1.2342542737380933e-33
2	2.433600000000002	0.99999756640296134
2	2.5004000000000017	8.1151147711214807e-40
2	2.5032000000000019	2.433593908220106e-06
2	2.5728000000000022	3.1305749856463247e-12
2	2.6424000000000021	2.8320043761577666e-18
2	2.712000000000002	2.0225805789332425e-24
2	2.7816000000000018	1.2140748618374705e-30
2	2.8512000000000022	5.6371969515728104e-37
3	0.48920000000000008	0.99999951080011962
3	0.55080000000000007	4.8919973054871418e-07
3	0.61240000000000006	1.4979294826677025e-13
3	0.67400000000000015	3.7038611569300652e-20
3	0.73560000000000003	8.1133469655125546e-27
3	0.79720000000000013	1.6465467489717494e-33
3	10.0616	1.1102230246251565e-16
4	2.4732000000000021	0.99999752680305842
4	2.5400000000000018	8.1151147711214807e-40
4	2.5428000000000019	2.4731937111550376e-06
4	2.6124000000000023	3.2304854006689254e-12
4	2.6820000000000022	2.9649977606653605e-18
4	2.751600000000002	2.1468549532938873e-24
4	2.8212000000000019	1.3056064309890487e-30
4	2.8908000000000023	6.1554584355588623e-37
5	0.52880000000000005	0.99999947120013977
5	0.59040000000000004	5.2879968779657281e-07
5	0.65200000000000002	1.7238868760253921e-13
5	0.71360000000000001	4.4879661115195836e-20
5	0.77520000000000011	1.0264106750870981e-26
5	0.83679999999999999	2.1607104583645698e-33
6	1.6000000000000001	0.99999840000127993
6	1.6696000000000002	1.5999973286422299e-06
6	1.7392000000000001	1.3913575801487955e-12
6	1.8088000000000002	8.7246707254679919e-19
6	1.8272000000000006	8.1151147711214807e-40
6	1.8784000000000001	4.4184725765359825e-25
6	1.9480000000000002	1.9199671054508013e-31
6	20.069600000000001	1.1102230246251565e-16
8	2.5128000000000021	0.99999748720315718
8	2.5796000000000019	8.1151147711214807e-40
8	2.582400000000002	2.5127935109536594e-06
8	2.6520000000000024	3.3319639636198577e-12
8	2.7216000000000022	3.1020877846744166e-18
8	2.7912000000000021	2.2767656934638211e-24
8	2.860800000000002	1.4025728780776799e-30
8	2.9304000000000023	6.7124782078152224e-37
9	1.6395999999999999	0.99999836040134427
9	1.7092000000000001	1.639597197598076e-06
9	1.7787999999999999	1.4582576460489934e-12
9	1.8484	9.3363640182754694e-19
9	1.8668000000000005	8.1151147711214807e-40
9	1.9179999999999999	4.8202730878020151e-25
9	1.9876	2.132415552883836e-31
10	2.3148000000000017	0.99999768520267929
10	2.3816000000000015	8.1151147711214807e-40
10	2.3844000000000016	2.314794480597462e-06
10	2.454000000000002	2.8402526300114972e-12
10	2.5236000000000018	2.4569830747176924e-18
10	2.5720000000000018	8.7300663461949369e-38
10	2.5932000000000017	1.6819347540885746e-24
10	2.6628000000000016	9.6980694050874087e-31
10	2.7324000000000019	3.125678964980317e-37
11	0.56840000000000013	0.99999943160016158
11	0.63000000000000012	5.6839964190811334e-07
11	0.6916000000000001	1.9655258406418598e-13
11	0.75320000000000009	5.3743149589977864e-20
11	0.81480000000000019	1.2811368837999617e-26
11	0.87640000000000007	2.794357519595288e-33
12	0.24960000000000002	0.9999997504000312
12	0.31120000000000003	2.4959992232449212e-07
12	0.37280000000000002	4.6525422655319252e-14
12	0.43440000000000001	7.8500563659347757e-21
12	0.496	1.2690483049518838e-27
12	0.55759999999999998	2.0107320265145158e-34
13	0.6080000000000001	0.99999939200018495
13	0.66960000000000008	6.079995928833363e-07
13	0.73120000000000007	2.2228463746541393e-13
13	0.79280000000000017	6.3691175958949141e-20
13	0.85440000000000005	1.5800676647224136e-26
13	0.91600000000000015	3.5670063605475764e-33
14	2.5524000000000022	0.99999744760325748
14	2.619200000000002	8.1151147711214807e-40
14	2.6220000000000021	2.5523933076159745e-06
14	2.6916000000000024	3.4350106743128317e-12
14	2.7612000000000023	3.2433365466627733e-18
14	2.8308000000000022	2.4124805777441288e-24
14	2.9004000000000021	1.5052125446449545e-30
14	2.9700000000000024	7.3105255145758053e-37
15	0.089200000000000002	0.99999991080000405
15	0.14879999999999999	8.9199986727040943e-08
15	0.2084	9.2946380629972157e-15
15	0.26800000000000002	1.0677831805007327e-21
15	0.3276	1.3067278573238795e-28
15	0.38719999999999999	1.6708015600618628e-35
16	0.29120000000000001	0.99999970880004252
16	0.3528	2.9119989726465858e-07
16	0.41439999999999999	6.0336614996501669e-14
16	0.47600000000000003	1.099648329900607e-20
16	0.53760000000000008	1.885201061344444e-27
16	0.59919999999999995	3.1282188339325587e-34
17	0.64760000000000018	0.99999935240020976
17	0.70920000000000016	6.4759954072224305e-07
17	0.77080000000000015	2.4958484761992582e-13
17	0.83240000000000025	7.4785839177574974e-20
17	0.89400000000000013	1.9280032715243079e-26
17	0.95560000000000023	4.5001791002505744e-33
19	2.5920000000000023	0.99999740800335934
19	2.6588000000000021	8.1151147711214807e-40
19	2.6616000000000022	2.5919931011419832e-06
19	2.7312000000000025	3.539625532561551e-12
19	2.8008000000000024	3.3888061450984629e-18
19	2.8704000000000023	2.5541698435280676e-24
19	2.9400000000000022	1.6137706360864976e-30
19	3.0096000000000025	7.9519674113243386e-37
21	2.6316000000000015	0.99999736840346265
21	2.6984000000000017	8.1151147711214807e-40
21	2.7012000000000014	2.6315928915316827e-06
21	2.7708000000000017	3.6458085381797132e-12
21	2.8404000000000016	3.5385586784396535e-18
21	2.9100000000000015	2.7020061873005523e-24
21	2.9796000000000014	1.728499319031668e-30
21	3.0492000000000017	8.6392715293727389e-37
23	3.2528000000000028	8.1151147711214807e-40
23	3.3068000000000026	0.99999669320546758
23	3.3764000000000025	3.3067888349393309e-06
23	3.4460000000000028	5.6975967660477377e-12
23	3.5156000000000027	6.8116772699666516e-18
23	3.5852000000000026	6.3494380971512332e-24
23	3.6036000000000028	8.4026154251381493e-37
23	3.6548000000000025	4.9167663000792593e-30
23	3.7244000000000028	2.3326053538472269e-36
24	1.6792000000000002	0.99999832080141005
24	1.7488000000000004	1.6791970634176101e-06
24	1.8184000000000002	1.5267258637991685e-12
24	1.8880000000000003	9.9759516400522405e-19
24	1.9064000000000008	8.1151147711214807e-40
24	1.9576000000000002	5.2488263225924276e-25
24	2.0272000000000001	2.3632342893628661e-31
25	2.3544000000000018	0.9999976456027716
25	2.4212000000000016	8.1151147711214807e-40
25	2.4240000000000017	2.3543942929413186e-06
25	2.493600000000002	2.935458600131311e-12
25	2.5632000000000019	2.5780591316863726e-18
25	2.6328000000000018	1.7902821098991116e-24
25	2.7024000000000017	1.0463967261705788e-30
25	2.772000000000002	4.7083445801871753e-37
27	0.68720000000000003	0.99999931280023613
27	0.74880000000000002	6.8719948542483265e-07
27	0.81040000000000001	2.7845321434142388e-13
27	0.87200000000000011	8.7089238191484719e-20
27	0.93359999999999999	2.3299898694641254e-26
27	0.99520000000000008	5.617498929796349e-33
28	2.6712000000000016	0.99999732880356762
28	2.7380000000000018	8.1151147711214807e-40
28	2.7408000000000015	2.6711926787850749e-06
28	2.8104000000000018	3.7535596909810356e-12
28	2.8800000000000017	3.6926562451347156e-18
28	2.9496000000000016	2.8561647646376701e-24
28	3.0192000000000014	1.8496578187232804e-30
28	3.0888000000000018	9.3750088810025781e-37
29	1.7188000000000001	0.99999828120147727
29	1.7884000000000002	1.7187969261008298e-06
29	1.8580000000000001	1.5967622332130145e-12
29	1.9276000000000002	1.0644054577647289e-18
29	1.9460000000000006	8.1151147711214807e-40
29	1.9972000000000001	5.7052924114706445e-25
29	2.0668000000000002	2.6135878609622788e-31
30	0.72680000000000011	0.99999927320026416
30	0.7884000000000001	7.2679942699110606e-07
30	0.85000000000000009	3.0888973744361208e-13
30	0.91160000000000019	1.0066347193647056e-19
30	0.97320000000000007	2.7913195353402671e-26
30	1.0348000000000002	6.9447874932343381e-33
32	2.7108000000000017	0.99999728920367426
32	2.7776000000000018	8.1151147711214807e-40
32	2.7804000000000015	2.7107924629021573e-06
32	2.8500000000000019	3.8628789907791984e-12
32	2.9196000000000017	3.8511609436221146e-18
32	2.9892000000000016	3.0168231902061812e-24
32	3.0588000000000015	2.9374458493048866e-31
32	3.1284000000000018	5.16333216743485e-37
32	3.1796000000000015	1.6837677280676125e-30
32	3.2492000000000019	7.0325159512385872e-37
33	1.7584000000000004	0.99999824160154605
33	1.8280000000000005	1.7583967856477378e-06
33	1.8976000000000004	1.6683667541042461e-12
33	1.9672000000000005	1.1341293817811549e-18
33	1.9856000000000009	8.1151147711214807e-40
33	2.0368000000000004	6.1908560760242918e-25
33	2.1064000000000003	1.8000492288590253e-31
33	2.1760000000000006	2.1649408900553375e-38
33	2.2668000000000004	1.0846394750095153e-31
33	2.3364000000000007	2.4946709136093101e-38
34	3.2924000000000029	8.1151147711214807e-40
34	3.3464000000000027	0.99999665360559942
34	3.4160000000000026	3.3463885687171268e-06
34	3.4856000000000029	5.832085591647057e-12
34	3.5552000000000028	7.0494158669815195e-18
34	3.6248000000000027	6.6407507981736252e-24
34	3.6432000000000029	9.1120575360273923e-37
34	3.6944000000000026	5.1948219732230466e-30
34	3.7640000000000029	2.4780296090419282e-36
35	0.76639999999999997	0.99999923360029375
35	0.82799999999999996	7.6639936542106347e-07
35	0.88959999999999995	3.4089441674019274e-13
35	0.95120000000000005	1.1557063933848876e-19
35	1.0127999999999999	3.3175302574423664e-26
35	1.0744	8.5101622684423367e-33
36	1.7980000000000005	0.99999820200161649
36	1.8676000000000006	1.7979966420583342e-06
36	1.9372000000000005	1.7415394262865558e-12
36	2.0068000000000006	1.2068290347197257e-18
36	2.0252000000000008	8.1151147711214807e-40
36	2.1460000000000004	1.5999273158625433e-31
36	2.2368000000000006	6.7067255531010211e-25
36	2.3064000000000004	2.6536305532433111e-31
36	2.3760000000000008	5.1389444950898504e-38
37	0.80600000000000005	0.99999919400032478
37	0.86760000000000004	8.0599930071470352e-07
37	0.92920000000000003	3.7446725204486807e-13
37	0.99080000000000013	1.3187283931365948e-19
37	1.1140000000000001	4.6452353055465466e-33
37	1.1732000000000002	3.9144054626424143e-26
37	1.2348000000000003	1.0427500441300171e-32
38	0.84559999999999991	0.99999915440035747
38	0.9071999999999999	8.4559923287202822e-07
38	0.96879999999999988	4.0960824317134213e-13
38	1.0304	1.4963217076826505e-19
38	1.1536	5.6863961483469532e-33
38	1.2128000000000001	4.5879758264195321e-26
38	1.2744000000000002	1.2335582469854928e-32
38	10.0616	1.1102230246251565e-16
40	0.88519999999999999	0.99999911480039183
40	0.94679999999999997	8.8519916189303704e-07
40	1.0084	4.463173899333186e-13
40	1.1908000000000003	1.6891071219433817e-19
40	1.1932	4.9546367973645754e-33
40	1.2524000000000002	7.3849579473456489e-26
40	1.3140000000000003	1.8943338744726027e-32
41	0.92479999999999984	0.99999907520042775
41	0.98639999999999983	9.2479908777772881e-07
41	1.1688000000000001	4.8459463360546152e-13
41	1.2304000000000002	2.4830962890097754e-19
41	1.2327999999999999	5.8556898773535326e-33
41	1.292	9.197154440844222e-26
41	1.3536000000000001	2.3131110712371355e-32
43	2.3940000000000019	0.99999760600286558
43	2.4608000000000017	8.1151147711214807e-40
43	2.4636000000000018	2.393994102148868e-06
43	2.5332000000000021	3.0322327187383529e-12
43	2.602800000000002	2.7030455326639378e-18
43	2.6724000000000019	1.9037772511734223e-24
43	2.7420000000000018	1.1277465955555964e-30
43	2.8116000000000021	5.1555195908562194e-37
44	3.332000000000003	8.1151147711214807e-40
44	3.3860000000000028	0.99999661400573259
44	3.4556000000000027	3.3859882993586175e-06
44	3.525200000000003	5.9681425610667803e-12
44	3.5948000000000029	7.2926204040144134e-18
44	3.6644000000000028	6.9419701841750996e-24
44	3.682800000000003	9.0499683837589822e-37
44	3.7340000000000027	5.4853121189439988e-30
44	3.803600000000003	2.7540610491256056e-36
45	1.8376000000000006	0.99999816240168848
45	1.9072000000000007	1.8375964953326227e-06
45	1.9768000000000006	1.8162802495736574e-12
45	2.0648000000000009	8.1151147711214807e-40
45	2.1856000000000004	2.0478439067885377e-32
45	2.2068000000000008	1.2825663095122184e-18
45	2.2552000000000008	3.0915471922570944e-38
45	2.2764000000000006	9.3113730273088088e-25
45	2.3460000000000005	4.7611831012752757e-31
45	2.4156000000000009	1.2613083682267647e-37
46	2.7504000000000017	0.99999724960378245
46	2.8172000000000019	8.1151147711214807e-40
46	2.8200000000000016	2.7503922438829369e-06
46	2.8896000000000019	3.9737664373879246e-12
46	2.9592000000000018	4.0141348723305261e-18
46	3.0288000000000017	3.1841615377630648e-24
46	3.0984000000000016	3.0742705789866274e-31
46	3.1680000000000019	5.5987372116473304e-37
46	3.2192000000000016	1.8049097707306123e-30
46	3.2888000000000019	7.5841951311565624e-37
47	0.96439999999999992	0.9999990356004651
47	1.026	9.6439901052610766e-07
47	1.2084000000000001	5.244400862662186e-13
47	1.2700000000000002	2.7562627579974236e-19
47	1.2724	7.19973068003982e-33
47	1.3316000000000001	1.0470009727197274e-25
47	1.3932000000000002	2.6596663643427973e-32
48	2.7900000000000018	0.99999721000389208
48	2.856800000000002	8.1151147711214807e-40
48	2.8596000000000017	2.78999202172741e-06
48	2.929200000000002	4.0862220306209151e-12
48	2.9988000000000019	4.1816401296788003e-18
48	3.1380000000000017	1.2736559613797446e-31
48	3.1892000000000018	3.3583619344648955e-24
48	3.207600000000002	3.6397640417086317e-37
48	3.2588000000000017	2.5327366635780046e-30
48	3.328400000000002	1.103156424317539e-36
49	1.0039999999999998	0.99999899600050401
49	1.1863999999999999	1.0039988088551062e-06
49	1.2479999999999998	6.8713674245280993e-13
49	1.3095999999999999	3.1963441361983096e-19
49	1.3119999999999998	6.9519137790046413e-33
49	1.3711999999999998	1.2057831762797455e-25
49	1.4327999999999999	3.2517574385281973e-32
50	1.1643999999999999	0.99999883560067804
50	1.226	1.1643985724464763e-06
50	1.2875999999999999	7.4963975476323129e-13
50	1.3492	3.5326696357455846e-19
50	1.3515999999999999	8.1151147711214807e-40
50	1.4107999999999998	1.3623437238357255e-25
50	1.4723999999999999	4.5606170715141811e-32
51	0.1308	0.9999998692000085
51	0.19240000000000002	1.307999748340826e-07
51	0.254	1.6611595780654156e-14
51	0.31559999999999999	2.1713525627210243e-21
51	0.37719999999999998	2.9249024795425789e-28
51	0.43879999999999997	4.0410369586688045e-35
53	0.33079999999999998	0.99999966920005479
53	0.39239999999999997	3.3079987019410568e-07
53	0.45399999999999996	7.5091565908421384e-14
53	0.51560000000000006	1.4656823024273432e-20
53	0.57719999999999994	2.6505315355943552e-27
53	0.63880000000000003	4.5903272887760011e-34
54	2.8296000000000019	0.99999717040400349
54	2.8964000000000021	8.1151147711214807e-40
54	2.8992000000000018	2.8295917964355743e-06
54	2.9688000000000021	4.2002457702918515e-12
54	3.038400000000002	4.3537388140758912e-18
54	3.1776000000000018	1.3359360492183508e-31
54	3.2288000000000019	3.5396101617330579e-24
54	3.2472000000000021	3.9791199669779378e-37
54	3.2984000000000018	2.6980180226404959e-30
54	3.3680000000000021	1.1838075163627641e-36
55	2.869200000000002	0.99999713080411623
55	2.9360000000000022	8.1151147711214807e-40
55	2.9388000000000019	2.869191568007433e-06
55	3.0084000000000022	4.3158376562144704e-12
55	3.1988000000000021	4.5304924766375134e-18
55	3.2172000000000018	1.2274961483509456e-31
55	3.268400000000002	4.2753767390098327e-24
55	3.2868000000000022	3.8042754799134023e-37
55	3.3380000000000019	2.9602274173764775e-30
55	3.4076000000000022	1.3443544612429348e-36
57	1.8772000000000006	0.99999812280176192
57	1.9468000000000008	1.8771963454705971e-06
57	2.0164000000000009	1.8925892237792439e-12
57	2.1044000000000009	8.1151147711214807e-40
57	2.2252000000000005	2.2173964243088545e-32
57	2.2464000000000008	1.3614037036059545e-18
57	2.2948000000000008	3.5561900992117995e-38
57	2.3160000000000007	1.0018038736839864e-24
57	2.3856000000000006	5.1973522585933741e-31
57	2.4552000000000009	1.4027535224995325e-37
58	2.9088000000000021	0.99999709120423064
58	2.9756000000000022	8.1151147711214807e-40
58	2.9784000000000019	2.9087913364429846e-06
58	3.1688000000000023	4.4329971526963715e-12
58	3.2384000000000022	5.247470307172652e-18
58	3.2568000000000019	8.6657565697759299e-32
58	3.308000000000002	4.5628222411417214e-24
58	3.3264000000000022	4.1730346844778704e-37
58	3.3776000000000019	3.1981195209617077e-30
58	3.4472000000000023	1.4380139976798884e-36
60	1.9168000000000007	0.99999808320183703
60	1.9864000000000008	1.9167961924722634e-06
60	2.144000000000001	8.1151147711214807e-40
60	2.216400000000001	1.9704660326542503e-12
60	2.2648000000000006	1.9350637721958718e-32
60	2.2860000000000009	1.7594658516911305e-18
60	2.3344000000000009	4.0776251024631885e-38
60	2.3556000000000008	1.123732063582667e-24
60	2.4252000000000007	5.7828390928761229e-31
60	2.494800000000001	1.5564856997187479e-37
60	20.069600000000001	1.1102230246251565e-16
61	1.2039999999999997	0.99999879600072494
61	1.2655999999999998	1.2039984762185646e-06
61	1.3271999999999997	7.9897333960187935e-13
61	1.3887999999999998	3.8703839410737028e-19
61	1.3911999999999998	8.1151147711214807e-40
61	1.4503999999999997	1.5306573757916983e-25
61	1.5119999999999998	5.2438687552335793e-32
62	1.9564000000000008	0.9999980436019138
62	2.0260000000000007	1.9563960363376164e-06
62	2.1836000000000011	8.1151147711214807e-40
62	2.2560000000000016	2.049911295394905e-12
62	2.3044000000000007	2.1033552719235497e-32
62	2.3256000000000014	1.8574324123608327e-18
62	2.374000000000001	4.6612747286827041e-38
62	2.3952000000000013	1.2042791176290141e-24
62	2.4648000000000012	6.2883733962104136e-31
62	2.5344000000000015	1.7232790915618493e-37
63	3.371600000000003	8.1151147711214807e-40
63	3.4256000000000029	0.99999657440586742
63	3.4952000000000027	3.4255880268638057e-06
63	3.5648000000000031	6.1057676741206044e-12
63	3.634400000000003	7.5413529793262872e-18
63	3.7040000000000028	7.2533182575677025e-24
63	3.722400000000003	9.8052597553898288e-37
63	3.7736000000000027	5.7886490621758e-30
63	3.8432000000000031	2.9416262402101834e-36
64	1.9960000000000009	0.99999800400199212
64	2.2232000000000012	8.1151147711214807e-40
64	2.2260000000000013	1.9959955569089451e-06
64	2.2956000000000016	2.4510823732888528e-12
64	2.3440000000000007	2.2745922284286993e-32
64	2.3652000000000015	2.0068963407498305e-18
64	2.4136000000000011	5.3129408801362116e-38
64	2.4348000000000014	1.2963365669855376e-24
64	2.5044000000000013	6.8407099936396206e-31
64	2.5740000000000016	1.9039392832791174e-37
65	1.2435999999999998	0.99999875640077329
65	1.3131999999999999	1.243598366905552e-06
65	1.3827999999999998	8.5982385103475737e-13
65	1.4523999999999999	4.3722130150198617e-19
65	1.4707999999999999	2.5016532624993097e-39
65	1.5219999999999998	1.826891553907597e-25
65	1.5915999999999999	6.6501977340503266e-32
66	1.2831999999999997	0.99999871680082331
66	1.3527999999999998	1.2831982640882137e-06
66	1.4223999999999997	9.1261054190184263e-13
66	1.4919999999999998	4.7608017715451328e-19
66	1.5104	8.1151147711214807e-40
66	1.5615999999999997	2.0360659074413902e-25
66	1.6311999999999998	7.5707921172020656e-32
67	3.4112000000000031	8.1151147711214807e-40
67	3.4652000000000029	0.99999653480600381
67	3.5348000000000028	3.4651877512326914e-06
67	3.6044000000000032	6.244960930622262e-12
67	3.674000000000003	7.7956756911682482e-18
67	3.7436000000000029	7.5750194798447702e-24
67	3.8132000000000028	6.1052540775082105e-30
67	3.8828000000000031	4.2092253690929898e-36
68	2.9484000000000021	0.9999970516043466
68	3.0152000000000023	8.1151147711214807e-40
68	3.018000000000002	2.9483911017422277e-06
68	3.2084000000000024	4.551725316221077e-12
68	3.2780000000000022	5.4480642017283105e-18
68	3.296400000000002	9.1817367410806816e-32
68	3.3476000000000021	4.7907110390216626e-24
68	3.3660000000000023	4.5711120212763221e-37
68	3.417200000000002	3.3947690046447462e-30
68	3.4868000000000023	1.5368046631834369e-36
69	2.035600000000001	0.99999796440207189
69	2.2628000000000013	8.1151147711214807e-40
69	2.2656000000000014	2.0355953881498654e-06
69	2.3352000000000017	2.5400157485483092e-12
69	2.3836000000000008	2.3604065432933063e-32
69	2.4048000000000016	2.1129520070975805e-18
69	2.4532000000000012	6.0388221314568179e-38
69	2.4744000000000015	1.385647609291257e-24
69	2.5440000000000014	7.4281773101768553e-31
69	2.6136000000000017	2.0993038664094324e-37
71	0.1704	0.99999982960001466
71	0.23199999999999998	1.7039996046720469e-07
71	0.29359999999999997	2.5014712655679269e-14
71	0.35520000000000002	3.5831426632674995e-21
71	0.4168	5.140925361133869e-28
71	0.47839999999999999	7.43794325659056e-35
73	2.9880000000000022	0.99999701200446411
73	3.0548000000000024	8.1151147711214807e-40
73	3.1784000000000021	2.9879905029558946e-06
73	3.2480000000000024	5.0329708528841318e-12
73	3.3176000000000023	5.7006127445757946e-18
73	3.3360000000000021	9.5512895501081832e-32
73	3.3872000000000022	5.0335567147553108e-24
73	3.4056000000000024	5.0003433109667001e-37
73	3.4568000000000021	3.6036320981895358e-30
73	3.5264000000000024	1.6409340975538415e-36
74	1.3227999999999995	0.99999867720087499
74	1.3923999999999996	1.3227981581345624e-06
74	1.4619999999999995	9.6696538629557276e-13
74	1.5315999999999996	5.17169597097106e-19
74	1.55	8.1151147711214807e-40
74	1.6011999999999995	2.2626584063115429e-25
74	1.6707999999999996	8.5903361102957439e-32
76	0.20999999999999999	0.99999979000002215
76	0.27160000000000001	2.0999994296400783e-07
76	0.3332	3.4985988342666789e-14
76	0.39480000000000004	5.4553442462296731e-21
76	0.45640000000000003	8.3184950410380154e-28
76	0.51800000000000002	1.2599604239496439e-34
78	2.2356000000000016	0.99999776440249899
78	2.3024000000000013	8.1151147711214807e-40
78	2.3052000000000015	2.2355948465008213e-06
78	2.3748000000000018	2.6545451359787355e-12
78	2.4232000000000009	2.5585855255205135e-32
78	2.4444000000000017	2.2263135987283992e-18
78	2.4928000000000012	6.8455314120427722e-38
78	2.5140000000000016	1.4800540902429437e-24
78	2.5836000000000015	8.0448060982865595e-31
78	2.6532000000000018	2.3102430514962011e-37
79	1.3623999999999996	0.99999863760092822
79	1.4319999999999997	1.3623980490445974e-06
79	1.5015999999999996	1.0228883840296514e-12
79	1.5711999999999997	5.6055166010320803e-19
79	1.5896000000000001	8.1151147711214807e-40
79	1.6407999999999996	2.5076078616464279e-25
79	1.7103999999999997	9.7165809924307706e-32
81	0.37040000000000001	0.99999962960006861
81	0.432	3.7039983998723424e-07
81	0.49360000000000004	9.1414674877705364e-14
81	0.55520000000000003	1.90291067043704e-20
81	0.61680000000000001	3.6215339726243612e-27
81	0.6784	6.5378182025217272e-34
83	1.4019999999999997	0.9999985980009829
83	1.4715999999999998	1.4019979368183185e-06
83	1.5411999999999997	1.0803795349177792e-12
83	1.6107999999999998	6.062884649364197e-19
83	1.6292000000000002	8.1151147711214807e-40
83	1.6803999999999997	2.7718776756422162e-25
83	1.7499999999999998	1.0957671627254069e-31
84	1.4415999999999998	0.99999855840103913
84	1.5111999999999999	1.4415978214557269e-06
84	1.5807999999999998	1.1394388387736612e-12
84	1.6503999999999999	6.5444211035051673e-19
84	1.6688000000000003	8.1151147711214807e-40
84	1.7199999999999998	3.0564558415580938e-25
84	1.7895999999999999	1.232215636990866e-31
86	3.0276000000000023	0.99999697240458318
86	3.0944000000000025	8.1151147711214807e-40
86	3.2180000000000022	3.0275902571988797e-06
86	3.2876000000000025	5.1596189572088511e-12
86	3.3572000000000024	5.9119531158457212e-18
86	3.3756000000000022	1.0111305473617762e-31
86	3.4268000000000023	5.2785799591909596e-24
86	3.4452000000000025	5.4626492725969627e-37
86	3.4964000000000022	3.8197909850209264e-30
86	3.5660000000000025	1.7506154724117916e-36
88	3.4112000000000031	8.1151147711214807e-40
88	3.4652000000000029	0.99999653480600381
88	3.5348000000000028	3.4651877512326914e-06
88	3.6044000000000032	6.244960930622262e-12
88	3.674000000000003	7.7956756911682482e-18
88	3.7436000000000029	7.5750194798447702e-24
88	3.8132000000000028	6.1052540775082105e-30
88	3.8828000000000031	4.2092253690929898e-36
89	1.4811999999999999	0.99999851880109702
89	1.5508	1.4811977029568235e-06
89	1.6203999999999998	1.2000662954110033e-12
89	1.6899999999999999	7.0507469508942704e-19
89	1.7084000000000004	8.1151147711214807e-40
89	1.7595999999999998	3.3623549437112707e-25
89	1.8291999999999999	1.3818996805078184e-31
91	1.5207999999999999	0.99999847920115648
91	1.5904	1.5207975813216018e-06
91	1.6599999999999999	1.2622619046435001e-12
91	1.7296	7.5824831788724104e-19
91	1.7480000000000004	8.1151147711214807e-40
91	1.7991999999999999	3.6906121574721837e-25
91	1.8688	1.5457577485029922e-31
93	3.1340000000000026	8.1151147711214807e-40
93	3.1880000000000024	0.99999681200508173
93	3.2576000000000023	3.1879896147881184e-06
93	3.3272000000000026	5.3035391540351855e-12
93	3.3968000000000025	6.1306361362731581e-18
93	3.4152000000000022	3.1850966659705939e-33
93	3.4664000000000024	5.5327569660704216e-24
93	3.4848000000000026	6.5443920086162985e-37
93	3.5360000000000023	4.1500313240167253e-30
93	3.6056000000000026	1.9366631195021669e-36
94	1.5603999999999998	0.99999843960121737
94	1.6299999999999999	1.5603974565500717e-06
94	1.6995999999999998	1.3260256662848639e-12
94	1.7691999999999999	8.1402507746822416e-19
94	1.7876000000000003	8.1151147711214807e-40
94	1.8387999999999998	4.0422892492596535e-25
94	1.9083999999999999	1.7247715667655419e-31
95	3.1736000000000026	8.1151147711214807e-40
95	3.2276000000000025	0.99999677240520879
95	3.2972000000000024	3.2275893579748283e-06
95	3.3668000000000027	5.4333235470555021e-12
95	3.4364000000000026	6.3523495028980071e-18
95	3.4548000000000023	3.3173676152897353e-33
95	3.5060000000000024	5.7956570358058806e-24
95	3.5244000000000026	7.1212213005544314e-37
95	3.5756000000000023	4.3930363602236321e-30
95	3.6452000000000027	2.0621659310026895e-36
96	2.2752000000000017	0.99999772480258831
96	2.3420000000000014	8.1151147711214807e-40
96	2.3448000000000015	2.2751946651172978e-06
96	2.4144000000000019	2.7466148085652146e-12
96	2.4840000000000018	2.3397552632407206e-18
96	2.5324000000000018	7.7401140740806895e-38
96	2.5536000000000016	1.5785772418142057e-24
96	2.6232000000000015	8.9776534858384846e-31
96	2.6928000000000019	2.5376602808029893e-37
97	3.2132000000000027	8.1151147711214807e-40
97	3.2672000000000025	0.99999673280533741
97	3.3368000000000024	3.2671890980252351e-06
97	3.4064000000000028	5.5646760844551238e-12
97	3.4760000000000026	6.5793425146990465e-18
97	3.4944000000000024	3.4056030564109118e-33
97	3.5456000000000025	6.0678125377779143e-24
97	3.5640000000000027	7.7398330586256303e-37
97	3.6152000000000024	4.647336136495516e-30
97	3.6848000000000027	2.1940663956844395e-36

[frame_wcrt_cdf]
frame_id	response_time_ms	cumulative_probability
0	0.41000000000000003	0.99999959000008409
0	0.47160000000000002	0.99999999999989075
0	0.53320000000000001	1
0	0.5948	1
0	0.65640000000000009	1
0	0.71799999999999997	1
1	0.4496	0.99999955040010113
1	0.51119999999999999	0.99999999999987133
1	0.57279999999999998	1
1	0.63440000000000007	1
1	0.69599999999999995	1
1	0.75760000000000005	1
2	2.433600000000002	0.99999756640296134
2	2.5004000000000017	0.99999756640296134
2	2.5032000000000019	0.9999999999968695
2	2.5728000000000022	1
2	2.6424000000000021	1
2	2.712000000000002	1
2	2.7816000000000018	1
2	2.8512000000000022	1
3	0.48920000000000008	0.99999951080011962
3	0.55080000000000007	0.99999999999985012
3	0.61240000000000006	0.99999999999999989
3	0.67400000000000015	0.99999999999999989
3	0.73560000000000003	0.99999999999999989
3	0.79720000000000013	0.99999999999999989
3	10.0616	1
4	2.4732000000000021	0.99999752680305842
4	2.5400000000000018	0.99999752680305842
4	2.5428000000000019	0.99999999999676958
4	2.6124000000000023	1
4	2.6820000000000022	1
4	2.751600000000002	1
4	2.8212000000000019	1
4	2.8908000000000023	1
5	0.52880000000000005	0.99999947120013977
5	0.59040000000000004	0.99999999999982758
5	0.65200000000000002	1
5	0.71360000000000001	1
5	0.77520000000000011	1
5	0.83679999999999999	1
6	1.6000000000000001	0.99999840000127993
6	1.6696000000000002	0.99999999999860856
6	1.7392000000000001	0.99999999999999989
6	1.8088000000000002	0.99999999999999989
6	1.8272000000000006	0.99999999999999989
6	1.8784000000000001	0.99999999999999989
6	1.9480000000000002	0.99999999999999989
6	20.069600000000001	1
8	2.5128000000000021	0.99999748720315718
8	2.5796000000000019	0.99999748720315718
8	2.582400000000002	0.99999999999666811
8	2.6520000000000024	1
8	2.7216000000000022	1
8	2.7912000000000021	1
8	2.860800000000002	1
8	2.9304000000000023	1
9	1.6395999999999999	0.99999836040134427
9	1.7092000000000001	0.99999999999854183
9	1.7787999999999999	1
9	1.8484	1
9	1.8668000000000005	1
9	1.9179999999999999	1
9	1.9876	1
10	2.3148000000000017	0.99999768520267929
10	2.3816000000000015	0.99999768520267929
10	2.3844000000000016	0.99999999999715994
10	2.454000000000002	1
10	2.5236000000000018	1
10	2.5720000000000018	1
10	2.5932000000000017	1
10	2.6628000000000016	1
10	2.7324000000000019	1
11	0.56840000000000013	0.99999943160016158
11	0.63000000000000012	0.99999999999980349
11	0.6916000000000001	1
11	0.75320000000000009	1
11	0.81480000000000019	1
11	0.87640000000000007	1
12	0.24960000000000002	0.9999997504000312
12	0.31120000000000003	0.99999999999995348
12	0.37280000000000002	1
12	0.43440000000000001	1
12	0.496	1
12	0.55759999999999998	1
13	0.6080000000000001	0.99999939200018495
13	0.66960000000000008	0.99999999999977784
13	0.73120000000000007	1
13	0.79280000000000017	1
13	0.85440000000000005	1
13	0.91600000000000015	1
14	2.5524000000000022	0.99999744760325748
14	2.619200000000002	0.99999744760325748
14	2.6220000000000021	0.99999999999656508
14	2.6916000000000024	1
14	2.7612000000000023	1
14	2.8308000000000022	1
14	2.9004000000000021	1
14	2.9700000000000024	1
15	0.089200000000000002	0.99999991080000405
15	0.14879999999999999	0.99999999999999079
15	0.2084	1
15	0.26800000000000002	1
15	0.3276	1
15	0.38719999999999999	1
16	0.29120000000000001	0.99999970880004252
16	0.3528	0.99999999999993983
16	0.41439999999999999	1
16	0.47600000000000003	1
16	0.53760000000000008	1
16	0.59919999999999995	1
17	0.64760000000000018	0.99999935240020976
17	0.70920000000000016	0.99999999999975053
17	0.77080000000000015	1
17	0.83240000000000025	1
17	0.89400000000000013	1
17	0.95560000000000023	1
19	2.5920000000000023	0.99999740800335934
19	2.6588000000000021	0.99999740800335934
19	2.6616000000000022	0.9999999999964605
19	2.7312000000000025	1
19	2.8008000000000024	1
19	2.8704000000000023	1
19	2.9400000000000022	1
19	3.0096000000000025	1
21	2.6316000000000015	0.99999736840346265
21	2.6984000000000017	0.99999736840346265
21	2.7012000000000014	0.99999999999635414
21	2.7708000000000017	1
21	2.8404000000000016	1
21	2.9100000000000015	1
21	2.9796000000000014	1
21	3.0492000000000017	1
23	3.2528000000000028	8.1151147711214807e-40
23	3.3068000000000026	0.99999669320546758
23	3.3764000000000025	0.99999999999430256
23	3.4460000000000028	1
23	3.5156000000000027	1
23	3.5852000000000026	1
23	3.6036000000000028	1
23	3.6548000000000025	1
23	3.7244000000000028	1
24	1.6792000000000002	0.99999832080141005
24	1.7488000000000004	0.99999999999847344
24	1.8184000000000002	1
24	1.8880000000000003	1
24	1.9064000000000008	1
24	1.9576000000000002	1
24	2.0272000000000001	1
25	2.3544000000000018	0.9999976456027716
25	2.4212000000000016	0.9999976456027716
25	2.4240000000000017	0.99999999999706457
25	2.493600000000002	1
25	2.5632000000000019	1
25	2.6328000000000018	1
25	2.7024000000000017	1
25	2.772000000000002	1
27	0.68720000000000003	0.99999931280023613
27	0.74880000000000002	0.99999999999972156
27	0.81040000000000001	1
27	0.87200000000000011	1
27	0.93359999999999999	1
27	0.99520000000000008	1
28	2.6712000000000016	0.99999732880356762
28	2.7380000000000018	0.99999732880356762
28	2.7408000000000015	0.99999999999624645
28	2.8104000000000018	1
28	2.8800000000000017	1
28	2.9496000000000016	1
28	3.0192000000000014	1
28	3.0888000000000018	1
29	1.7188000000000001	0.99999828120147727
29	1.7884000000000002	0.99999999999840339
29	1.8580000000000001	1
29	1.9276000000000002	1
29	1.9460000000000006	1
29	1.9972000000000001	1
29	2.0668000000000002	1
30	0.72680000000000011	0.99999927320026416
30	0.7884000000000001	0.99999999999969114
30	0.85000000000000009	1
30	0.91160000000000019	1
30	0.97320000000000007	1
30	1.0348000000000002	1
32	2.7108000000000017	0.99999728920367426
32	2.7776000000000018	0.99999728920367426
32	2.7804000000000015	0.9999999999961372
32	2.8500000000000019	1
32	2.9196000000000017	1
32	2.9892000000000016	1
32	3.0588000000000015	1
32	3.1284000000000018	1
32	3.1796000000000015	1
32	3.2492000000000019	1
33	1.7584000000000004	0.99999824160154605
33	1.8280000000000005	0.99999999999833167
33	1.8976000000000004	1
33	1.9672000000000005	1
33	1.9856000000000009	1
33	2.0368000000000004	1
33	2.1064000000000003	1
33	2.1760000000000006	1
33	2.2668000000000004	1
33	2.3364000000000007	1
34	3.2924000000000029	8.1151147711214807e-40
34	3.3464000000000027	0.99999665360559942
34	3.4160000000000026	0.99999999999416811
34	3.4856000000000029	1
34	3.5552000000000028	1
34	3.6248000000000027	1
34	3.6432000000000029	1
34	3.6944000000000026	1
34	3.7640000000000029	1
35	0.76639999999999997	0.99999923360029375
35	0.82799999999999996	0.99999999999965916
35	0.88959999999999995	1
35	0.95120000000000005	1
35	1.0127999999999999	1
35	1.0744	1
36	1.7980000000000005	0.99999820200161649
36	1.8676000000000006	0.9999999999982585
36	1.9372000000000005	1
36	2.0068000000000006	1
36	2.0252000000000008	1
36	2.1460000000000004	1
36	2.2368000000000006	1
36	2.3064000000000004	1
36	2.3760000000000008	1
37	0.80600000000000005	0.99999919400032478
37	0.86760000000000004	0.99999999999962552
37	0.92920000000000003	1
37	0.99080000000000013	1
37	1.1140000000000001	1
37	1.1732000000000002	1
37	1.2348000000000003	1
38	0.84559999999999991	0.99999915440035747
38	0.9071999999999999	0.99999999999959033
38	0.96879999999999988	0.99999999999999989
38	1.0304	0.99999999999999989
38	1.1536	0.99999999999999989
38	1.2128000000000001	0.99999999999999989
38	1.2744000000000002	0.99999999999999989
38	10.0616	1
40	0.88519999999999999	0.99999911480039183
40	0.94679999999999997	0.99999999999955369
40	1.0084	1
40	1.1908000000000003	1
40	1.1932	1
40	1.2524000000000002	1
40	1.3140000000000003	1
41	0.92479999999999984	0.99999907520042775
41	0.98639999999999983	0.9999999999995155
41	1.1688000000000001	1
41	1.2304000000000002	1
41	1.2327999999999999	1
41	1.292	1
41	1.3536000000000001	1
43	2.3940000000000019	0.99999760600286558
43	2.4608000000000017	0.99999760600286558
43	2.4636000000000018	0.99999999999696776
43	2.5332000000000021	1
43	2.602800000000002	1
43	2.6724000000000019	1
43	2.7420000000000018	1
43	2.8116000000000021	1
44	3.332000000000003	8.1151147711214807e-40
44	3.3860000000000028	0.99999661400573259
44	3.4556000000000027	0.999999999994032
44	3.525200000000003	1
44	3.5948000000000029	1
44	3.6644000000000028	1
44	3.682800000000003	1
44	3.7340000000000027	1
44	3.803600000000003	1
45	1.8376000000000006	0.99999816240168848
45	1.9072000000000007	0.99999999999818379
45	1.9768000000000006	1
45	2.0648000000000009	1
45	2.1856000000000004	1
45	2.2068000000000008	1
45	2.2552000000000008	1
45	2.2764000000000006	1
45	2.3460000000000005	1
45	2.4156000000000009	1
46	2.7504000000000017	0.99999724960378245
46	2.8172000000000019	0.99999724960378245
46	2.8200000000000016	0.99999999999602629
46	2.8896000000000019	1
46	2.9592000000000018	1
46	3.0288000000000017	1
46	3.0984000000000016	1
46	3.1680000000000019	1
46	3.2192000000000016	1
46	3.2888000000000019	1
47	0.96439999999999992	0.9999990356004651
47	1.026	0.99999999999947564
47	1.2084000000000001	1
47	1.2700000000000002	1
47	1.2724	1
47	1.3316000000000001	1
47	1.3932000000000002	1
48	2.7900000000000018	0.99999721000389208
48	2.856800000000002	0.99999721000389208
48	2.8596000000000017	0.99999999999591382
48	2.929200000000002	1
48	2.9988000000000019	1
48	3.1380000000000017	1
48	3.1892000000000018	1
48	3.207600000000002	1
48	3.2588000000000017	1
48	3.328400000000002	1
49	1.0039999999999998	0.99999899600050401
49	1.1863999999999999	0.99999999999931288
49	1.2479999999999998	1
49	1.3095999999999999	1
49	1.3119999999999998	1
49	1.3711999999999998	1
49	1.4327999999999999	1
50	1.1643999999999999	0.99999883560067804
50	1.226	0.99999999999925049
50	1.2875999999999999	1
50	1.3492	1
50	1.3515999999999999	1
50	1.4107999999999998	1
50	1.4723999999999999	1
51	0.1308	0.9999998692000085
51	0.19240000000000002	0.99999999999998335
51	0.254	1
51	0.31559999999999999	1
51	0.37719999999999998	1
51	0.43879999999999997	1
53	0.33079999999999998	0.99999966920005479
53	0.39239999999999997	0.99999999999992495
53	0.45399999999999996	1
53	0.51560000000000006	1
53	0.57719999999999994	1
53	0.63880000000000003	1
54	2.8296000000000019	0.99999717040400349
54	2.8964000000000021	0.99999717040400349
54	2.8992000000000018	0.99999999999579992
54	2.9688000000000021	1
54	3.038400000000002	1
54	3.1776000000000018	1
54	3.2288000000000019	1
54	3.2472000000000021	1
54	3.2984000000000018	1
54	3.3680000000000021	1
55	2.869200000000002	0.99999713080411623
55	2.9360000000000022	0.99999713080411623
55	2.9388000000000019	0.99999999999568423
55	3.0084000000000022	1
55	3.1988000000000021	1
55	3.2172000000000018	1
55	3.268400000000002	1
55	3.2868000000000022	1
55	3.3380000000000019	1
55	3.4076000000000022	1
57	1.8772000000000006	0.99999812280176192
57	1.9468000000000008	0.9999999999981074
57	2.0164000000000009	1
57	2.1044000000000009	1
57	2.2252000000000005	1
57	2.2464000000000008	1
57	2.2948000000000008	1
57	2.3160000000000007	1
57	2.3856000000000006	1
57	2.4552000000000009	1
58	2.9088000000000021	0.99999709120423064
58	2.9756000000000022	0.99999709120423064
58	2.9784000000000019	0.9999999999955671
58	3.1688000000000023	1
58	3.2384000000000022	1
58	3.2568000000000019	1
58	3.308000000000002	1
58	3.3264000000000022	1
58	3.3776000000000019	1
58	3.4472000000000023	1
60	1.9168000000000007	0.99999808320183703
60	1.9864000000000008	0.99999999999802947
60	2.144000000000001	0.99999999999802947
60	2.216400000000001	0.99999999999999989
60	2.2648000000000006	0.99999999999999989
60	2.2860000000000009	0.99999999999999989
60	2.3344000000000009	0.99999999999999989
60	2.3556000000000008	0.99999999999999989
60	2.4252000000000007	0.99999999999999989
60	2.494800000000001	0.99999999999999989
60	20.069600000000001	1
61	1.2039999999999997	0.99999879600072494
61	1.2655999999999998	0.99999999999920119
61	1.3271999999999997	1
61	1.3887999999999998	1
61	1.3911999999999998	1
61	1.4503999999999997	1
61	1.5119999999999998	1
62	1.9564000000000008	0.9999980436019138
62	2.0260000000000007	0.99999999999795008
62	2.1836000000000011	0.99999999999795008
62	2.2560000000000016	1
62	2.3044000000000007	1
62	2.3256000000000014	1
62	2.374000000000001	1
62	2.3952000000000013	1
62	2.4648000000000012	1
62	2.5344000000000015	1
63	3.371600000000003	8.1151147711214807e-40
63	3.4256000000000029	0.99999657440586742
63	3.4952000000000027	0.99999999999389433
63	3.5648000000000031	1
63	3.634400000000003	1
63	3.7040000000000028	1
63	3.722400000000003	1
63	3.7736000000000027	1
63	3.8432000000000031	1
64	1.9960000000000009	0.99999800400199212
64	2.2232000000000012	0.99999800400199212
64	2.2260000000000013	0.99999999999754907
64	2.2956000000000016	1
64	2.3440000000000007	1
64	2.3652000000000015	1
64	2.4136000000000011	1
64	2.4348000000000014	1
64	2.5044000000000013	1
64	2.5740000000000016	1
65	1.2435999999999998	0.99999875640077329
65	1.3131999999999999	0.99999999999914024
65	1.3827999999999998	1
65	1.4523999999999999	1
65	1.4707999999999999	1
65	1.5219999999999998	1
65	1.5915999999999999	1
66	1.2831999999999997	0.99999871680082331
66	1.3527999999999998	0.9999999999990874
66	1.4223999999999997	1
66	1.4919999999999998	1
66	1.5104	1
66	1.5615999999999997	1
66	1.6311999999999998	1
67	3.4112000000000031	8.1151147711214807e-40
67	3.4652000000000029	0.99999653480600381
67	3.5348000000000028	0.999999999993755
67	3.6044000000000032	1
67	3.674000000000003	1
67	3.7436000000000029	1
67	3.8132000000000028	1
67	3.8828000000000031	1
68	2.9484000000000021	0.9999970516043466
68	3.0152000000000023	0.9999970516043466
68	3.018000000000002	0.99999999999544831
68	3.2084000000000024	1
68	3.2780000000000022	1
68	3.296400000000002	1
68	3.3476000000000021	1
68	3.3660000000000023	1
68	3.417200000000002	1
68	3.4868000000000023	1
69	2.035600000000001	0.99999796440207189
69	2.2628000000000013	0.99999796440207189
69	2.2656000000000014	0.99999999999746003
69	2.3352000000000017	1
69	2.3836000000000008	1
69	2.4048000000000016	1
69	2.4532000000000012	1
69	2.4744000000000015	1
69	2.5440000000000014	1
69	2.6136000000000017	1
71	0.1704	0.99999982960001466
71	0.23199999999999998	0.99999999999997513
71	0.29359999999999997	1
71	0.35520000000000002	1
71	0.4168	1
71	0.47839999999999999	1
73	2.9880000000000022	0.99999701200446411
73	3.0548000000000024	0.99999701200446411
73	3.1784000000000021	0.99999999999496703
73	3.2480000000000024	1
73	3.3176000000000023	1
73	3.3360000000000021	1
73	3.3872000000000022	1
73	3.4056000000000024	1
73	3.4568000000000021	1
73	3.5264000000000024	1
74	1.3227999999999995	0.99999867720087499
74	1.3923999999999996	0.99999999999903311
74	1.4619999999999995	1
74	1.5315999999999996	1
74	1.55	1
74	1.6011999999999995	1
74	1.6707999999999996	1
76	0.20999999999999999	0.99999979000002215
76	0.27160000000000001	0.99999999999996514
76	0.3332	1
76	0.39480000000000004	1
76	0.45640000000000003	1
76	0.51800000000000002	1
78	2.2356000000000016	0.99999776440249899
78	2.3024000000000013	0.99999776440249899
78	2.3052000000000015	0.99999999999734546
78	2.3748000000000018	1
78	2.4232000000000009	1
78	2.4444000000000017	1
78	2.4928000000000012	1
78	2.5140000000000016	1
78	2.5836000000000015	1
78	2.6532000000000018	1
79	1.3623999999999996	0.99999863760092822
79	1.4319999999999997	0.99999999999897726
79	1.5015999999999996	1
79	1.5711999999999997	1
79	1.5896000000000001	1
79	1.6407999999999996	1
79	1.7103999999999997	1
81	0.37040000000000001	0.99999962960006861
81	0.432	0.99999999999990863
81	0.49360000000000004	1
81	0.55520000000000003	1
81	0.61680000000000001	1
81	0.6784	1
83	1.4019999999999997	0.9999985980009829
83	1.4715999999999998	0.99999999999891975
83	1.5411999999999997	1
83	1.6107999999999998	1
83	1.6292000000000002	1
83	1.6803999999999997	1
83	1.7499999999999998	1
84	1.4415999999999998	0.99999855840103913
84	1.5111999999999999	0.99999999999886058
84	1.5807999999999998	1
84	1.6503999999999999	1
84	1.6688000000000003	1
84	1.7199999999999998	1
84	1.7895999999999999	1
86	3.0276000000000023	0.99999697240458318
86	3.0944000000000025	0.99999697240458318
86	3.2180000000000022	0.99999999999484035
86	3.2876000000000025	1
86	3.3572000000000024	1
86	3.3756000000000022	1
86	3.4268000000000023	1
86	3.4452000000000025	1
86	3.4964000000000022	1
86	3.5660000000000025	1
88	3.4112000000000031	8.1151147711214807e-40
88	3.4652000000000029	0.99999653480600381
88	3.5348000000000028	0.999999999993755
88	3.6044000000000032	1
88	3.674000000000003	1
88	3.7436000000000029	1
88	3.8132000000000028	1
88	3.8828000000000031	1
89	1.4811999999999999	0.99999851880109702
89	1.5508	0.99999999999879996
89	1.6203999999999998	1
89	1.6899999999999999	1
89	1.7084000000000004	1
89	1.7595999999999998	1
89	1.8291999999999999	1
91	1.5207999999999999	0.99999847920115648
91	1.5904	0.99999999999873779
91	1.6599999999999999	1
91	1.7296	1
91	1.7480000000000004	1
91	1.7991999999999999	1
91	1.8688	1
93	3.1340000000000026	8.1151147711214807e-40
93	3.1880000000000024	0.99999681200508173
93	3.2576000000000023	0.99999999999469646
93	3.3272000000000026	1
93	3.3968000000000025	1
93	3.4152000000000022	1
93	3.4664000000000024	1
93	3.4848000000000026	1
93	3.5360000000000023	1
93	3.6056000000000026	1
94	1.5603999999999998	0.99999843960121737
94	1.6299999999999999	0.99999999999867395
94	1.6995999999999998	1
94	1.7691999999999999	1
94	1.7876000000000003	1
94	1.8387999999999998	1
94	1.9083999999999999	1
95	3.1736000000000026	8.1151147711214807e-40
95	3.2276000000000025	0.99999677240520879
95	3.2972000000000024	0.99999999999456679
95	3.3668000000000027	1
95	3.4364000000000026	1
95	3.4548000000000023	1
95	3.5060000000000024	1
95	3.5244000000000026	1
95	3.5756000000000023	1
95	3.6452000000000027	1
96	2.2752000000000017	0.99999772480258831
96	2.3420000000000014	0.99999772480258831
96	2.3448000000000015	0.99999999999725342
96	2.4144000000000019	1
96	2.4840000000000018	1
96	2.5324000000000018	1
96	2.5536000000000016	1
96	2.6232000000000015	1
96	2.6928000000000019	1
97	3.2132000000000027	8.1151147711214807e-40
97	3.2672000000000025	0.99999673280533741
97	3.3368000000000024	0.99999999999443545
97	3.4064000000000028	1
97	3.4760000000000026	1
97	3.4944000000000024	1
97	3.5456000000000025	1
97	3.5640000000000027	1
97	3.6152000000000024	1
97	3.6848000000000027	1

[frame_distribution_quantiles]
frame_id	retry_q50	retry_q90	retry_q95	retry_q99	wcrt_q50_ms	wcrt_q90_ms	wcrt_q95_ms	wcrt_q99_ms
0	0	0	0	0	0.41000000000000003	0.41000000000000003	0.41000000000000003	0.41000000000000003
1	0	0	0	0	0.4496	0.4496	0.4496	0.4496
2	0	0	0	0	2.433600000000002	2.433600000000002	2.433600000000002	2.433600000000002
3	0	0	0	0	0.48920000000000008	0.48920000000000008	0.48920000000000008	0.48920000000000008
4	0	0	0	0	2.4732000000000021	2.4732000000000021	2.4732000000000021	2.4732000000000021
5	0	0	0	0	0.52880000000000005	0.52880000000000005	0.52880000000000005	0.52880000000000005
6	0	0	0	0	1.6000000000000001	1.6000000000000001	1.6000000000000001	1.6000000000000001
8	0	0	0	0	2.5128000000000021	2.5128000000000021	2.5128000000000021	2.5128000000000021
9	0	0	0	0	1.6395999999999999	1.6395999999999999	1.6395999999999999	1.6395999999999999
10	0	0	0	0	2.3148000000000017	2.3148000000000017	2.3148000000000017	2.3148000000000017
11	0	0	0	0	0.56840000000000013	0.56840000000000013	0.56840000000000013	0.56840000000000013
12	0	0	0	0	0.24960000000000002	0.24960000000000002	0.24960000000000002	0.24960000000000002
13	0	0	0	0	0.6080000000000001	0.6080000000000001	0.6080000000000001	0.6080000000000001
14	0	0	0	0	2.5524000000000022	2.5524000000000022	2.5524000000000022	2.5524000000000022
15	0	0	0	0	0.089200000000000002	0.089200000000000002	0.089200000000000002	0.089200000000000002
16	0	0	0	0	0.29120000000000001	0.29120000000000001	0.29120000000000001	0.29120000000000001
17	0	0	0	0	0.64760000000000018	0.64760000000000018	0.64760000000000018	0.64760000000000018
19	0	0	0	0	2.5920000000000023	2.5920000000000023	2.5920000000000023	2.5920000000000023
21	0	0	0	0	2.6316000000000015	2.6316000000000015	2.6316000000000015	2.6316000000000015
23	0	0	0	0	3.3068000000000026	3.3068000000000026	3.3068000000000026	3.3068000000000026
24	0	0	0	0	1.6792000000000002	1.6792000000000002	1.6792000000000002	1.6792000000000002
25	0	0	0	0	2.3544000000000018	2.3544000000000018	2.3544000000000018	2.3544000000000018
27	0	0	0	0	0.68720000000000003	0.68720000000000003	0.68720000000000003	0.68720000000000003
28	0	0	0	0	2.6712000000000016	2.6712000000000016	2.6712000000000016	2.6712000000000016
29	0	0	0	0	1.7188000000000001	1.7188000000000001	1.7188000000000001	1.7188000000000001
30	0	0	0	0	0.72680000000000011	0.72680000000000011	0.72680000000000011	0.72680000000000011
32	0	0	0	0	2.7108000000000017	2.7108000000000017	2.7108000000000017	2.7108000000000017
33	0	0	0	0	1.7584000000000004	1.7584000000000004	1.7584000000000004	1.7584000000000004
34	0	0	0	0	3.3464000000000027	3.3464000000000027	3.3464000000000027	3.3464000000000027
35	0	0	0	0	0.76639999999999997	0.76639999999999997	0.76639999999999997	0.76639999999999997
36	0	0	0	0	1.7980000000000005	1.7980000000000005	1.7980000000000005	1.7980000000000005
37	0	0	0	0	0.80600000000000005	0.80600000000000005	0.80600000000000005	0.80600000000000005
38	0	0	0	0	0.84559999999999991	0.84559999999999991	0.84559999999999991	0.84559999999999991
40	0	0	0	0	0.88519999999999999	0.88519999999999999	0.88519999999999999	0.88519999999999999
41	0	0	0	0	0.92479999999999984	0.92479999999999984	0.92479999999999984	0.92479999999999984
43	0	0	0	0	2.3940000000000019	2.3940000000000019	2.3940000000000019	2.3940000000000019
44	0	0	0	0	3.3860000000000028	3.3860000000000028	3.3860000000000028	3.3860000000000028
45	0	0	0	0	1.8376000000000006	1.8376000000000006	1.8376000000000006	1.8376000000000006
46	0	0	0	0	2.7504000000000017	2.7504000000000017	2.7504000000000017	2.7504000000000017
47	0	0	0	0	0.96439999999999992	0.96439999999999992	0.96439999999999992	0.96439999999999992
48	0	0	0	0	2.7900000000000018	2.7900000000000018	2.7900000000000018	2.7900000000000018
49	0	0	0	0	1.0039999999999998	1.0039999999999998	1.0039999999999998	1.0039999999999998
50	0	0	0	0	1.1643999999999999	1.1643999999999999	1.1643999999999999	1.1643999999999999
51	0	0	0	0	0.1308	0.1308	0.1308	0.1308
53	0	0	0	0	0.33079999999999998	0.33079999999999998	0.33079999999999998	0.33079999999999998
54	0	0	0	0	2.8296000000000019	2.8296000000000019	2.8296000000000019	2.8296000000000019
55	0	0	0	0	2.869200000000002	2.869200000000002	2.869200000000002	2.869200000000002
57	0	0	0	0	1.8772000000000006	1.8772000000000006	1.8772000000000006	1.8772000000000006
58	0	0	0	0	2.9088000000000021	2.9088000000000021	2.9088000000000021	2.9088000000000021
60	0	0	0	0	1.9168000000000007	1.9168000000000007	1.9168000000000007	1.9168000000000007
61	0	0	0	0	1.2039999999999997	1.2039999999999997	1.2039999999999997	1.2039999999999997
62	0	0	0	0	1.9564000000000008	1.9564000000000008	1.9564000000000008	1.9564000000000008
63	0	0	0	0	3.4256000000000029	3.4256000000000029	3.4256000000000029	3.4256000000000029
64	0	0	0	0	1.9960000000000009	1.9960000000000009	1.9960000000000009	1.9960000000000009
65	0	0	0	0	1.2435999999999998	1.2435999999999998	1.2435999999999998	1.2435999999999998
66	0	0	0	0	1.2831999999999997	1.2831999999999997	1.2831999999999997	1.2831999999999997
67	0	0	0	0	3.4652000000000029	3.4652000000000029	3.4652000000000029	3.4652000000000029
68	0	0	0	0	2.9484000000000021	2.9484000000000021	2.9484000000000021	2.9484000000000021
69	0	0	0	0	2.035600000000001	2.035600000000001	2.035600000000001	2.035600000000001
71	0	0	0	0	0.1704	0.1704	0.1704	0.1704
73	0	0	0	0	2.9880000000000022	2.9880000000000022	2.9880000000000022	2.9880000000000022
74	0	0	0	0	1.3227999999999995	1.3227999999999995	1.3227999999999995	1.3227999999999995
76	0	0	0	0	0.20999999999999999	0.20999999999999999	0.20999999999999999	0.20999999999999999
78	0	0	0	0	2.2356000000000016	2.2356000000000016	2.2356000000000016	2.2356000000000016
79	0	0	0	0	1.3623999999999996	1.3623999999999996	1.3623999999999996	1.3623999999999996
81	0	0	0	0	0.37040000000000001	0.37040000000000001	0.37040000000000001	0.37040000000000001
83	0	0	0	0	1.4019999999999997	1.4019999999999997	1.4019999999999997	1.4019999999999997
84	0	0	0	0	1.4415999999999998	1.4415999999999998	1.4415999999999998	1.4415999999999998
86	0	0	0	0	3.0276000000000023	3.0276000000000023	3.0276000000000023	3.0276000000000023
88	0	0	0	0	3.4652000000000029	3.4652000000000029	3.4652000000000029	3.4652000000000029
89	0	0	0	0	1.4811999999999999	1.4811999999999999	1.4811999999999999	1.4811999999999999
91	0	0	0	0	1.5207999999999999	1.5207999999999999	1.5207999999999999	1.5207999999999999
93	0	0	0	0	3.1880000000000024	3.1880000000000024	3.1880000000000024	3.1880000000000024
94	0	0	0	0	1.5603999999999998	1.5603999999999998	1.5603999999999998	1.5603999999999998
95	0	0	0	0	3.2276000000000025	3.2276000000000025	3.2276000000000025	3.2276000000000025
96	0	0	0	0	2.2752000000000017	2.2752000000000017	2.2752000000000017	2.2752000000000017
97	0	0	0	0	3.2672000000000025	3.2672000000000025	3.2672000000000025	3.2672000000000025

[signal_summary]
code	frame_id	period_ms	level	type	p_timeout	expected_wcrt_ms	wcrt_p95_ms	expected_retry_count	p_threshold
13184158488339172	3	10	0	0	1.1102230246251565e-16	0.48920003013472302	0.48920000000000008	4.8920003080085559e-07	1
255608349214787915	28	100	1	0	0	2.6712001859155343	2.6712000000000016	2.6712001859155347e-06	2.7777777777777777e-12
280752510087365410	71	1	2	0	0	0.17040001049664066	0.1704	1.7040001049664075e-07	2.7777777777777774e-14
324545278663086341	55	100	0	0	0	2.8692001996963361	2.869200000000002	2.8692001996963369e-06	1
826441735061185327	0	10	0	0	0	0.41000002525600165	0.41000000000000003	4.1000002525600134e-07	1
976533153587305479	19	100	0	0	0	2.5920001804032151	2.5920000000000023	2.5920001804032149e-06	1
1183442724201458370	65	20	2	0	0	1.243600086554566	1.2435999999999998	1.2436000865545657e-06	5.5555555555555559e-13
1693436164891917407	16	10	0	0	0	0.29120001793792111	0.29120000000000001	2.9120001793792156e-07	1
1726119330108289122	91	10	0	0	0	1.5208001058476874	1.5207999999999999	1.5208001058476858e-06	1
1991617120678337151	8	100	3	0	0	2.5128001748908946	2.5128000000000021	2.5128001748908931e-06	2.7777777777777779e-13
2042095953131035491	58	100	2	0	0	2.9088002024530319	2.9088000000000021	2.9088002024530327e-06	2.7777777777777777e-12
2139348225719481634	78	20	0	0	0	2.2356001555977723	2.2356000000000016	2.235600155597772e-06	1
2155271292704939451	38	10	0	0	1.1102230246251565e-16	0.84560005208896416	0.84559999999999991	8.4560005275509735e-07	1
2422010628596120232	49	10	0	0	0	1.0040001831295502	1.0039999999999998	1.0040001831295498e-06	1
2486049276996827570	91	20	0	0	0	1.5208001058476874	1.5207999999999999	1.5208001058476858e-06	1
2568659836214118045	14	100	0	0	0	2.5524001776470548	2.5524000000000022	2.5524001776470531e-06	1
2918870431188430822	79	20	1	0	0	1.3624000948230461	1.3623999999999996	1.3624000948230471e-06	5.5555555555555559e-13
3069370253048269132	37	20	0	0	0	0.80600004964960315	0.80600000000000005	8.0600004964960329e-07	1
3255579454637396331	4	100	0	1	0	2.4732001721347343	2.4732000000000021	2.4732001721347342e-06	1
3293800469817919389	37	10	0	0	0	0.80600004964960315	0.80600000000000005	8.0600004964960329e-07	1
3327377567985125353	97	100	0	0	0	3.2672002273971388	3.2672000000000025	3.2672002273971419e-06	1
3559641251969778208	27	10	0	0	0	0.68720004233152276	0.68720000000000003	6.8720004233152267e-07	1
3728977562501455464	1	10	0	0	0	0.44960002769536173	0.4496	4.4960002769536142e-07	1
3795879549079857371	57	20	1	0	0	1.8772001306531296	1.8772000000000006	1.8772001306531287e-06	5.5555555555555559e-13
4026382569480271094	15	2	2	0	0	0.08920000531632033	0.089200000000000002	8.9200005316320268e-08	5.5555555555555549e-14
4032694512588131500	35	20	0	0	0	0.76640004721024302	0.76639999999999997	7.6640004721024368e-07	1
4484385997013557979	8	100	0	0	0	2.5128001748908946	2.5128000000000021	2.5128001748908931e-06	1
4748844178289377741	50	10	0	0	0	1.1644000717270444	1.1643999999999999	1.1644000717270456e-06	1
4987909998034831262	60	20	0	0	1.1102230246251565e-16	1.9168001334096083	1.9168000000000007	1.916800134186763e-06	1
5181661201715347256	83	10	0	0	0	1.4020000975792066	1.4019999999999997	1.4020000975792072e-06	1
5360312530656280038	78	20	0	0	0	2.2356001555977723	2.2356000000000016	2.235600155597772e-06	1
5383755181129824865	62	20	0	0	0	1.956400136165779	1.9564000000000008	1.9564001361657793e-06	1
5592733531977850277	74	10	2	0	0	1.3228000920668861	1.3227999999999995	1.3228000920668866e-06	2.7777777777777779e-13
6120294716026605880	94	10	0	0	0	1.5604001086038473	1.5603999999999998	1.5604001086038463e-06	1
6482115423692787405	84	20	0	0	0	1.4416001003353669	1.4415999999999998	1.4416001003353679e-06	1
6560576866072147686	61	20	0	0	0	1.2040000741664045	1.2039999999999997	1.2040000741664048e-06	1
6880604604131800733	84	10	3	0	0	1.4416001003353669	1.4415999999999998	1.4416001003353679e-06	2.7777777777777781e-14
6964269810582241316	64	20	0	0	0	1.9960004590797136	1.9960000000000009	1.9960004590797123e-06	1
7016677703730698055	12	5	1	0	0	0.249600015375361	0.24960000000000002	2.4960001537536097e-07	1.388888888888889e-13
7426798126257499935	88	1000	1	0	0	3.4652002411779401	3.4652000000000029	3.4652002411779398e-06	2.7777777777777777e-11
7663892297405101731	86	100	0	0	0	3.0276005764545291	3.0276000000000023	3.0276005764545302e-06	1
7814997959971874927	84	10	0	0	0	1.4416001003353669	1.4415999999999998	1.4416001003353679e-06	1
7874211963047601213	30	10	2	0	0	0.726800044770883	0.72680000000000011	7.2680004477088291e-07	2.7777777777777779e-13
8542832040160962057	51	2	0	0	0	0.13080000805728048	0.1308	1.3080000805728067e-07	1
8730664442644419930	36	20	2	0	0	1.7980001251408095	1.7980000000000005	1.7980001251408073e-06	5.5555555555555559e-13
9047790564905679622	71	1	0	0	0	0.17040001049664066	0.1704	1.7040001049664075e-07	1
9078614656502116808	6	20	0	0	1.1102230246251565e-16	1.60000011136001	1.6000000000000001	1.6000001120261413e-06	1
9120112699554100537	25	100	0	0	0	2.3544001638662535	2.3544000000000018	2.3544001638662531e-06	1
9179246274659586927	35	10	0	0	0	0.76640004721024302	0.76639999999999997	7.6640004721024368e-07	1
9235778101466159862	51	1	1	0	0	0.13080000805728048	0.1308	1.3080000805728067e-07	2.7777777777777774e-14
9468202219521125820	61	10	0	0	0	1.2040000741664045	1.2039999999999997	1.2040000741664048e-06	1
9535291460106547139	1	10	0	0	0	0.44960002769536173	0.4496	4.4960002769536142e-07	1
9549196304447240145	32	100	3	0	0	2.710800188671695	2.7108000000000017	2.7108001886716923e-06	2.7777777777777779e-13
9861637292890354567	36	20	0	0	0	1.7980001251408095	1.7980000000000005	1.7980001251408073e-06	1
10167539832816003143	93	100	0	0	0	3.1880002218848182	3.1880000000000024	3.1880002218848187e-06	1
10404016732716725676	95	100	0	0	0	3.2276002246409785	3.2276000000000025	3.2276002246409793e-06	1
10441324483469826998	10	50	2	0	0	2.3148001611100932	2.3148000000000017	2.314800161110093e-06	1.3888888888888889e-12
10498222667346120321	51	1	1	0	0	0.13080000805728048	0.1308	1.3080000805728067e-07	2.7777777777777774e-14
10613721794789711414	43	50	3	0	0	2.3940001666224138	2.3940000000000019	2.3940001666224145e-06	1.388888888888889e-13
10886744276438308212	9	20	0	0	0	1.6396001141161682	1.6395999999999999	1.639600114116169e-06	1
10911904939584201379	11	20	0	0	0	0.56840003501344227	0.56840000000000013	5.6840003501344268e-07	1
11985554761833484331	29	20	1	0	0	1.7188001196284888	1.7188000000000001	1.7188001196284894e-06	5.5555555555555559e-13
12376264593502474609	48	100	0	0	0	2.7900001941840156	2.7900000000000018	2.7900001941840163e-06	1
12408746563910261477	1	20	0	0	0	0.44960002769536173	0.4496	4.4960002769536142e-07	1
12674499332983232350	35	10	0	0	0	0.76640004721024302	0.76639999999999997	7.6640004721024368e-07	1
12759653142231873704	36	20	0	0	0	1.7980001251408095	1.7980000000000005	1.7980001251408073e-06	1
12777367187642734087	74	20	1	0	0	1.3228000920668861	1.3227999999999995	1.3228000920668866e-06	5.5555555555555559e-13
12783456987291046059	30	20	3	0	0	0.726800044770883	0.72680000000000011	7.2680004477088291e-07	5.5555555555555561e-14
12884658120913936867	40	10	0	0	0	0.8852000545283234	0.88519999999999999	8.8520005452832367e-07	1
12915068422387812191	64	20	2	0	0	1.9960004590797136	1.9960000000000009	1.9960004590797123e-06	5.5555555555555559e-13
13017988256520779731	43	100	0	0	0	2.3940001666224138	2.3940000000000019	2.3940001666224145e-06	1
13099190218852749317	66	10	0	0	0	1.2832000893107258	1.2831999999999997	1.2832000893107258e-06	1
13147542030742696740	53	5	0	0	0	0.33080002037728123	0.33079999999999998	3.3080002037728149e-07	1
13248317434735166684	44	1000	0	0	0	3.3860002356656191	3.3860000000000028	3.3860002356656175e-06	1
13394418418044355233	2	100	0	0	0	2.433600169378574	2.433600000000002	2.4336001693785733e-06	1
13584640154990657902	5	10	0	0	0	0.52880003257408192	0.52880000000000005	5.2880003257408265e-07	1
13691185267720600681	96	20	0	0	0	2.275200158353933	2.2752000000000017	2.2752001583539342e-06	1
13982056712794666032	49	10	0	0	0	1.0040001831295502	1.0039999999999998	1.0040001831295498e-06	1
14036301835094436550	11	20	1	0	0	0.56840003501344227	0.56840000000000013	5.6840003501344268e-07	5.5555555555555559e-13
14364463648193960399	15	2	0	0	0	0.08920000531632033	0.089200000000000002	8.9200005316320268e-08	1
14377467992418530096	89	10	0	0	0	1.4812001030915272	1.4811999999999999	1.4812001030915295e-06	1
14397743487810511723	13	10	0	0	0	0.60800003745280251	0.6080000000000001	6.0800003745280229e-07	1
14490846720054141954	68	100	0	0	0	2.9484002052092064	2.9484000000000021	2.9484002052092047e-06	1
14495312852150530079	79	10	0	0	0	1.3624000948230461	1.3623999999999996	1.3624000948230471e-06	1
14541803160254541748	33	20	0	0	0	1.758400122384649	1.7584000000000004	1.7584001223846482e-06	1
14690054730851750563	25	50	0	0	0	2.3544001638662535	2.3544000000000018	2.3544001638662531e-06	1
14848168110166860847	65	10	0	0	0	1.243600086554566	1.2435999999999998	1.2436000865545657e-06	1
14928632142698912559	40	20	0	0	0	0.8852000545283234	0.88519999999999999	8.8520005452832367e-07	1
15020859633366589966	63	1000	0	0	0	3.4256002384217799	3.4256000000000029	3.425600238421778e-06	1
15071433895044323041	73	100	0	0	0	2.9880005689147024	2.9880000000000022	2.9880005689147024e-06	1
15116026103792445452	46	100	0	0	0	2.7504001914278553	2.7504000000000017	2.750400191427854e-06	1
15133897148127903851	17	10	0	0	0	0.64760003989216275	0.64760000000000018	6.4760003989216264e-07	1
15235068911802972052	54	100	0	0	0	2.8296001969401763	2.8296000000000019	2.8296001969401759e-06	1
15586647768797012421	13	20	2	0	0	0.60800003745280251	0.6080000000000001	6.0800003745280229e-07	5.5555555555555559e-13
15635013701982100466	83	10	0	0	0	1.4020000975792066	1.4019999999999997	1.4020000975792072e-06	1
16101543958430372124	67	1000	0	0	0	3.4652002411779401	3.4652000000000029	3.4652002411779398e-06	1
16135270860769944577	55	100	0	0	0	2.8692001996963361	2.869200000000002	2.8692001996963369e-06	1
16301257834252400107	89	20	0	0	0	1.4812001030915272	1.4811999999999999	1.4812001030915295e-06	1
16311301521962167398	21	100	0	0	0	2.6316001831593741	2.6316000000000015	2.631600183159375e-06	1
16376829894979816390	24	20	0	0	0	1.6792001168723287	1.6792000000000002	1.6792001168723304e-06	1
16394467849227271714	61	20	1	0	0	1.2040000741664045	1.2039999999999997	1.2040000741664048e-06	5.5555555555555559e-13
16545180175362365583	30	20	0	0	0	0.726800044770883	0.72680000000000011	7.2680004477088291e-07	1
16557095151609841995	15	1	0	0	0	0.08920000531632033	0.089200000000000002	8.9200005316320268e-08	1
16687372970508986410	23	1000	0	0	0	3.306800230153299	3.3068000000000026	3.3068002301532982e-06	1
16830466955179494526	47	10	0	0	0	0.96440005940710694	0.96439999999999992	9.6440005940710705e-07	1
16881206131934447479	11	10	2	0	0	0.56840003501344227	0.56840000000000013	5.6840003501344268e-07	2.7777777777777779e-13
16980196008433042160	53	10	0	0	0	0.33080002037728123	0.33079999999999998	3.3080002037728149e-07	1
17027007722916985863	76	2	0	0	0	0.21000001293600082	0.20999999999999999	2.1000001293600089e-07	1
17164521023735197058	41	10	0	0	0	0.92480005696774203	0.92479999999999984	9.2480005696774098e-07	1
17190264244223035093	16	5	1	0	0	0.29120001793792111	0.29120000000000001	2.9120001793792156e-07	1.388888888888889e-13
17286688072406078238	94	20	2	0	0	1.5604001086038473	1.5603999999999998	1.5604001086038463e-06	5.5555555555555559e-13
17310562496734829646	81	5	0	0	0	0.37040002281664147	0.37040000000000001	3.7040002281664104e-07	1
17366714625135022855	54	100	0	0	0	2.8296001969401763	2.8296000000000019	2.8296001969401759e-06	1
17587032355113950526	79	10	0	0	0	1.3624000948230461	1.3623999999999996	1.3624000948230471e-06	1
17880718274054442910	45	20	3	0	0	1.8376001278969696	1.8376000000000006	1.8376001278969695e-06	5.5555555555555561e-14
17962951005968061810	34	1000	0	0	0	3.3464002329094593	3.3464000000000027	3.3464002329094583e-06	1
18142312829632275939	30	10	0	0	0	0.726800044770883	0.72680000000000011	7.2680004477088291e-07	1
18304218058321284806	69	20	0	0	0	2.0356004681877011	2.035600000000001	2.0356004681877013e-06	1
18349590917638919481	84	20	0	0	0	1.4416001003353669	1.4415999999999998	1.4416001003353679e-06	1
18400709011516492995	16	10	0	0	0	0.29120001793792111	0.29120000000000001	2.9120001793792156e-07	1
