base_bandwidth_utilization	0.26083359999999994
expected_bandwidth_utilization	0.26083371690063217

rounded_expected_bandwidth_utilization	0.52166719999999989

bandwidth_utilization_p99	0.26083359999999994

[frame_summary]
frame_id	priority	period_ms	deadline_ms	trans_time_ms	expected_retry_count	expected_tx_count	rounded_expected_retry_count	rounded_expected_tx_count	retry_p99	tx_count_p99	expected_wcrt_ms	p_timeout	wcrt_p95_ms
0	9	10	10	0.039600000000000003	4.5960002831136201e-07	1.0000004596000283	1	2	0	1	0.45960002831136176	0	0.45960000000000001
2	27	20	20	0.039600000000000003	1.2856001055711017e-06	1.0000012856001055	1	2	0	1	1.2856001049049701	1.1102230246251565e-16	1.2855999999999994
3	10	10	10	0.041599999999999998	5.0120003087392155e-07	1.0000005012000308	1	2	0	1	0.50120003087392195	0	0.50120000000000009
5	11	10	10	0.039600000000000003	5.4080003331328169e-07	1.0000005408000334	1	2	0	1	0.54080003331328219	0	0.54080000000000006
6	12	10	10	0.041599999999999998	5.824000358758426e-07	1.000000582400036	1	2	0	1	0.58240003587584233	0	0.58240000000000014
7	33	100	100	0.039600000000000003	1.5232001249592626e-06	1.0000015232001249	1	2	0	1	1.5232001242931414	1.1102230246251565e-16	1.5232000000000001
8	13	10	10	0.039600000000000003	6.220000383152021e-07	1.0000006220000384	1	2	0	1	0.62200003831520256	0	0.62200000000000011
9	29	50	50	0.039600000000000003	1.3648001113676889e-06	1.0000013648001114	1	2	0	1	1.3648001113676891	0	1.3647999999999998
13	34	100	100	0.039600000000000003	1.5628001275244913e-06	1.0000015628001275	1	2	0	1	1.5628001275244907	0	1.5628000000000002
16	14	10	10	0.061600000000000002	6.6960005530549853e-07	1.0000006696000554	1	2	0	1	0.66960005463936556	1.1102230246251565e-16	0.66960000000000008
17	30	50	50	0.039600000000000003	1.4044001145990501e-06	1.0000014044001146	1	2	0	1	1.4044001145990492	0	1.4043999999999999
19	46	1000	1000	0.039600000000000003	2.0380005739004296e-06	1.0000020380005739	1	2	0	1	2.0380005739004328	0	2.0380000000000011
20	0	1	1	0.039600000000000003	1.0120000603152044e-07	1.0000001012000059	1	2	0	1	0.10120000603152038	0	0.10120000000000001
22	15	10	10	0.041599999999999998	7.1120005803392511e-07	1.000000711200058	1	2	0	1	0.71120005803392483	0	0.71120000000000005
24	31	50	50	0.047600000000000003	1.4440001178304095e-06	1.0000014440001179	1	2	0	1	1.4440001178304094	0	1.4439999999999997
25	35	100	100	0.039600000000000003	1.6024001307558504e-06	1.0000016024001308	1	2	0	1	1.6024001307558509	0	1.6024000000000003
27	36	100	100	0.039600000000000003	1.6420001339872119e-06	1.0000016420001341	1	2	0	1	1.6420001339872115	0	1.6420000000000003
28	5	5	5	0.039600000000000003	3.0120001855392136e-07	1.0000003012000185	1	2	0	1	0.3012000185539212	0	0.30120000000000002
31	37	100	100	0.039600000000000003	1.6816001372185738e-06	1.0000016816001371	1	2	0	1	1.681600137218572	0	1.6816000000000006
32	2	2	2	0.039600000000000003	1.8240001123584087e-07	1.0000001824000113	1	2	0	1	0.18240001123584071	0	0.18240000000000001
33	6	5	5	0.039600000000000003	3.408000209932815e-07	1.0000003408000211	1	2	0	1	0.34080002099328133	0	0.34079999999999999
34	16	10	10	0.0436	7.5480006159168509e-07	1.0000007548000616	1	2	0	1	0.75480006159168489	0	0.75479999999999992
35	47	1000	1000	0.039600000000000003	2.2776001858521759e-06	1.0000022776001858	1	2	0	1	2.2776001858521768	0	2.2776000000000014
36	17	10	10	0.041599999999999998	7.9640006498624486e-07	1.000000796400065	1	2	0	1	0.79640006498624527	0	0.7964
40	48	1000	1000	0.039600000000000003	2.3172001890835371e-06	1.0000023172001891	1	2	0	1	2.3172001890835365	0	2.3172000000000015
41	18	10	10	0.039600000000000003	8.3600006821760504e-07	1.0000008360000683	1	2	0	1	0.83600006821760542	0	0.83599999999999985
42	38	100	100	0.039600000000000003	1.7212001404499327e-06	1.0000017212001404	1	2	0	1	1.721200140449932	0	1.7212000000000005
45	3	2	2	0.039600000000000003	2.2200001367520061e-07	1.0000002220000137	1	2	0	1	0.22200001367520086	0	0.222
46	7	5	5	0.039600000000000003	3.8040002343264169e-07	1.0000003804000235	1	2	0	1	0.38040002343264151	0	0.38040000000000002
48	19	10	10	0.039600000000000003	8.7560007144900208e-07	1.0000008756000716	1	2	0	1	0.87560007144900276	0	0.87559999999999993
49	32	50	50	0.039600000000000003	1.4836001210617697e-06	1.000001483600121	1	2	0	1	1.4836001210617702	0	1.4836
50	20	10	10	0.039600000000000003	9.152000746803664e-07	1.0000009152000746	1	2	0	1	0.9152000746803659	0	0.91519999999999979
51	21	10	10	0.045600000000000002	9.6080007840133061e-07	1.0000009608000784	1	2	0	1	0.96080007840133008	0	0.96079999999999988
52	39	100	100	0.039600000000000003	1.7608001436812927e-06	1.0000017608001437	1	2	0	1	1.7608001436812921	0	1.7608000000000006
53	22	10	10	0.041599999999999998	1.0024001631906921e-06	1.0000010024001631	1	2	0	1	1.0024001631906923	0	1.0023999999999997
54	40	100	100	0.039600000000000003	1.8004001469126512e-06	1.000001800400147	1	2	0	1	1.8004001469126529	0	1.8004000000000007
56	41	100	100	0.039600000000000003	1.8400001501440141e-06	1.0000018400001502	1	2	0	1	1.8400001501440129	0	1.8400000000000007
58	23	10	10	0.041599999999999998	1.1252000918163283e-06	1.0000011252000918	1	2	0	1	1.1252000918163272	0	1.1251999999999995
59	42	100	100	0.039600000000000003	1.8796001541529137e-06	1.0000018796001542	1	2	0	1	1.8796001533757682	1.1102230246251565e-16	1.8796000000000008
60	24	10	10	0.039600000000000003	1.1648000950476889e-06	1.000001164800095	1	2	0	1	1.1648000950476876	0	1.1647999999999996
61	43	100	100	0.039600000000000003	1.9192001566071358e-06	1.0000019192001566	1	2	0	1	1.9192001566071333	0	1.9192000000000009
62	44	100	100	0.039600000000000003	1.958800551597742e-06	1.0000019588005515	1	2	0	1	1.9588005515977422	0	1.958800000000001
63	49	1000	1000	0.039600000000000003	2.3568001923148971e-06	1.0000023568001923	1	2	0	1	2.3568001923148976	0	2.3568000000000016
64	4	2	2	0.039600000000000003	2.6160001678069462e-07	1.0000002616000168	1	2	0	1	0.2616000161145613	1.1102230246251565e-16	0.26160000000000005
65	8	5	5	0.039600000000000003	4.2000002587200214e-07	1.0000004200000259	1	2	0	1	0.42000002587200164	0	0.42000000000000004
66	50	1000	1000	0.039600000000000003	2.3964001955462579e-06	1.0000023964001956	1	2	0	1	2.3964001955462577	0	2.3964000000000016
68	51	1000	1000	0.039600000000000003	2.3964001955462579e-06	1.0000023964001956	1	2	0	1	2.3964001955462577	0	2.3964000000000016
69	28	20	20	0.039600000000000003	1.3252001081363283e-06	1.0000013252001081	1	2	0	1	1.3252001081363287	0	1.3251999999999997
70	45	100	100	0.039600000000000003	1.9984005627490849e-06	1.0000019984005628	1	2	0	1	1.9984005627490877	0	1.9984000000000011
71	25	10	10	0.039600000000000003	1.2044000982790476e-06	1.0000012044000983	1	2	0	1	1.2044000982790475	0	1.2043999999999995
72	26	10	10	0.041599999999999998	1.2460001016736072e-06	1.0000012460001018	1	2	0	1	1.246000101673608	0	1.2459999999999996
73	1	1	1	0.041599999999999998	1.4280000879648063e-07	1.0000001428000087	1	2	0	1	0.14280000879648058	0	0.14280000000000001

[frame_retry_distribution]
frame_id	retry_count	probability
0	0	0.99999954040010564
0	1	4.5959976045654265e-07
0	2	1.339273619471108e-13
0	3	3.1808233678767637e-20
0	4	6.7388001188054425e-27
0	5	1.3296531091001704e-33
2	0	0.99999871440082633
2	1	1.2855982423288807e-06
2	2	9.3128729074999648e-13
2	3	5.0183836866864113e-19
2	4	2.243825268049424e-25
2	5	8.8138843581758747e-32
2	6	1.1102230246251565e-16
3	0	0.99999949880012562
3	1	5.0119971792471899e-07
3	2	1.5647454229726542e-13
3	3	3.9310425566372125e-20
3	4	8.7258425858664324e-27
3	5	1.7908244338049985e-33
5	0	0.99999945920014632
5	1	5.4079967422217776e-07
5	2	1.7954548078176142e-13
5	3	4.7454747348156205e-20
5	4	1.0992092025063352e-26
5	5	2.3392498115881025e-33
6	0	0.99999941760016964
6	1	5.8239962493452111e-07
6	2	2.0547057501991182e-13
6	3	5.7132992370218167e-20
6	4	1.3815257747870177e-26
6	5	3.0505657620009552e-33
7	0	0.99999847680116005
7	1	1.5231975555706002e-06
7	2	1.2843600740533468e-12
7	3	7.9354111648473139e-19
7	4	4.0158578931390729e-25
7	5	1.7655659767834763e-31
7	6	1.1102230246251565e-16
8	0	0.99999937800019356
8	1	6.2199957480094512e-07
8	2	2.3175702729459934e-13
8	3	6.7479299104346266e-20
8	4	1.697220270997811e-26
8	5	3.877399796046403e-33
9	0	0.99999863520093146
9	1	1.3647980259547073e-06
9	2	1.0427056067446164e-12
9	3	5.8932245742047566e-19
9	4	2.7506918933168515e-25
9	5	1.1233783729003857e-31
13	0	0.99999843720122117
13	1	1.5627974301337938e-06
13	2	1.3486940721520276e-12
13	3	8.510518741919118e-19
13	4	4.3906129204864529e-25
13	5	1.964679032049733e-31
16	0	0.99999933040022415
16	1	6.6959949699666914e-07
16	2	2.7882120779760207e-13
16	3	9.3311728051717021e-20
16	4	2.7566509958142441e-26
16	5	7.5242657880769904e-33
16	6	1.1102230246251565e-16
17	0	0.99999859560098625
17	1	1.4043979130631514e-06
17	2	1.1007669944363095e-12
17	3	6.3662766387545795e-19
17	4	3.0340273192835095e-25
17	5	1.2627724305797791e-31
19	0	0.99999796200207669
19	1	2.0379952726606811e-06
19	2	2.6506164353321784e-12
19	3	2.2926817547093434e-18
19	4	1.5713365295025773e-24
19	5	9.139635316098039e-31
19	6	3.7353737244846997e-37
20	0	0.99999989880000517
20	1	1.0119998372704138e-07
20	2	1.1152237542046581e-14
20	3	1.3223462964096524e-21
20	4	1.651475624726784e-28
20	5	2.1417129426682251e-35
22	0	0.99999928880025291
22	1	7.1119943616086398e-07
22	2	3.1093636811712207e-13
22	3	1.0833177696810571e-19
22	4	3.3103197479680094e-26
22	5	9.2990993911308174e-33
24	0	0.99999855600104259
24	1	1.4439977970352802e-06
24	2	1.1603965350091938e-12
24	3	6.8639111004838229e-19
24	4	3.3386384092838319e-25
24	5	1.415628063380906e-31
25	0	0.99999839760128384
25	1	1.6023973015606718e-06
25	2	1.4145962223867085e-12
25	3	9.1126926650452369e-19
25	4	4.7909368788425673e-25
25	5	2.1813171600949378e-31
27	0	0.99999835800134818
27	1	1.6419971698512401e-06
27	2	1.4820665245710963e-12
27	3	9.7425539211986063e-19
27	4	5.2179645625474457e-25
27	5	2.4166099446791409e-31
28	0	0.99999969880004536
28	1	3.0119989072466003e-07
28	2	6.3914612874632608e-14
28	3	1.185703343748037e-20
28	4	2.0607903232197147e-27
28	5	3.4571090508976394e-34
31	0	0.99999831840141395
31	1	1.6815970350054965e-06
31	2	1.5511049785189006e-12
31	3	1.0400723497253671e-18
31	4	5.6728553569696877e-25
31	5	2.67173411710108e-31
31	6	4.8922743415293696e-38
32	0	0.99999981760001666
32	1	1.823999554944056e-07
32	2	2.7870711482709232e-14
32	3	4.0990080308439716e-21
32	4	5.9920818368667549e-28
32	5	8.7911413212962339e-35
33	0	0.99999965920005807
33	1	3.4079986286210781e-07
33	2	7.9065563313570211e-14
33	3	1.5691296200652581e-20
33	4	2.8750554826085329e-27
33	5	5.0322414170632796e-34
34	0	0.99999924520028483
34	1	7.5479936868554399e-07
34	2	3.4645288195610932e-13
34	3	1.2569925447896241e-19
34	4	3.9750102789919199e-26
34	5	1.472697916621657e-32
35	0	0.99999772240259377
35	1	2.2775946266924192e-06
35	2	2.779576255602006e-12
35	3	2.4151995759889183e-18
35	4	1.6756681741480004e-24
35	5	9.8732556468700407e-31
35	6	4.1130056427050489e-37
36	0	0.99999920360031713
36	1	7.9639930076110655e-07
36	2	3.8211235332481049e-13
36	3	1.438957053607031e-19
36	4	5.8654994215548222e-26
36	5	1.9206572854950364e-32
40	0	0.99999768280268464
40	1	2.3171944415073089e-06
40	2	2.8737843118565568e-12
40	3	2.534950058249628e-18
40	4	1.7837679630343744e-24
40	5	1.0650613833426419e-30
40	6	4.5213781339569364e-37
41	0	0.99999916400034949
41	1	8.3599923288675137e-07
41	2	4.176651826687417e-13
41	3	1.6275906804718624e-19
41	4	6.7925353065855583e-26
41	5	2.2741622763874878e-32
42	0	0.99999827880148129
42	1	1.7211968970234382e-06
42	2	1.6217115840438127e-12
42	3	1.108782237998645e-18
42	4	6.1567920071432924e-25
42	5	4.1792740367926841e-31
42	6	5.4079904527934162e-38
45	0	0.99999977800002471
45	1	2.2199993704080868e-07
45	2	3.831718677290482e-14
45	3	6.1229883891678163e-21
45	4	9.5058769565661992e-28
45	5	1.4597383507795317e-34
46	0	0.99999961960007244
46	1	3.8039983186323739e-07
46	2	9.5784671762827279e-14
46	3	2.025318448889693e-20
46	4	3.9031564346879863e-27
46	5	7.1190567641082692e-34
48	0	0.99999912440038341
48	1	8.7559916187608041e-07
48	2	4.5478613063924789e-13
48	3	2.2011796362342917e-19
48	4	8.2746511276490649e-26
48	5	2.7424667063833241e-32
49	0	0.9999985164011006
49	1	1.483597677871097e-06
49	2	1.2215942282769718e-12
49	3	7.3867489467587675e-19
49	4	3.665561593494184e-25
49	5	1.5828948680922773e-31
50	0	0.99999908480041877
50	1	9.1519908772909495e-07
50	2	4.9347526776574779e-13
50	3	2.4531878705146556e-19
50	4	9.4550399073220922e-26
50	5	3.2052508235433408e-32
51	0	0.99999903920046151
51	1	9.6079899846260232e-07
51	2	5.3996894922903038e-13
51	3	2.7659438937944439e-19
51	4	1.0963773659895526e-25
51	5	3.8125796870610924e-32
52	0	0.99999823920155018
52	1	1.7607967559050692e-06
52	2	1.6938863409595493e-12
52	3	1.1804471556074792e-18
52	4	6.6709854403581465e-25
52	5	4.5806261305783665e-31
52	6	5.9634436574601266e-38
53	0	0.99999899760050237
53	1	1.0023988320041999e-06
53	2	6.6559277013841668e-13
53	3	3.1725647875888026e-19
53	4	1.2633613829178365e-25
53	5	4.4660130690618359e-32
54	0	0.99999819960162073
54	1	1.8003966116503875e-06
54	2	1.7676292490798005e-12
54	3	1.2551289501839845e-18
54	4	9.7269253757531812e-25
54	5	5.4677950265932851e-31
54	6	1.735582456725118e-37
56	0	0.99999816000169273
56	1	1.839996464259399e-06
56	2	1.8429403082182837e-12
56	3	1.3328902068756496e-18
56	4	1.046087667214259e-24
56	5	5.9589275420195381e-31
56	6	1.9413408315191827e-37
58	0	0.9999988748006331
58	1	1.1251986421094599e-06
58	2	7.2485290609891458e-13
58	3	3.5198083111926435e-19
58	4	1.4340316280398527e-25
58	5	5.1813524362188215e-32
59	0	0.99999812040176639
59	1	1.8795963137320959e-06
59	2	1.9198191342248217e-12
59	3	1.7977565837324092e-18
59	4	1.1932417709092454e-24
59	5	6.6110792037489556e-31
59	6	2.166551104821784e-37
59	7	1.1102230246251565e-16
60	0	0.99999883520067845
60	1	1.1647985481941858e-06
60	2	7.734261728893612e-13
60	3	3.8573698492609645e-19
60	4	1.6093375983729067e-25
60	5	5.9396864056369254e-32
61	0	0.9999980808018416
61	1	1.919196160068485e-06
61	2	1.9982664791513918e-12
61	3	1.8975520560483163e-18
61	4	1.2776915294520356e-24
61	5	7.1779692298430604e-31
61	6	2.4126186607940058e-37
62	0	0.99999804120191849
62	1	1.9587956115093964e-06
62	2	2.4700410645579923e-12
62	3	2.0720701252409277e-18
62	4	1.3794361430839769e-24
62	5	7.8067726040769895e-31
62	6	2.6810215986848061e-37
63	0	0.99999764320277729
63	1	2.356794253185888e-06
63	2	2.9695605166980717e-12
63	3	2.6585901849707832e-18
63	4	1.8970092924503794e-24
63	5	1.1476122680657719e-30
63	6	5.3339937013026295e-37
64	0	0.9999997384000342
64	1	2.615999154508935e-07
64	2	5.033182063231166e-14
64	3	8.6882971775432774e-21
64	4	1.4289512548925802e-27
64	5	2.294754399856907e-34
64	6	1.1102230246251565e-16
65	0	0.99999958000008826
65	1	4.1999979772804923e-07
65	2	1.1407193803610666e-13
65	3	2.5604797314213928e-20
65	4	5.1789620002585732e-27
65	5	9.830900321115695e-34
66	0	0.99999760360287138
66	1	2.3963940617281595e-06
66	2	3.0669048699402519e-12
66	3	2.7861820546622419e-18
66	4	2.01555248889796e-24
66	5	1.2351983327084946e-30
66	6	5.831848406980403e-37
68	0	0.99999760360287138
68	1	2.3963940617281595e-06
68	2	3.0669048699402519e-12
68	3	2.7861820546622419e-18
68	4	2.01555248889796e-24
68	5	1.2351983327084946e-30
68	6	5.831848406980403e-37
69	0	0.99999867480087812
69	1	1.3251981357099508e-06
69	2	9.8621237212041349e-13
69	3	5.4441339193696977e-19
69	4	2.487620292260603e-25
69	5	9.9653885647211217e-32
70	0	0.99999800160199681
70	1	1.9983954436531927e-06
70	2	2.5595446753721611e-12
70	3	2.1805242655392716e-18
70	4	1.4730486784982007e-24
70	5	8.4522362437948141e-31
70	6	3.3866326363721466e-37
71	0	0.99999879560072535
71	1	1.2043984511425953e-06
71	2	8.2356759368818947e-13
71	3	4.2157564952146101e-19
71	4	1.8001728231958784e-25
71	5	6.7839094346088233e-32
72	0	0.99999875400077631
72	1	1.245998345811497e-06
72	2	8.7793036281966106e-13
72	3	4.6153528884934542e-19
72	4	2.0183441636807663e-25
72	5	7.7710228018885736e-32
73	0	0.99999985720001028
73	1	1.4279997081168309e-07
73	2	1.8992394948022287e-14
73	3	2.5542570512252543e-21
73	4	3.5078037778985065e-28
73	5	4.9145350281473849e-35

[frame_retry_cdf]
frame_id	retry_count	cumulative_probability
0	0	0.99999954040010564
0	1	0.99999999999986611
0	2	1
0	3	1
0	4	1
0	5	1
2	0	0.99999871440082633
2	1	0.99999999999906863
2	2	0.99999999999999989
2	3	0.99999999999999989
2	4	0.99999999999999989
2	5	0.99999999999999989
2	6	1
3	0	0.99999949880012562
3	1	0.99999999999984357
3	2	1
3	3	1
3	4	1
3	5	1
5	0	0.99999945920014632
5	1	0.99999999999982059
5	2	1
5	3	1
5	4	1
5	5	1
6	0	0.99999941760016964
6	1	0.99999999999979461
6	2	1
6	3	1
6	4	1
6	5	1
7	0	0.99999847680116005
7	1	0.99999999999871558
7	2	0.99999999999999989
7	3	0.99999999999999989
7	4	0.99999999999999989
7	5	0.99999999999999989
7	6	1
8	0	0.99999937800019356
8	1	0.99999999999976841
8	2	1
8	3	1
8	4	1
8	5	1
9	0	0.99999863520093146
9	1	0.99999999999895739
9	2	1
9	3	1
9	4	1
9	5	1
13	0	0.99999843720122117
13	1	0.9999999999986513
13	2	1
13	3	1
13	4	1
13	5	1
16	0	0.99999933040022415
16	1	0.99999999999972111
16	2	0.99999999999999989
16	3	0.99999999999999989
16	4	0.99999999999999989
16	5	0.99999999999999989
16	6	1
17	0	0.99999859560098625
17	1	0.99999999999889932
17	2	1
17	3	1
17	4	1
17	5	1
19	0	0.99999796200207669
19	1	0.99999999999734934
19	2	1
19	3	1
19	4	1
19	5	1
19	6	1
20	0	0.99999989880000517
20	1	0.9999999999999889
20	2	1
20	3	1
20	4	1
20	5	1
22	0	0.99999928880025291
22	1	0.99999999999968903
22	2	1
22	3	1
22	4	1
22	5	1
24	0	0.99999855600104259
24	1	0.99999999999883959
24	2	1
24	3	1
24	4	1
24	5	1
25	0	0.99999839760128384
25	1	0.99999999999858535
25	2	1
25	3	1
25	4	1
25	5	1
27	0	0.99999835800134818
27	1	0.99999999999851807
27	2	1
27	3	1
27	4	1
27	5	1
28	0	0.99999969880004536
28	1	0.99999999999993605
28	2	1
28	3	1
28	4	1
28	5	1
31	0	0.99999831840141395
31	1	0.99999999999844891
31	2	1
31	3	1
31	4	1
31	5	1
31	6	1
32	0	0.99999981760001666
32	1	0.99999999999997213
32	2	1
32	3	1
32	4	1
32	5	1
33	0	0.99999965920005807
33	1	0.99999999999992095
33	2	1
33	3	1
33	4	1
33	5	1
34	0	0.99999924520028483
34	1	0.9999999999996535
34	2	1
34	3	1
34	4	1
34	5	1
35	0	0.99999772240259377
35	1	0.99999999999722045
35	2	1
35	3	1
35	4	1
35	5	1
35	6	1
36	0	0.99999920360031713
36	1	0.99999999999961786
36	2	1
36	3	1
36	4	1
36	5	1
40	0	0.99999768280268464
40	1	0.99999999999712619
40	2	1
40	3	1
40	4	1
40	5	1
40	6	1
41	0	0.99999916400034949
41	1	0.99999999999958233
41	2	1
41	3	1
41	4	1
41	5	1
42	0	0.99999827880148129
42	1	0.9999999999983783
42	2	1
42	3	1
42	4	1
42	5	1
42	6	1
45	0	0.99999977800002471
45	1	0.9999999999999617
45	2	1
45	3	1
45	4	1
45	5	1
46	0	0.99999961960007244
46	1	0.9999999999999043
46	2	1
46	3	1
46	4	1
46	5	1
48	0	0.99999912440038341
48	1	0.99999999999954525
48	2	1
48	3	1
48	4	1
48	5	1
49	0	0.9999985164011006
49	1	0.99999999999877842
49	2	1
49	3	1
49	4	1
49	5	1
50	0	0.99999908480041877
50	1	0.99999999999950651
50	2	1
50	3	1
50	4	1
50	5	1
51	0	0.99999903920046151
51	1	0.99999999999945999
51	2	1
51	3	1
51	4	1
51	5	1
52	0	0.99999823920155018
52	1	0.99999999999830613
52	2	1
52	3	1
52	4	1
52	5	1
52	6	1
53	0	0.99999899760050237
53	1	0.99999999999933442
53	2	1
53	3	1
53	4	1
53	5	1
54	0	0.99999819960162073
54	1	0.99999999999823241
54	2	1
54	3	1
54	4	1
54	5	1
54	6	1
56	0	0.99999816000169273
56	1	0.99999999999815703
56	2	1
56	3	1
56	4	1
56	5	1
56	6	1
58	0	0.9999988748006331
58	1	0.99999999999927525
58	2	1
58	3	1
58	4	1
58	5	1
59	0	0.99999812040176639
59	1	0.99999999999808009
59	2	0.99999999999999989
59	3	0.99999999999999989
59	4	0.99999999999999989
59	5	0.99999999999999989
59	6	0.99999999999999989
59	7	1
60	0	0.99999883520067845
60	1	0.99999999999922662
60	2	1
60	3	1
60	4	1
60	5	1
61	0	0.9999980808018416
61	1	0.99999999999800171
61	2	1
61	3	1
61	4	1
61	5	1
61	6	1
62	0	0.99999804120191849
62	1	0.99999999999752998
62	2	1
62	3	1
62	4	1
62	5	1
62	6	1
63	0	0.99999764320277729
63	1	0.99999999999703049
63	2	1
63	3	1
63	4	1
63	5	1
63	6	1
64	0	0.9999997384000342
64	1	0.9999999999999496
64	2	0.99999999999999989
64	3	0.99999999999999989
64	4	0.99999999999999989
64	5	0.99999999999999989
64	6	1
65	0	0.99999958000008826
65	1	0.99999999999988598
65	2	1
65	3	1
65	4	1
65	5	1
66	0	0.99999760360287138
66	1	0.99999999999693312
66	2	1
66	3	1
66	4	1
66	5	1
66	6	1
68	0	0.99999760360287138
68	1	0.99999999999693312
68	2	1
68	3	1
68	4	1
68	5	1
68	6	1
69	0	0.99999867480087812
69	1	0.99999999999901379
69	2	1
69	3	1
69	4	1
69	5	1
70	0	0.99999800160199681
70	1	0.99999999999744049
70	2	1
70	3	1
70	4	1
70	5	1
70	6	1
71	0	0.99999879560072535
71	1	0.99999999999917655
71	2	1
71	3	1
71	4	1
71	5	1
72	0	0.99999875400077631
72	1	0.99999999999912215
72	2	1
72	3	1
72	4	1
72	5	1
73	0	0.99999985720001028
73	1	0.99999999999998113
73	2	1
73	3	1
73	4	1
73	5	1

[frame_wcrt_distribution]
frame_id	response_time_ms	probability
0	0.45960000000000001	0.99999954040010564
0	0.5212	4.5959976045654265e-07
0	0.58279999999999998	1.339273619471108e-13
0	0.64440000000000008	3.1808233678767637e-20
0	0.70599999999999996	6.7388001188054425e-27
0	0.76760000000000006	1.3296531091001704e-33
2	1.2855999999999994	0.99999871440082633
2	1.3671999999999995	1.2855982423288807e-06
2	1.4487999999999994	9.3128729074999648e-13
2	1.5303999999999993	5.0183836866864113e-19
2	1.6119999999999994	2.243825268049424e-25
2	1.6123999999999996	8.1151147711214807e-40
2	1.6935999999999996	8.8138842770247275e-32
2	20.081600000000002	1.1102230246251565e-16
3	0.50120000000000009	0.99999949880012562
3	0.56280000000000008	5.0119971792471899e-07
3	0.62440000000000007	1.5647454229726542e-13
3	0.68600000000000017	3.9310425566372125e-20
3	0.74760000000000004	8.7258425858664324e-27
3	0.80920000000000014	1.7908244338049985e-33
5	0.54080000000000006	0.99999945920014632
5	0.60240000000000005	5.4079967422217776e-07
5	0.66400000000000003	1.7954548078176142e-13
5	0.72560000000000002	4.7454747348156205e-20
5	0.78720000000000012	1.0992092025063352e-26
5	0.8488	2.3392498115881025e-33
6	0.58240000000000014	0.99999941760016964
6	0.64400000000000013	5.8239962493452111e-07
6	0.70560000000000012	2.0547057501991182e-13
6	0.7672000000000001	5.7132992370218167e-20
6	0.8288000000000002	1.3815257747870177e-26
6	0.89040000000000008	3.0505657620009552e-33
7	1.5232000000000001	0.99999847680116005
7	1.6048	1.5231975555706002e-06
7	1.6864000000000001	1.2843600740533468e-12
7	1.7680000000000002	7.9354111648473139e-19
7	1.8496000000000001	4.0158578931390729e-25
7	1.8500000000000005	8.1151147711214807e-40
7	1.9312	1.7655659686683616e-31
7	100.08159999999999	1.1102230246251565e-16
8	0.62200000000000011	0.99999937800019356
8	0.6836000000000001	6.2199957480094512e-07
8	0.74520000000000008	2.3175702729459934e-13
8	0.80680000000000018	6.7479299104346266e-20
8	0.86840000000000006	1.697220270997811e-26
8	0.93000000000000016	3.877399796046403e-33
9	1.3647999999999998	0.99999863520093146
9	1.4463999999999997	1.3647980259547073e-06
9	1.5279999999999998	1.0427056067446164e-12
9	1.6095999999999999	5.8932245742047566e-19
9	1.6911999999999998	2.7506918933168515e-25
9	1.6916000000000002	8.1151147711214807e-40
9	1.7727999999999997	1.123378364785271e-31
13	1.5628000000000002	0.99999843720122117
13	1.6444000000000001	1.5627974301337938e-06
13	1.7260000000000002	1.3486940721520276e-12
13	1.8076000000000003	8.510518741919118e-19
13	1.8892000000000002	4.3906129204864529e-25
13	1.8896000000000006	8.1151147711214807e-40
13	1.9708000000000001	1.9646790239346183e-31
16	0.66960000000000008	0.99999933040022415
16	0.75120000000000009	6.6959949699666914e-07
16	0.8328000000000001	2.7882120779760207e-13
16	0.9144000000000001	9.3311728051717021e-20
16	0.99600000000000011	2.7566509958142441e-26
16	1.0776000000000001	7.5242657880769904e-33
16	10.0816	1.1102230246251565e-16
17	1.4043999999999999	0.99999859560098625
17	1.4859999999999998	1.4043979130631514e-06
17	1.5675999999999999	1.1007669944363095e-12
17	1.6492	6.3662766387545795e-19
17	1.7307999999999999	3.0340273192835095e-25
17	1.7312000000000003	8.1151147711214807e-40
17	1.8123999999999998	1.2627724224646641e-31
19	2.0380000000000011	0.99999796200207669
19	2.3196000000000012	2.0379952726606811e-06
19	2.3648000000000016	8.1151147711214807e-40
19	2.4012000000000011	2.6506164353321784e-12
19	2.4460000000000011	2.6336672733500572e-32
19	2.4828000000000015	2.2926817547093434e-18
19	2.5276000000000014	6.8971738931417411e-38
19	2.5644000000000013	1.5713365295025773e-24
19	2.6460000000000012	8.8762685806479188e-31
19	2.7276000000000016	3.0456563351705257e-37
20	0.10120000000000001	0.99999989880000517
20	0.1608	1.0119998372704138e-07
20	0.22040000000000001	1.1152237542046581e-14
20	0.28000000000000003	1.3223462964096524e-21
20	0.33960000000000001	1.651475624726784e-28
20	0.3992	2.1417129426682251e-35
22	0.71120000000000005	0.99999928880025291
22	0.79280000000000006	7.1119943616086398e-07
22	0.87440000000000007	3.1093636811712207e-13
22	0.95600000000000007	1.0833177696810571e-19
22	1.0376000000000001	3.3103197479680094e-26
22	1.1192000000000002	9.2990993911308174e-33
24	1.4439999999999997	0.99999855600104259
24	1.5255999999999998	1.4439977970352802e-06
24	1.6071999999999997	1.1603965350091938e-12
24	1.6887999999999996	6.8639111004838229e-19
24	1.7703999999999998	3.3386384092838319e-25
24	1.7707999999999999	2.0363550261841613e-39
24	1.8519999999999999	1.4156280430173556e-31
25	1.6024000000000003	0.99999839760128384
25	1.6840000000000002	1.6023973015606718e-06
25	1.7656000000000003	1.4145962223867085e-12
25	1.8472000000000004	9.1126926650452369e-19
25	1.9288000000000003	4.7909368788425673e-25
25	1.9292000000000007	8.1151147711214807e-40
25	2.0104000000000002	2.1813171519798231e-31
27	1.6420000000000003	0.99999835800134818
27	1.7236000000000002	1.6419971698512401e-06
27	1.8052000000000004	1.4820665245710963e-12
27	1.8868000000000005	9.7425539211986063e-19
27	1.9684000000000004	5.2179645625474457e-25
27	1.9688000000000008	8.1151147711214807e-40
27	2.0500000000000003	2.4166099365640262e-31
28	0.30120000000000002	0.99999969880004536
28	0.36280000000000001	3.0119989072466003e-07
28	0.4244	6.3914612874632608e-14
28	0.48600000000000004	1.185703343748037e-20
28	0.54760000000000009	2.0607903232197147e-27
28	0.60919999999999996	3.4571090508976394e-34
31	1.6816000000000006	0.99999831840141395
31	1.7632000000000008	1.6815970350054965e-06
31	1.8448000000000007	1.5511049785189006e-12
31	1.9264000000000006	1.0400723497253671e-18
31	2.0080000000000009	5.6728553569696877e-25
31	2.0084000000000009	8.1151147711214807e-40
31	2.0896000000000008	1.6638491484139707e-31
31	2.1712000000000007	2.0540701280717906e-38
31	2.2896000000000005	1.0078849605719952e-31
31	2.3712000000000004	2.8382042134575787e-38
32	0.18240000000000001	0.99999981760001666
32	0.24399999999999999	1.823999554944056e-07
32	0.30559999999999998	2.7870711482709232e-14
32	0.36720000000000003	4.0990080308439716e-21
32	0.42880000000000001	5.9920818368667549e-28
32	0.4904	8.7911413212962339e-35
33	0.34079999999999999	0.99999965920005807
33	0.40239999999999998	3.4079986286210781e-07
33	0.46399999999999997	7.9065563313570211e-14
33	0.52560000000000007	1.5691296200652581e-20
33	0.58719999999999994	2.8750554826085329e-27
33	0.64880000000000004	5.0322414170632796e-34
34	0.75479999999999992	0.99999924520028483
34	0.83639999999999992	7.5479936868554399e-07
34	0.91799999999999993	3.4645288195610932e-13
34	0.99959999999999993	1.2569925447896241e-19
34	1.1624000000000001	3.9750102789919199e-26
34	1.1627999999999998	4.7148780651856753e-33
34	1.2440000000000002	1.0012101101030896e-32
35	2.2776000000000014	0.99999772240259377
35	2.3592000000000013	2.2775946266924192e-06
35	2.4044000000000016	8.1151147711214807e-40
35	2.4408000000000012	2.779576255602006e-12
35	2.5224000000000015	2.4151995759889183e-18
35	2.5672000000000015	7.7973185058085773e-38
35	2.6040000000000014	1.6756681741480004e-24
35	2.6856000000000013	9.8732556387549251e-31
35	2.7672000000000017	3.333273792124192e-37
36	0.7964	0.99999920360031713
36	0.878	7.9639930076110655e-07
36	0.95960000000000001	3.8211235332481049e-13
36	1.1224000000000003	1.438957053607031e-19
36	1.2040000000000002	5.8654994215548222e-26
36	1.2044000000000001	3.2179692906552e-33
36	1.2856000000000001	1.5988603564295164e-32
40	2.3172000000000015	0.99999768280268464
40	2.3988000000000014	2.3171944415073089e-06
40	2.4440000000000017	8.1151147711214807e-40
40	2.4804000000000013	2.8737843118565568e-12
40	2.5620000000000016	2.534950058249628e-18
40	2.6068000000000016	8.7933019503064823e-38
40	2.6436000000000015	1.7837679630343744e-24
40	2.7252000000000014	1.0650613825311305e-30
40	2.8068000000000017	3.6420479389262875e-37
41	0.83599999999999985	0.99999916400034949
41	0.91759999999999986	8.3599923288675137e-07
41	0.99919999999999987	4.176651826687417e-13
41	1.1619999999999999	1.6275906804718624e-19
41	1.2436	6.7925353065855583e-26
41	1.2439999999999998	4.0060272296593787e-33
41	1.3252000000000002	1.8735595534215501e-32
42	1.7212000000000005	0.99999827880148129
42	1.8028000000000004	1.7211968970234382e-06
42	1.8844000000000005	1.6217115840438127e-12
42	1.9660000000000006	1.108782237998645e-18
42	2.0480000000000009	8.1151147711214807e-40
42	2.1292000000000004	1.4410743417908337e-31
42	2.2476000000000003	6.1567920071432924e-25
42	2.3292000000000002	2.7381996868867377e-31
42	2.4108000000000001	5.4079904527934162e-38
45	0.222	0.99999977800002471
45	0.28360000000000002	2.2199993704080868e-07
45	0.34520000000000001	3.831718677290482e-14
45	0.40680000000000005	6.1229883891678163e-21
45	0.46840000000000004	9.5058769565661992e-28
45	0.53000000000000003	1.4597383507795317e-34
46	0.38040000000000002	0.99999961960007244
46	0.442	3.8039983186323739e-07
46	0.50360000000000005	9.5784671762827279e-14
46	0.56520000000000004	2.025318448889693e-20
46	0.62680000000000002	3.9031564346879863e-27
46	0.68840000000000001	7.1190567641082692e-34
48	0.87559999999999993	0.99999912440038341
48	0.95719999999999994	8.7559916187608041e-07
48	1.1200000000000001	4.5478613063924789e-13
48	1.2016	2.2011796362342917e-19
48	1.2832000000000001	8.2746511276490649e-26
48	1.2835999999999999	4.574210721154407e-33
48	1.3648000000000002	2.2850456342678832e-32
49	1.4836	0.9999985164011006
49	1.5651999999999999	1.483597677871097e-06
49	1.6468	1.2215942282769718e-12
49	1.7284000000000002	7.3867489467587675e-19
49	1.8100000000000001	3.665561593494184e-25
49	1.8104000000000005	8.1151147711214807e-40
49	1.8915999999999999	1.5828948599771626e-31
50	0.91519999999999979	0.99999908480041877
50	0.9967999999999998	9.1519908772909495e-07
50	1.1596	4.9347526776574779e-13
50	1.2412000000000001	2.4531878705146556e-19
50	1.3228	9.4550399073220922e-26
50	1.3231999999999999	5.6756721210654652e-33
50	1.4043999999999999	2.6376836114367949e-32
51	0.96079999999999988	0.99999903920046151
51	1.0423999999999998	9.6079899846260232e-07
51	1.2052	5.3996894922903038e-13
51	1.2867999999999999	2.7659438937944439e-19
51	1.3684000000000001	1.0963773659895526e-25
51	1.3687999999999998	7.2280364633437996e-33
51	1.4500000000000002	3.0897760407267124e-32
52	1.7608000000000006	0.99999823920155018
52	1.8424000000000005	1.7607967559050692e-06
52	1.9240000000000006	1.6938863409595493e-12
52	2.0056000000000007	1.1804471556074792e-18
52	2.087600000000001	8.1151147711214807e-40
52	2.1688000000000005	1.5988213092398622e-31
52	2.2872000000000003	6.6709854403581465e-25
52	2.3688000000000002	2.9818048132233902e-31
52	2.4504000000000001	5.9634436574601266e-38
53	1.0023999999999997	0.99999899760050237
53	1.1652	1.0023988320041999e-06
53	1.2467999999999999	6.6559277013841668e-13
53	1.3283999999999998	3.1725647875888026e-19
53	1.4099999999999999	1.2633613829178365e-25
53	1.4103999999999997	6.8231254559650759e-33
53	1.4916	3.7837005234653285e-32
54	1.8004000000000007	0.99999819960162073
54	1.8820000000000006	1.8003966116503875e-06
54	1.9636000000000007	1.7676292490798005e-12
54	2.1272000000000011	8.1151147711214807e-40
54	2.2084000000000006	2.0271673926558398e-32
54	2.2452000000000005	1.2551289501839845e-18
54	2.2900000000000009	3.1181855362162823e-38
54	2.3268000000000004	9.7269253757531812e-25
54	2.4084000000000003	5.2650782792125876e-31
54	2.4900000000000002	1.4237639031034897e-37
56	1.8400000000000007	0.99999816000169273
56	1.9216000000000006	1.839996464259399e-06
56	2.0032000000000005	1.8429403082182837e-12
56	2.1668000000000012	8.1151147711214807e-40
56	2.2480000000000007	2.1969608575519446e-32
56	2.2848000000000006	1.3328902068756496e-18
56	2.329600000000001	3.5861227798281881e-38
56	2.3664000000000005	1.046087667214259e-24
56	2.4480000000000004	5.7392314481492285e-31
56	2.5296000000000003	1.5827285535363638e-37
58	1.1251999999999995	0.9999988748006331
58	1.2067999999999994	1.1251986421094599e-06
58	1.2883999999999995	7.2485290609891458e-13
58	1.3699999999999997	3.5198083111926435e-19
58	1.4515999999999996	1.4340316280398527e-25
58	1.4519999999999995	1.0382104335251053e-39
58	1.5331999999999995	5.1813523323977788e-32
59	1.8796000000000008	0.99999812040176639
59	1.9612000000000007	1.8795963137320959e-06
59	2.2064000000000012	8.1151147711214807e-40
59	2.2428000000000008	1.9198191342248217e-12
59	2.2876000000000007	1.9908749027659185e-32
59	2.3244000000000011	1.7977565837324092e-18
59	2.3692000000000011	4.1111702713181812e-38
59	2.406000000000001	1.1932417709092454e-24
59	2.4876000000000009	6.4119917053572488e-31
59	2.5692000000000013	1.7554340776899658e-37
59	100.08159999999999	1.1102230246251565e-16
60	1.1647999999999996	0.99999883520067845
60	1.2463999999999995	1.1647985481941858e-06
60	1.3279999999999996	7.734261728893612e-13
60	1.4095999999999997	3.8573698492609645e-19
60	1.4911999999999996	1.6093375983729067e-25
60	1.4915999999999996	8.1151147711214807e-40
60	1.5727999999999995	5.9396863244857771e-32
61	1.9192000000000009	0.9999980808018416
61	2.0008000000000008	1.919196160068485e-06
61	2.2460000000000013	8.1151147711214807e-40
61	2.2824000000000009	1.9982664791513918e-12
61	2.3272000000000008	2.1650990665427652e-32
61	2.3640000000000012	1.8975520560483163e-18
61	2.4088000000000012	4.6987730445362481e-38
61	2.4456000000000011	1.2776915294520356e-24
61	2.527200000000001	6.9614593150736693e-31
61	2.6088000000000013	1.9427413563403808e-37
62	1.958800000000001	0.99999804120191849
62	2.2404000000000011	1.9587956115093964e-06
62	2.2856000000000014	8.1151147711214807e-40
62	2.322000000000001	2.4700410645579923e-12
62	2.3668000000000009	2.2404054921094338e-32
62	2.4036000000000013	2.0720701252409277e-18
62	2.4484000000000012	5.3547565462385734e-38
62	2.4852000000000012	1.3794361430839769e-24
62	2.5668000000000011	7.5827320467509305e-31
62	2.6484000000000014	2.1455459440609486e-37
63	2.3568000000000016	0.99999764320277729
63	2.4384000000000015	2.356794253185888e-06
63	2.4836000000000018	8.1151147711214807e-40
63	2.5200000000000014	2.9695605166980717e-12
63	2.6016000000000017	2.6585901849707832e-18
63	2.6832000000000016	1.8970092924503794e-24
63	2.7648000000000015	1.1476122672542604e-30
63	2.8464000000000018	5.3339937013026295e-37
64	0.26160000000000005	0.9999997384000342
64	0.32320000000000004	2.615999154508935e-07
64	0.38480000000000003	5.033182063231166e-14
64	0.44640000000000007	8.6882971775432774e-21
64	0.50800000000000001	1.4289512548925802e-27
64	0.56960000000000011	2.294754399856907e-34
64	2.0615999999999999	1.1102230246251565e-16
65	0.42000000000000004	0.99999958000008826
65	0.48160000000000003	4.1999979772804923e-07
65	0.54320000000000002	1.1407193803610666e-13
65	0.6048	2.5604797314213928e-20
65	0.6664000000000001	5.1789620002585732e-27
65	0.72799999999999998	9.830900321115695e-34
66	2.3964000000000016	0.99999760360287138
66	2.4780000000000015	2.3963940617281595e-06
66	2.5232000000000019	8.1151147711214807e-40
66	2.5596000000000014	3.0669048699402519e-12
66	2.6412000000000018	2.7861820546622419e-18
66	2.7228000000000017	2.01555248889796e-24
66	2.8044000000000016	1.2351983318969832e-30
66	2.8860000000000019	5.831848406980403e-37
68	2.3964000000000016	0.99999760360287138
68	2.4780000000000015	2.3963940617281595e-06
68	2.5232000000000019	8.1151147711214807e-40
68	2.5596000000000014	3.0669048699402519e-12
68	2.6412000000000018	2.7861820546622419e-18
68	2.7228000000000017	2.01555248889796e-24
68	2.8044000000000016	1.2351983318969832e-30
68	2.8860000000000019	5.831848406980403e-37
69	1.3251999999999997	0.99999867480087812
69	1.4067999999999996	1.3251981357099508e-06
69	1.4883999999999997	9.8621237212041349e-13
69	1.5699999999999998	5.4441339193696977e-19
69	1.6515999999999997	2.487620292260603e-25
69	1.6520000000000001	8.1151147711214807e-40
69	1.7331999999999996	9.9653884835699724e-32
70	1.9984000000000011	0.99999800160199681
70	2.2800000000000011	1.9983954436531927e-06
70	2.3252000000000015	8.1151147711214807e-40
70	2.361600000000001	2.5595446753721611e-12
70	2.406400000000001	2.4310768632297314e-32
70	2.4432000000000014	2.1805242655392716e-18
70	2.4880000000000013	6.0853439562316897e-38
70	2.5248000000000013	1.4730486784982007e-24
70	2.6064000000000012	8.2091285493567273e-31
70	2.6880000000000015	2.7780982407489777e-37
71	1.2043999999999995	0.99999879560072535
71	1.2859999999999996	1.2043984511425953e-06
71	1.3675999999999995	8.2356759368818947e-13
71	1.4491999999999994	4.2157564952146101e-19
71	1.5307999999999995	1.8001728231958784e-25
71	1.5311999999999997	8.1151147711214807e-40
71	1.6123999999999996	6.7839093534576762e-32
72	1.2459999999999996	0.99999875400077631
72	1.3275999999999994	1.245998345811497e-06
72	1.4091999999999996	8.7793036281966106e-13
72	1.4907999999999997	4.6153528884934542e-19
72	1.5723999999999996	2.0183441636807663e-25
72	1.5727999999999995	1.0382104335251053e-39
72	1.6539999999999995	7.7710226980675309e-32
73	0.14280000000000001	0.99999985720001028
73	0.20440000000000003	1.4279997081168309e-07
73	0.26600000000000001	1.8992394948022287e-14
73	0.3276	2.5542570512252543e-21
73	0.38919999999999999	3.5078037778985065e-28
73	0.45079999999999998	4.9145350281473849e-35

[frame_wcrt_cdf]
frame_id	response_time_ms	cumulative_probability
0	0.45960000000000001	0.99999954040010564
0	0.5212	0.99999999999986611
0	0.58279999999999998	1
0	0.64440000000000008	1
0	0.70599999999999996	1
0	0.76760000000000006	1
2	1.2855999999999994	0.99999871440082633
2	1.3671999999999995	0.99999999999906863
2	1.4487999999999994	0.99999999999999989
2	1.5303999999999993	0.99999999999999989
2	1.6119999999999994	0.99999999999999989
2	1.6123999999999996	0.99999999999999989
2	1.6935999999999996	0.99999999999999989
2	20.081600000000002	1
3	0.50120000000000009	0.99999949880012562
3	0.56280000000000008	0.99999999999984357
3	0.62440000000000007	1
3	0.68600000000000017	1
3	0.74760000000000004	1
3	0.80920000000000014	1
5	0.54080000000000006	0.99999945920014632
5	0.60240000000000005	0.99999999999982059
5	0.66400000000000003	1
5	0.72560000000000002	1
5	0.78720000000000012	1
5	0.8488	1
6	0.58240000000000014	0.99999941760016964
6	0.64400000000000013	0.99999999999979461
6	0.70560000000000012	1
6	0.7672000000000001	1
6	0.8288000000000002	1
6	0.89040000000000008	1
7	1.5232000000000001	0.99999847680116005
7	1.6048	0.99999999999871558
7	1.6864000000000001	0.99999999999999989
7	1.7680000000000002	0.99999999999999989
7	1.8496000000000001	0.99999999999999989
7	1.8500000000000005	0.99999999999999989
7	1.9312	0.99999999999999989
7	100.08159999999999	1
8	0.62200000000000011	0.99999937800019356
8	0.6836000000000001	0.99999999999976841
8	0.74520000000000008	1
8	0.80680000000000018	1
8	0.86840000000000006	1
8	0.93000000000000016	1
9	1.3647999999999998	0.99999863520093146
9	1.4463999999999997	0.99999999999895739
9	1.5279999999999998	1
9	1.6095999999999999	1
9	1.6911999999999998	1
9	1.6916000000000002	1
9	1.7727999999999997	1
13	1.5628000000000002	0.99999843720122117
13	1.6444000000000001	0.9999999999986513
13	1.7260000000000002	1
13	1.8076000000000003	1
13	1.8892000000000002	1
13	1.8896000000000006	1
13	1.9708000000000001	1
16	0.66960000000000008	0.99999933040022415
16	0.75120000000000009	0.99999999999972111
16	0.8328000000000001	0.99999999999999989
16	0.9144000000000001	0.99999999999999989
16	0.99600000000000011	0.99999999999999989
16	1.0776000000000001	0.99999999999999989
16	10.0816	1
17	1.4043999999999999	0.99999859560098625
17	1.4859999999999998	0.99999999999889932
17	1.5675999999999999	1
17	1.6492	1
17	1.7307999999999999	1
17	1.7312000000000003	1
17	1.8123999999999998	1
19	2.0380000000000011	0.99999796200207669
19	2.3196000000000012	0.99999999999734934
19	2.3648000000000016	0.99999999999734934
19	2.4012000000000011	1
19	2.4460000000000011	1
19	2.4828000000000015	1
19	2.5276000000000014	1
19	2.5644000000000013	1
19	2.6460000000000012	1
19	2.7276000000000016	1
20	0.10120000000000001	0.99999989880000517
20	0.1608	0.9999999999999889
20	0.22040000000000001	1
20	0.28000000000000003	1
20	0.33960000000000001	1
20	0.3992	1
22	0.71120000000000005	0.99999928880025291
22	0.79280000000000006	0.99999999999968903
22	0.87440000000000007	1
22	0.95600000000000007	1
22	1.0376000000000001	1
22	1.1192000000000002	1
24	1.4439999999999997	0.99999855600104259
24	1.5255999999999998	0.99999999999883959
24	1.6071999999999997	1
24	1.6887999999999996	1
24	1.7703999999999998	1
24	1.7707999999999999	1
24	1.8519999999999999	1
25	1.6024000000000003	0.99999839760128384
25	1.6840000000000002	0.99999999999858535
25	1.7656000000000003	1
25	1.8472000000000004	1
25	1.9288000000000003	1
25	1.9292000000000007	1
25	2.0104000000000002	1
27	1.6420000000000003	0.99999835800134818
27	1.7236000000000002	0.99999999999851807
27	1.8052000000000004	1
27	1.8868000000000005	1
27	1.9684000000000004	1
27	1.9688000000000008	1
27	2.0500000000000003	1
28	0.30120000000000002	0.99999969880004536
28	0.36280000000000001	0.99999999999993605
28	0.4244	1
28	0.48600000000000004	1
28	0.54760000000000009	1
28	0.60919999999999996	1
31	1.6816000000000006	0.99999831840141395
31	1.7632000000000008	0.99999999999844891
31	1.8448000000000007	1
31	1.9264000000000006	1
31	2.0080000000000009	1
31	2.0084000000000009	1
31	2.0896000000000008	1
31	2.1712000000000007	1
31	2.2896000000000005	1
31	2.3712000000000004	1
32	0.18240000000000001	0.99999981760001666
32	0.24399999999999999	0.99999999999997213
32	0.30559999999999998	1
32	0.36720000000000003	1
32	0.42880000000000001	1
32	0.4904	1
33	0.34079999999999999	0.99999965920005807
33	0.40239999999999998	0.99999999999992095
33	0.46399999999999997	1
33	0.52560000000000007	1
33	0.58719999999999994	1
33	0.64880000000000004	1
34	0.75479999999999992	0.99999924520028483
34	0.83639999999999992	0.9999999999996535
34	0.91799999999999993	1
34	0.99959999999999993	1
34	1.1624000000000001	1
34	1.1627999999999998	1
34	1.2440000000000002	1
35	2.2776000000000014	0.99999772240259377
35	2.3592000000000013	0.99999999999722045
35	2.4044000000000016	0.99999999999722045
35	2.4408000000000012	1
35	2.5224000000000015	1
35	2.5672000000000015	1
35	2.6040000000000014	1
35	2.6856000000000013	1
35	2.7672000000000017	1
36	0.7964	0.99999920360031713
36	0.878	0.99999999999961786
36	0.95960000000000001	1
36	1.1224000000000003	1
36	1.2040000000000002	1
36	1.2044000000000001	1
36	1.2856000000000001	1
40	2.3172000000000015	0.99999768280268464
40	2.3988000000000014	0.99999999999712619
40	2.4440000000000017	0.99999999999712619
40	2.4804000000000013	1
40	2.5620000000000016	1
40	2.6068000000000016	1
40	2.6436000000000015	1
40	2.7252000000000014	1
40	2.8068000000000017	1
41	0.83599999999999985	0.99999916400034949
41	0.91759999999999986	0.99999999999958233
41	0.99919999999999987	1
41	1.1619999999999999	1
41	1.2436	1
41	1.2439999999999998	1
41	1.3252000000000002	1
42	1.7212000000000005	0.99999827880148129
42	1.8028000000000004	0.9999999999983783
42	1.8844000000000005	1
42	1.9660000000000006	1
42	2.0480000000000009	1
42	2.1292000000000004	1
42	2.2476000000000003	1
42	2.3292000000000002	1
42	2.4108000000000001	1
45	0.222	0.99999977800002471
45	0.28360000000000002	0.9999999999999617
45	0.34520000000000001	1
45	0.40680000000000005	1
45	0.46840000000000004	1
45	0.53000000000000003	1
46	0.38040000000000002	0.99999961960007244
46	0.442	0.9999999999999043
46	0.50360000000000005	1
46	0.56520000000000004	1
46	0.62680000000000002	1
46	0.68840000000000001	1
48	0.87559999999999993	0.99999912440038341
48	0.95719999999999994	0.99999999999954525
48	1.1200000000000001	1
48	1.2016	1
48	1.2832000000000001	1
48	1.2835999999999999	1
48	1.3648000000000002	1
49	1.4836	0.9999985164011006
49	1.5651999999999999	0.99999999999877842
49	1.6468	1
49	1.7284000000000002	1
49	1.8100000000000001	1
49	1.8104000000000005	1
49	1.8915999999999999	1
50	0.91519999999999979	0.99999908480041877
50	0.9967999999999998	0.99999999999950651
50	1.1596	1
50	1.2412000000000001	1
50	1.3228	1
50	1.3231999999999999	1
50	1.4043999999999999	1
51	0.96079999999999988	0.99999903920046151
51	1.0423999999999998	0.99999999999945999
51	1.2052	1
51	1.2867999999999999	1
51	1.3684000000000001	1
51	1.3687999999999998	1
51	1.4500000000000002	1
52	1.7608000000000006	0.99999823920155018
52	1.8424000000000005	0.99999999999830613
52	1.9240000000000006	1
52	2.0056000000000007	1
52	2.087600000000001	1
52	2.1688000000000005	1
52	2.2872000000000003	1
52	2.3688000000000002	1
52	2.4504000000000001	1
53	1.0023999999999997	0.99999899760050237
53	1.1652	0.99999999999933442
53	1.2467999999999999	1
53	1.3283999999999998	1
53	1.4099999999999999	1
53	1.4103999999999997	1
53	1.4916	1
54	1.8004000000000007	0.99999819960162073
54	1.8820000000000006	0.99999999999823241
54	1.9636000000000007	1
54	2.1272000000000011	1
54	2.2084000000000006	1
54	2.2452000000000005	1
54	2.2900000000000009	1
54	2.3268000000000004	1
54	2.4084000000000003	1
54	2.4900000000000002	1
56	1.8400000000000007	0.99999816000169273
56	1.9216000000000006	0.99999999999815703
56	2.0032000000000005	1
56	2.1668000000000012	1
56	2.2480000000000007	1
56	2.2848000000000006	1
56	2.329600000000001	1
56	2.3664000000000005	1
56	2.4480000000000004	1
56	2.5296000000000003	1
58	1.1251999999999995	0.9999988748006331
58	1.2067999999999994	0.99999999999927525
58	1.2883999999999995	1
58	1.3699999999999997	1
58	1.4515999999999996	1
58	1.4519999999999995	1
58	1.5331999999999995	1
59	1.8796000000000008	0.99999812040176639
59	1.9612000000000007	0.99999999999808009
59	2.2064000000000012	0.99999999999808009
59	2.2428000000000008	0.99999999999999989
59	2.2876000000000007	0.99999999999999989
59	2.3244000000000011	0.99999999999999989
59	2.3692000000000011	0.99999999999999989
59	2.406000000000001	0.99999999999999989
59	2.4876000000000009	0.99999999999999989
59	2.5692000000000013	0.99999999999999989
59	100.08159999999999	1
60	1.1647999999999996	0.99999883520067845
60	1.2463999999999995	0.99999999999922662
60	1.3279999999999996	1
60	1.4095999999999997	1
60	1.4911999999999996	1
60	1.4915999999999996	1
60	1.5727999999999995	1
61	1.9192000000000009	0.9999980808018416
61	2.0008000000000008	0.99999999999800171
61	2.2460000000000013	0.99999999999800171
61	2.2824000000000009	1
61	2.3272000000000008	1
61	2.3640000000000012	1
61	2.4088000000000012	1
61	2.4456000000000011	1
61	2.527200000000001	1
61	2.6088000000000013	1
62	1.958800000000001	0.99999804120191849
62	2.2404000000000011	0.99999999999752998
62	2.2856000000000014	0.99999999999752998
62	2.322000000000001	1
62	2.3668000000000009	1
62	2.4036000000000013	1
62	2.4484000000000012	1
62	2.4852000000000012	1
62	2.5668000000000011	1
62	2.6484000000000014	1
63	2.3568000000000016	0.99999764320277729
63	2.4384000000000015	0.99999999999703049
63	2.4836000000000018	0.99999999999703049
63	2.5200000000000014	1
63	2.6016000000000017	1
63	2.6832000000000016	1
63	2.7648000000000015	1
63	2.8464000000000018	1
64	0.26160000000000005	0.9999997384000342
64	0.32320000000000004	0.9999999999999496
64	0.38480000000000003	0.99999999999999989
64	0.44640000000000007	0.99999999999999989
64	0.50800000000000001	0.99999999999999989
64	0.56960000000000011	0.99999999999999989
64	2.0615999999999999	1
65	0.42000000000000004	0.99999958000008826
65	0.48160000000000003	0.99999999999988598
65	0.54320000000000002	1
65	0.6048	1
65	0.6664000000000001	1
65	0.72799999999999998	1
66	2.3964000000000016	0.99999760360287138
66	2.4780000000000015	0.99999999999693312
66	2.5232000000000019	0.99999999999693312
66	2.5596000000000014	1
66	2.6412000000000018	1
66	2.7228000000000017	1
66	2.8044000000000016	1
66	2.8860000000000019	1
68	2.3964000000000016	0.99999760360287138
68	2.4780000000000015	0.99999999999693312
68	2.5232000000000019	0.99999999999693312
68	2.5596000000000014	1
68	2.6412000000000018	1
68	2.7228000000000017	1
68	2.8044000000000016	1
68	2.8860000000000019	1
69	1.3251999999999997	0.99999867480087812
69	1.4067999999999996	0.99999999999901379
69	1.4883999999999997	1
69	1.5699999999999998	1
69	1.6515999999999997	1
69	1.6520000000000001	1
69	1.7331999999999996	1
70	1.9984000000000011	0.99999800160199681
70	2.2800000000000011	0.99999999999744049
70	2.3252000000000015	0.99999999999744049
70	2.361600000000001	1
70	2.406400000000001	1
70	2.4432000000000014	1
70	2.4880000000000013	1
70	2.5248000000000013	1
70	2.6064000000000012	1
70	2.6880000000000015	1
71	1.2043999999999995	0.99999879560072535
71	1.2859999999999996	0.99999999999917655
71	1.3675999999999995	1
71	1.4491999999999994	1
71	1.5307999999999995	1
71	1.5311999999999997	1
71	1.6123999999999996	1
72	1.2459999999999996	0.99999875400077631
72	1.3275999999999994	0.99999999999912215
72	1.4091999999999996	1
72	1.4907999999999997	1
72	1.5723999999999996	1
72	1.5727999999999995	1
72	1.6539999999999995	1
73	0.14280000000000001	0.99999985720001028
73	0.20440000000000003	0.99999999999998113
73	0.26600000000000001	1
73	0.3276	1
73	0.38919999999999999	1
73	0.45079999999999998	1

[frame_distribution_quantiles]
frame_id	retry_q50	retry_q90	retry_q95	retry_q99	wcrt_q50_ms	wcrt_q90_ms	wcrt_q95_ms	wcrt_q99_ms
0	0	0	0	0	0.45960000000000001	0.45960000000000001	0.45960000000000001	0.45960000000000001
2	0	0	0	0	1.2855999999999994	1.2855999999999994	1.2855999999999994	1.2855999999999994
3	0	0	0	0	0.50120000000000009	0.50120000000000009	0.50120000000000009	0.50120000000000009
5	0	0	0	0	0.54080000000000006	0.54080000000000006	0.54080000000000006	0.54080000000000006
6	0	0	0	0	0.58240000000000014	0.58240000000000014	0.58240000000000014	0.58240000000000014
7	0	0	0	0	1.5232000000000001	1.5232000000000001	1.5232000000000001	1.5232000000000001
8	0	0	0	0	0.62200000000000011	0.62200000000000011	0.62200000000000011	0.62200000000000011
9	0	0	0	0	1.3647999999999998	1.3647999999999998	1.3647999999999998	1.3647999999999998
13	0	0	0	0	1.5628000000000002	1.5628000000000002	1.5628000000000002	1.5628000000000002
16	0	0	0	0	0.66960000000000008	0.66960000000000008	0.66960000000000008	0.66960000000000008
17	0	0	0	0	1.4043999999999999	1.4043999999999999	1.4043999999999999	1.4043999999999999
19	0	0	0	0	2.0380000000000011	2.0380000000000011	2.0380000000000011	2.0380000000000011
20	0	0	0	0	0.10120000000000001	0.10120000000000001	0.10120000000000001	0.10120000000000001
22	0	0	0	0	0.71120000000000005	0.71120000000000005	0.71120000000000005	0.71120000000000005
24	0	0	0	0	1.4439999999999997	1.4439999999999997	1.4439999999999997	1.4439999999999997
25	0	0	0	0	1.6024000000000003	1.6024000000000003	1.6024000000000003	1.6024000000000003
27	0	0	0	0	1.6420000000000003	1.6420000000000003	1.6420000000000003	1.6420000000000003
28	0	0	0	0	0.30120000000000002	0.30120000000000002	0.30120000000000002	0.30120000000000002
31	0	0	0	0	1.6816000000000006	1.6816000000000006	1.6816000000000006	1.6816000000000006
32	0	0	0	0	0.18240000000000001	0.18240000000000001	0.18240000000000001	0.18240000000000001
33	0	0	0	0	0.34079999999999999	0.34079999999999999	0.34079999999999999	0.34079999999999999
34	0	0	0	0	0.75479999999999992	0.75479999999999992	0.75479999999999992	0.75479999999999992
35	0	0	0	0	2.2776000000000014	2.2776000000000014	2.2776000000000014	2.2776000000000014
36	0	0	0	0	0.7964	0.7964	0.7964	0.7964
40	0	0	0	0	2.3172000000000015	2.3172000000000015	2.3172000000000015	2.3172000000000015
41	0	0	0	0	0.83599999999999985	0.83599999999999985	0.83599999999999985	0.83599999999999985
42	0	0	0	0	1.7212000000000005	1.7212000000000005	1.7212000000000005	1.7212000000000005
45	0	0	0	0	0.222	0.222	0.222	0.222
46	0	0	0	0	0.38040000000000002	0.38040000000000002	0.38040000000000002	0.38040000000000002
48	0	0	0	0	0.87559999999999993	0.87559999999999993	0.87559999999999993	0.87559999999999993
49	0	0	0	0	1.4836	1.4836	1.4836	1.4836
50	0	0	0	0	0.91519999999999979	0.91519999999999979	0.91519999999999979	0.91519999999999979
51	0	0	0	0	0.96079999999999988	0.96079999999999988	0.96079999999999988	0.96079999999999988
52	0	0	0	0	1.7608000000000006	1.7608000000000006	1.7608000000000006	1.7608000000000006
53	0	0	0	0	1.0023999999999997	1.0023999999999997	1.0023999999999997	1.0023999999999997
54	0	0	0	0	1.8004000000000007	1.8004000000000007	1.8004000000000007	1.8004000000000007
56	0	0	0	0	1.8400000000000007	1.8400000000000007	1.8400000000000007	1.8400000000000007
58	0	0	0	0	1.1251999999999995	1.1251999999999995	1.1251999999999995	1.1251999999999995
59	0	0	0	0	1.8796000000000008	1.8796000000000008	1.8796000000000008	1.8796000000000008
60	0	0	0	0	1.1647999999999996	1.1647999999999996	1.1647999999999996	1.1647999999999996
61	0	0	0	0	1.9192000000000009	1.9192000000000009	1.9192000000000009	1.9192000000000009
62	0	0	0	0	1.958800000000001	1.958800000000001	1.958800000000001	1.958800000000001
63	0	0	0	0	2.3568000000000016	2.3568000000000016	2.3568000000000016	2.3568000000000016
64	0	0	0	0	0.26160000000000005	0.26160000000000005	0.26160000000000005	0.26160000000000005
65	0	0	0	0	0.42000000000000004	0.42000000000000004	0.42000000000000004	0.42000000000000004
66	0	0	0	0	2.3964000000000016	2.3964000000000016	2.3964000000000016	2.3964000000000016
68	0	0	0	0	2.3964000000000016	2.3964000000000016	2.3964000000000016	2.3964000000000016
69	0	0	0	0	1.3251999999999997	1.3251999999999997	1.3251999999999997	1.3251999999999997
70	0	0	0	0	1.9984000000000011	1.9984000000000011	1.9984000000000011	1.9984000000000011
71	0	0	0	0	1.2043999999999995	1.2043999999999995	1.2043999999999995	1.2043999999999995
72	0	0	0	0	1.2459999999999996	1.2459999999999996	1.2459999999999996	1.2459999999999996
73	0	0	0	0	0.14280000000000001	0.14280000000000001	0.14280000000000001	0.14280000000000001

[signal_summary]
code	frame_id	period_ms	level	type	p_timeout	expected_wcrt_ms	wcrt_p95_ms	threshold_wcrt_ms	expected_retry_count	p_threshold
10043725	36	20	0	0	0	0.79640006498624527	0.7964	0.7964	7.9640006498624486e-07	1
47462060	3	10	0	0	0	0.50120003087392195	0.50120000000000009	0.50120000000000009	5.0120003087392155e-07	1
149541274	61	100	0	0	0	1.9192001566071333	1.9192000000000009	1.9192000000000009	1.9192001566071358e-06	1
202219306	33	5	3	0	0	0.34080002099328133	0.34079999999999999	0.46399999999999997	3.408000209932815e-07	1.388888888888889e-14
203962662	60	20	0	0	0	1.1648000950476876	1.1647999999999996	1.1647999999999996	1.1648000950476889e-06	1
267775452	0	10	0	0	0	0.45960002831136176	0.45960000000000001	0.45960000000000001	4.5960002831136201e-07	1
272174179	27	100	0	0	0	1.6420001339872115	1.6420000000000003	1.6420000000000003	1.6420001339872119e-06	1
295389820	22	10	0	0	0	0.71120005803392483	0.71120000000000005	0.71120000000000005	7.1120005803392511e-07	1
325913310	66	1000	3	0	0	2.3964001955462577	2.3964000000000016	2.5596000000000014	2.3964001955462579e-06	2.7777777777777777e-12
422790510	49	50	0	0	0	1.4836001210617702	1.4836	1.4836	1.4836001210617697e-06	1
435104099	22	20	3	0	0	0.71120005803392483	0.71120000000000005	0.87440000000000007	7.1120005803392511e-07	5.5555555555555561e-14
491053426	64	2	2	0	1.1102230246251565e-16	0.2616000161145613	0.26160000000000005	0.32320000000000004	2.6160001678069462e-07	5.5555555555555549e-14
522626139	22	10	0	0	0	0.71120005803392483	0.71120000000000005	0.71120000000000005	7.1120005803392511e-07	1
528093670	22	10	0	0	0	0.71120005803392483	0.71120000000000005	0.71120000000000005	7.1120005803392511e-07	1
562488728	68	1000	1	0	0	2.3964001955462577	2.3964000000000016	2.4780000000000015	2.3964001955462579e-06	2.7777777777777777e-11
568066458	22	20	0	0	0	0.71120005803392483	0.71120000000000005	0.71120000000000005	7.1120005803392511e-07	1
579245247	5	10	0	0	0	0.54080003331328219	0.54080000000000006	0.54080000000000006	5.4080003331328169e-07	1
579809103	41	20	0	0	0	0.83600006821760542	0.83599999999999985	0.83599999999999985	8.3600006821760504e-07	1
655272619	73	1	0	0	0	0.14280000879648058	0.14280000000000001	0.14280000000000001	1.4280000879648063e-07	1
685828240	3	10	0	0	0	0.50120003087392195	0.50120000000000009	0.50120000000000009	5.0120003087392155e-07	1
686097555	56	100	0	0	0	1.8400001501440129	1.8400000000000007	1.8400000000000007	1.8400001501440141e-06	1
714492064	58	20	2	0	0	1.1252000918163272	1.1251999999999995	1.2883999999999995	1.1252000918163283e-06	5.5555555555555559e-13
739996998	6	20	0	0	0	0.58240003587584233	0.58240000000000014	0.58240000000000014	5.824000358758426e-07	1
754569380	61	100	0	0	0	1.9192001566071333	1.9192000000000009	1.9192000000000009	1.9192001566071358e-06	1
758979309	40	1000	0	0	0	2.3172001890835365	2.3172000000000015	2.3172000000000015	2.3172001890835371e-06	1
812687218	17	100	0	0	0	1.4044001145990492	1.4043999999999999	1.4043999999999999	1.4044001145990501e-06	1
843218439	9	50	0	0	0	1.3648001113676891	1.3647999999999998	1.3647999999999998	1.3648001113676889e-06	1
889143632	48	10	2	0	0	0.87560007144900276	0.87559999999999993	1.1200000000000001	8.7560007144900208e-07	2.7777777777777779e-13
910609330	16	20	0	0	1.1102230246251565e-16	0.66960005463936556	0.66960000000000008	0.66960000000000008	6.6960005530549853e-07	1
981711488	72	20	0	0	0	1.246000101673608	1.2459999999999996	1.2459999999999996	1.2460001016736072e-06	1
1018932247	22	20	0	0	0	0.71120005803392483	0.71120000000000005	0.71120000000000005	7.1120005803392511e-07	1
1034234473	17	100	0	0	0	1.4044001145990492	1.4043999999999999	1.4043999999999999	1.4044001145990501e-06	1
1058301494	66	1000	0	0	0	2.3964001955462577	2.3964000000000016	2.3964000000000016	2.3964001955462579e-06	1
1112971620	31	100	0	0	0	1.681600137218572	1.6816000000000006	1.6816000000000006	1.6816001372185738e-06	1
1182556800	25	100	2	0	0	1.6024001307558509	1.6024000000000003	1.6840000000000002	1.6024001307558504e-06	2.7777777777777777e-12
1214888700	61	100	1	0	0	1.9192001566071333	1.9192000000000009	2.0008000000000008	1.9192001566071358e-06	2.7777777777777777e-12
1220644414	0	20	0	0	0	0.45960002831136176	0.45960000000000001	0.45960000000000001	4.5960002831136201e-07	1
1329486893	53	20	0	0	0	1.0024001631906923	1.0023999999999997	1.0023999999999997	1.0024001631906921e-06	1
1357070187	58	10	0	0	0	1.1252000918163272	1.1251999999999995	1.1251999999999995	1.1252000918163283e-06	1
1366230019	51	20	0	0	0	0.96080007840133008	0.96079999999999988	0.96079999999999988	9.6080007840133061e-07	1
1394009078	65	10	0	0	0	0.42000002587200164	0.42000000000000004	0.42000000000000004	4.2000002587200214e-07	1
1411751674	2	20	1	0	1.1102230246251565e-16	1.2856001049049701	1.2855999999999994	1.4487999999999994	1.2856001055711017e-06	5.5555555555555559e-13
1427541509	25	100	0	0	0	1.6024001307558509	1.6024000000000003	1.6024000000000003	1.6024001307558504e-06	1
1466597557	53	20	0	0	0	1.0024001631906923	1.0023999999999997	1.0023999999999997	1.0024001631906921e-06	1
1498159750	20	1	0	0	0	0.10120000603152038	0.10120000000000001	0.10120000000000001	1.0120000603152044e-07	1
1503029307	59	100	0	0	1.1102230246251565e-16	1.8796001533757682	1.8796000000000008	1.8796000000000008	1.8796001541529137e-06	1
1547773180	8	20	2	0	0	0.62200003831520256	0.62200000000000011	0.6836000000000001	6.220000383152021e-07	5.5555555555555559e-13
1571669256	52	100	2	0	0	1.7608001436812921	1.7608000000000006	1.8424000000000005	1.7608001436812927e-06	2.7777777777777777e-12
1585853415	34	20	0	0	0	0.75480006159168489	0.75479999999999992	0.75479999999999992	7.5480006159168509e-07	1
1591920360	16	10	0	0	1.1102230246251565e-16	0.66960005463936556	0.66960000000000008	0.66960000000000008	6.6960005530549853e-07	1
1603108062	0	20	0	0	0	0.45960002831136176	0.45960000000000001	0.45960000000000001	4.5960002831136201e-07	1
1643977002	22	10	0	0	0	0.71120005803392483	0.71120000000000005	0.71120000000000005	7.1120005803392511e-07	1
1662760422	73	1	0	0	0	0.14280000879648058	0.14280000000000001	0.14280000000000001	1.4280000879648063e-07	1
1693320532	51	10	1	0	0	0.96080007840133008	0.96079999999999988	1.2052	9.6080007840133061e-07	2.7777777777777779e-13
1785422459	65	5	0	0	0	0.42000002587200164	0.42000000000000004	0.42000000000000004	4.2000002587200214e-07	1
1828567651	73	1	0	0	0	0.14280000879648058	0.14280000000000001	0.14280000000000001	1.4280000879648063e-07	1
1902367593	65	5	0	0	0	0.42000002587200164	0.42000000000000004	0.42000000000000004	4.2000002587200214e-07	1
1918014978	5	20	0	0	0	0.54080003331328219	0.54080000000000006	0.54080000000000006	5.4080003331328169e-07	1
1927250816	3	20	0	0	0	0.50120003087392195	0.50120000000000009	0.50120000000000009	5.0120003087392155e-07	1
1938523587	2	20	0	0	1.1102230246251565e-16	1.2856001049049701	1.2855999999999994	1.2855999999999994	1.2856001055711017e-06	1
1940562794	16	10	1	0	1.1102230246251565e-16	0.66960005463936556	0.66960000000000008	0.8328000000000001	6.6960005530549853e-07	2.7777777777777779e-13
1994733308	6	10	1	0	0	0.58240003587584233	0.58240000000000014	0.64400000000000013	5.824000358758426e-07	2.7777777777777779e-13
2016843523	0	10	0	0	0	0.45960002831136176	0.45960000000000001	0.45960000000000001	4.5960002831136201e-07	1
2054982714	8	10	0	0	0	0.62200003831520256	0.62200000000000011	0.62200000000000011	6.220000383152021e-07	1
2056002659	71	10	0	0	0	1.2044000982790475	1.2043999999999995	1.2043999999999995	1.2044000982790476e-06	1
2056065094	31	100	0	0	0	1.681600137218572	1.6816000000000006	1.6816000000000006	1.6816001372185738e-06	1
2087571751	36	10	0	0	0	0.79640006498624527	0.7964	0.7964	7.9640006498624486e-07	1
2140043763	51	20	2	0	0	0.96080007840133008	0.96079999999999988	1.0423999999999998	9.6080007840133061e-07	5.5555555555555559e-13
2141555159	17	100	0	0	0	1.4044001145990492	1.4043999999999999	1.4043999999999999	1.4044001145990501e-06	1
2221718330	36	10	0	0	0	0.79640006498624527	0.7964	0.7964	7.9640006498624486e-07	1
2286369759	25	100	0	0	0	1.6024001307558509	1.6024000000000003	1.6024000000000003	1.6024001307558504e-06	1
2315858779	34	10	0	0	0	0.75480006159168489	0.75479999999999992	0.75479999999999992	7.5480006159168509e-07	1
2348545046	73	2	0	0	0	0.14280000879648058	0.14280000000000001	0.14280000000000001	1.4280000879648063e-07	1
2454899023	54	100	0	0	0	1.8004001469126529	1.8004000000000007	1.8004000000000007	1.8004001469126512e-06	1
2455087026	8	20	0	0	0	0.62200003831520256	0.62200000000000011	0.62200000000000011	6.220000383152021e-07	1
2511115756	53	20	0	0	0	1.0024001631906923	1.0023999999999997	1.0023999999999997	1.0024001631906921e-06	1
2516624047	28	10	0	0	0	0.3012000185539212	0.30120000000000002	0.30120000000000002	3.0120001855392136e-07	1
2529146238	2	20	0	0	1.1102230246251565e-16	1.2856001049049701	1.2855999999999994	1.2855999999999994	1.2856001055711017e-06	1
2545394980	62	100	2	0	0	1.9588005515977422	1.958800000000001	2.2404000000000011	1.958800551597742e-06	2.7777777777777777e-12
2570105525	51	20	0	0	0	0.96080007840133008	0.96079999999999988	0.96079999999999988	9.6080007840133061e-07	1
2616203194	5	20	0	0	0	0.54080003331328219	0.54080000000000006	0.54080000000000006	5.4080003331328169e-07	1
2632273292	36	20	0	0	0	0.79640006498624527	0.7964	0.7964	7.9640006498624486e-07	1
2648825149	17	100	0	0	0	1.4044001145990492	1.4043999999999999	1.4043999999999999	1.4044001145990501e-06	1
2671940559	16	10	0	1	1.1102230246251565e-16	0.66960005463936556	0.66960000000000008	0.66960000000000008	6.6960005530549853e-07	1
2672240023	41	10	0	0	0	0.83600006821760542	0.83599999999999985	0.83599999999999985	8.3600006821760504e-07	1
2715737345	45	2	2	0	0	0.22200001367520086	0.222	0.28360000000000002	2.2200001367520061e-07	5.5555555555555549e-14
2722483960	20	1	0	0	0	0.10120000603152038	0.10120000000000001	0.10120000000000001	1.0120000603152044e-07	1
2800501793	58	20	3	0	0	1.1252000918163272	1.1251999999999995	1.2883999999999995	1.1252000918163283e-06	5.5555555555555561e-14
2807214013	48	10	0	0	0	0.87560007144900276	0.87559999999999993	0.87559999999999993	8.7560007144900208e-07	1
2823384606	17	100	2	0	0	1.4044001145990492	1.4043999999999999	1.4859999999999998	1.4044001145990501e-06	2.7777777777777777e-12
2913984904	28	5	0	0	0	0.3012000185539212	0.30120000000000002	0.30120000000000002	3.0120001855392136e-07	1
2980322260	7	100	0	0	1.1102230246251565e-16	1.5232001242931414	1.5232000000000001	1.5232000000000001	1.5232001249592626e-06	1
3011743772	35	1000	2	0	0	2.2776001858521768	2.2776000000000014	2.3592000000000013	2.2776001858521759e-06	2.7777777777777777e-11
3087456598	58	20	0	0	0	1.1252000918163272	1.1251999999999995	1.1251999999999995	1.1252000918163283e-06	1
3089277850	34	10	1	0	0	0.75480006159168489	0.75479999999999992	0.91799999999999993	7.5480006159168509e-07	2.7777777777777779e-13
3107573102	19	1000	0	0	0	2.0380005739004328	2.0380000000000011	2.0380000000000011	2.0380005739004296e-06	1
3124418972	8	20	0	0	0	0.62200003831520256	0.62200000000000011	0.62200000000000011	6.220000383152021e-07	1
3252622914	24	50	0	0	0	1.4440001178304094	1.4439999999999997	1.4439999999999997	1.4440001178304095e-06	1
3257818407	63	1000	1	0	0	2.3568001923148976	2.3568000000000016	2.4384000000000015	2.3568001923148971e-06	2.7777777777777777e-11
3263164998	58	20	0	0	0	1.1252000918163272	1.1251999999999995	1.1251999999999995	1.1252000918163283e-06	1
3272075224	13	100	1	0	0	1.5628001275244907	1.5628000000000002	1.6444000000000001	1.5628001275244913e-06	2.7777777777777777e-12
3274342574	48	20	0	0	0	0.87560007144900276	0.87559999999999993	0.87559999999999993	8.7560007144900208e-07	1
3322668307	58	10	0	0	0	1.1252000918163272	1.1251999999999995	1.1251999999999995	1.1252000918163283e-06	1
3382992119	34	20	2	0	0	0.75480006159168489	0.75479999999999992	0.83639999999999992	7.5480006159168509e-07	5.5555555555555559e-13
3384942266	17	50	0	0	0	1.4044001145990492	1.4043999999999999	1.4043999999999999	1.4044001145990501e-06	1
3429268343	72	20	3	0	0	1.246000101673608	1.2459999999999996	1.4091999999999996	1.2460001016736072e-06	5.5555555555555561e-14
3464277168	20	2	1	0	0	0.10120000603152038	0.10120000000000001	0.1608	1.0120000603152044e-07	5.5555555555555549e-14
3482276095	6	20	1	0	0	0.58240003587584233	0.58240000000000014	0.64400000000000013	5.824000358758426e-07	5.5555555555555559e-13
3486851793	22	10	0	0	0	0.71120005803392483	0.71120000000000005	0.71120000000000005	7.1120005803392511e-07	1
3497845396	71	10	0	0	0	1.2044000982790475	1.2043999999999995	1.2043999999999995	1.2044000982790476e-06	1
3500618382	60	10	0	0	0	1.1648000950476876	1.1647999999999996	1.1647999999999996	1.1648000950476889e-06	1
3503034053	6	10	0	0	0	0.58240003587584233	0.58240000000000014	0.58240000000000014	5.824000358758426e-07	1
3552880791	60	10	1	0	0	1.1648000950476876	1.1647999999999996	1.3279999999999996	1.1648000950476889e-06	2.7777777777777779e-13
3554994823	58	10	0	0	0	1.1252000918163272	1.1251999999999995	1.1251999999999995	1.1252000918163283e-06	1
3571949428	16	10	0	0	1.1102230246251565e-16	0.66960005463936556	0.66960000000000008	0.66960000000000008	6.6960005530549853e-07	1
3602921179	42	100	0	0	0	1.721200140449932	1.7212000000000005	1.7212000000000005	1.7212001404499327e-06	1
3629015641	16	10	0	0	1.1102230246251565e-16	0.66960005463936556	0.66960000000000008	0.66960000000000008	6.6960005530549853e-07	1
3647237667	72	20	2	0	0	1.246000101673608	1.2459999999999996	1.4091999999999996	1.2460001016736072e-06	5.5555555555555559e-13
3658101815	24	100	0	0	0	1.4440001178304094	1.4439999999999997	1.4439999999999997	1.4440001178304095e-06	1
3677856159	54	100	0	0	0	1.8004001469126529	1.8004000000000007	1.8004000000000007	1.8004001469126512e-06	1
3703629888	6	20	3	0	0	0.58240003587584233	0.58240000000000014	0.70560000000000012	5.824000358758426e-07	5.5555555555555561e-14
3709567221	58	10	0	0	0	1.1252000918163272	1.1251999999999995	1.1251999999999995	1.1252000918163283e-06	1
3763242254	53	10	0	0	0	1.0024001631906923	1.0023999999999997	1.0023999999999997	1.0024001631906921e-06	1
3788411468	69	20	0	0	0	1.3252001081363287	1.3251999999999997	1.3251999999999997	1.3252001081363283e-06	1
3790088491	60	10	0	0	0	1.1648000950476876	1.1647999999999996	1.1647999999999996	1.1648000950476889e-06	1
3793086051	48	20	0	0	0	0.87560007144900276	0.87559999999999993	0.87559999999999993	8.7560007144900208e-07	1
3811657737	32	2	1	0	0	0.18240001123584071	0.18240000000000001	0.24399999999999999	1.8240001123584087e-07	5.5555555555555549e-14
3824857518	33	10	0	0	0	0.34080002099328133	0.34079999999999999	0.34079999999999999	3.408000209932815e-07	1
3831488770	50	20	1	0	0	0.9152000746803659	0.91519999999999979	0.9967999999999998	9.152000746803664e-07	5.5555555555555559e-13
3848015899	31	100	0	0	0	1.681600137218572	1.6816000000000006	1.6816000000000006	1.6816001372185738e-06	1
3872774434	73	1	0	0	0	0.14280000879648058	0.14280000000000001	0.14280000000000001	1.4280000879648063e-07	1
3904183919	36	20	0	0	0	0.79640006498624527	0.7964	0.7964	7.9640006498624486e-07	1
3916295644	72	10	0	0	0	1.246000101673608	1.2459999999999996	1.2459999999999996	1.2460001016736072e-06	1
3939977379	61	100	0	0	0	1.9192001566071333	1.9192000000000009	1.9192000000000009	1.9192001566071358e-06	1
3960106213	54	100	0	0	0	1.8004001469126529	1.8004000000000007	1.8004000000000007	1.8004001469126512e-06	1
3989106303	46	10	0	0	0	0.38040002343264151	0.38040000000000002	0.38040000000000002	3.8040002343264169e-07	1
4022724765	41	10	0	0	0	0.83600006821760542	0.83599999999999985	0.83599999999999985	8.3600006821760504e-07	1
4028732152	60	10	0	0	0	1.1648000950476876	1.1647999999999996	1.1647999999999996	1.1648000950476889e-06	1
4067268170	46	5	0	0	0	0.38040002343264151	0.38040000000000002	0.38040000000000002	3.8040002343264169e-07	1
4088664627	53	10	0	0	0	1.0024001631906923	1.0023999999999997	1.0023999999999997	1.0024001631906921e-06	1
4096950511	27	100	3	0	0	1.6420001339872115	1.6420000000000003	1.8052000000000004	1.6420001339872119e-06	2.7777777777777779e-13
4112473535	56	100	1	0	0	1.8400001501440129	1.8400000000000007	1.9216000000000006	1.8400001501440141e-06	2.7777777777777777e-12
4122100650	51	20	0	0	0	0.96080007840133008	0.96079999999999988	0.96079999999999988	9.6080007840133061e-07	1
4123066141	51	20	0	0	0	0.96080007840133008	0.96079999999999988	0.96079999999999988	9.6080007840133061e-07	1
4149798647	50	10	0	0	0	0.9152000746803659	0.91519999999999979	0.91519999999999979	9.152000746803664e-07	1
4157473141	72	10	2	0	0	1.246000101673608	1.2459999999999996	1.4091999999999996	1.2460001016736072e-06	2.7777777777777779e-13
4167657240	70	100	0	0	0	1.9984005627490877	1.9984000000000011	1.9984000000000011	1.9984005627490849e-06	1
4203937714	51	20	0	0	0	0.96080007840133008	0.96079999999999988	0.96079999999999988	9.6080007840133061e-07	1
4256110203	3	10	2	0	0	0.50120003087392195	0.50120000000000009	0.56280000000000008	5.0120003087392155e-07	2.7777777777777779e-13
4277794908	72	20	0	0	0	1.246000101673608	1.2459999999999996	1.2459999999999996	1.2460001016736072e-06	1
