base_bandwidth_utilization	0.26467000000000007
expected_bandwidth_utilization	0.26467009869181368

rounded_expected_bandwidth_utilization	0.52933999999999992

bandwidth_utilization_p99	0.26466999999999996

[frame_summary]
frame_id	priority	period_ms	deadline_ms	trans_time_ms	expected_retry_count	expected_tx_count	rounded_expected_retry_count	rounded_expected_tx_count	retry_p99	tx_count_p99	expected_wcrt_ms	p_timeout	wcrt_p95_ms
0	9	10	10	0.039600000000000003	4.4560002744896173e-07	1.0000004456000275	1	2	0	1	0.44560002744896182	0	0.44560000000000005
3	10	10	10	0.039600000000000003	4.8520002988832223e-07	1.0000004852000299	1	2	0	1	0.48520002988832195	0	0.48520000000000008
4	42	1000	1000	0.039600000000000003	1.8892001284870864e-06	1.0000018892001286	1	2	0	1	1.8892001277100403	1.1102230246251565e-16	1.8892000000000007
5	31	100	100	0.039600000000000003	1.4536000982633657e-06	1.0000014536000983	1	2	0	1	1.4536000982633666	0	1.4535999999999998
6	23	20	20	0.047600000000000003	1.0160001893823507e-06	1.0000010160001893	1	2	0	1	1.0160001893823511	0	1.0159999999999996
7	32	100	100	0.039600000000000003	1.4932001009403255e-06	1.0000014932001009	1	2	0	1	1.4932001009403268	0	1.4931999999999999
9	33	100	100	0.039600000000000003	1.532800104283421e-06	1.0000015328001042	1	2	0	1	1.5328001036172978	1.1102230246251565e-16	1.5327999999999999
10	11	10	10	0.041599999999999998	5.2680003245088283e-07	1.0000005268000325	1	2	0	1	0.52680003245088214	0	0.52680000000000016
11	12	10	10	0.041599999999999998	5.6840003567957628e-07	1.0000005684000357	1	2	0	1	0.56840003501344338	1.1102230246251565e-16	0.56840000000000013
12	0	1	1	0.039600000000000003	8.7200005197120374e-08	1.0000000872000052	1	2	0	1	0.087200005197120331	0	0.0872
13	5	5	5	0.039600000000000003	2.8520001699792074e-07	1.0000002852000169	1	2	0	1	0.28520001699792108	0	0.28520000000000001
14	13	10	10	0.039600000000000003	6.0800003745280229e-07	1.0000006080000374	1	2	0	1	0.60800003745280251	0	0.6080000000000001
16	34	100	100	0.039600000000000003	1.5724001069603816e-06	1.000001572400107	1	2	0	1	1.5724001062942581	1.1102230246251565e-16	1.5724
17	14	10	10	0.039600000000000003	6.4760003989216264e-07	1.0000006476000398	1	2	0	1	0.64760003989216253	0	0.64759999999999995
19	28	50	50	0.039600000000000003	1.3348000902324864e-06	1.0000013348000902	1	2	0	1	1.3348000902324857	0	1.3347999999999995
20	3	2	2	0.039600000000000003	2.0600001227760079e-07	1.0000002060000124	1	2	0	1	0.20600001227760073	0	0.20600000000000002
21	15	10	10	0.0436	6.9120004396032275e-07	1.0000006912000439	1	2	0	1	0.69120004396032275	0	0.69120000000000004
23	35	100	100	0.039600000000000003	1.612000108971209e-06	1.000001612000109	1	2	0	1	1.6120001089712075	0	1.6120000000000001
24	43	1000	1000	0.039600000000000003	1.9288001303872828e-06	1.0000019288001303	1	2	0	1	1.9288001303872837	0	1.9288000000000007
25	16	10	10	0.039600000000000003	7.3080004647888301e-07	1.0000007308000465	1	2	0	1	0.73080004647888286	0	0.73079999999999989
26	36	100	100	0.039600000000000003	1.6516001116481679e-06	1.0000016516001116	1	2	0	1	1.6516001116481678	0	1.6516000000000002
27	37	100	100	0.041599999999999998	1.6912001143251281e-06	1.0000016912001144	1	2	0	1	1.6912001143251281	0	1.6912000000000003
28	44	1000	1000	0.039600000000000003	1.9684001330642606e-06	1.0000019684001331	1	2	0	1	1.9684001330642598	0	1.9684000000000008
30	24	20	20	0.039600000000000003	1.1744000793894438e-06	1.0000011744000794	1	2	0	1	1.1744000793894449	0	1.1743999999999997
31	38	100	100	0.039600000000000003	1.7308001170020866e-06	1.000001730800117	1	2	0	1	1.7308001170020884	0	1.7308000000000003
32	17	10	10	0.039600000000000003	7.7040004899744253e-07	1.0000007704000491	1	2	0	1	0.77040004899744319	0	0.77039999999999997
33	6	5	5	0.041599999999999998	3.2680002013088137e-07	1.0000003268000202	1	2	0	1	0.32680002013088122	0	0.32679999999999998
35	29	50	50	0.039600000000000003	1.374400092909446e-06	1.0000013744000928	1	2	0	1	1.3744000929094462	0	1.3743999999999996
36	1	1	1	0.039600000000000003	1.2680000755728044e-07	1.0000001268000076	1	2	0	1	0.12680000755728044	0	0.1268
38	7	5	5	0.039600000000000003	3.6640002257024098e-07	1.0000003664000225	1	2	0	1	0.36640002257024146	0	0.3664
40	25	20	20	0.039600000000000003	1.2140000820664055e-06	1.000001214000082	1	2	0	1	1.2140000820664054	0	1.2139999999999997
41	39	100	100	0.039600000000000003	1.7704001196790497e-06	1.0000017704001196	1	2	0	1	1.7704001196790486	0	1.7704000000000004
42	18	10	10	0.041599999999999998	8.1200005164320293e-07	1.0000008120000516	1	2	0	1	0.81200005164320321	0	0.81199999999999983
45	19	10	10	0.039600000000000003	8.5160005416176382e-07	1.0000008516000543	1	2	0	1	0.85160005416176343	0	0.85159999999999991
47	20	10	10	0.041599999999999998	8.9320005680752455e-07	1.0000008932000568	1	2	0	1	0.89320005680752335	0	0.89319999999999977
48	40	100	100	0.039600000000000003	1.8100001223560101e-06	1.0000018100001224	1	2	0	1	1.8100001223560089	0	1.8100000000000005
49	26	20	20	0.039600000000000003	1.2536000847433661e-06	1.0000012536000848	1	2	0	1	1.2536000847433655	0	1.2535999999999996
50	30	50	50	0.039600000000000003	1.4140000955864043e-06	1.0000014140000957	1	2	0	1	1.4140000955864063	0	1.4139999999999997
52	45	1000	1000	0.039600000000000003	2.0080005333244367e-06	1.0000020080005334	1	2	0	1	2.008000533324438	0	2.0080000000000009
53	4	2	2	0.039600000000000003	2.4560001463776126e-07	1.0000002456000145	1	2	0	1	0.24560001463776088	0	0.24560000000000001
54	8	5	5	0.039600000000000003	4.0600002500960132e-07	1.0000004060000249	1	2	0	1	0.40600002500960164	0	0.40600000000000003
57	2	1	1	0.039600000000000003	1.6640000991744056e-07	1.00000016640001	1	2	0	1	0.16640000991744061	0	0.16639999999999999
58	21	10	10	0.041599999999999998	9.3480005945334403e-07	1.0000009348000594	1	2	0	1	0.93480005945334266	0	0.93479999999999985
60	22	10	10	0.039600000000000003	9.7440006197190874e-07	1.000000974400062	1	2	0	1	0.97440006197190743	0	0.97439999999999971
61	41	100	100	0.039600000000000003	1.8496001250329703e-06	1.0000018496001251	1	2	0	1	1.8496001250329688	0	1.8496000000000006
62	27	20	20	0.041599999999999998	1.2952000875555267e-06	1.0000012952000876	1	2	0	1	1.2952000875555254	0	1.2951999999999995
64	46	1000	1000	0.039600000000000003	2.0080005333244367e-06	1.0000020080005334	1	2	0	1	2.008000533324438	0	2.0080000000000009

[frame_retry_distribution]
frame_id	retry_count	probability
0	0	0.99999955440009936
0	1	4.4559977399173735e-07
0	2	1.2672856791677006e-13
0	3	2.9513863677121182e-20
0	4	6.152504262998917e-27
0	5	1.1976425466124034e-33
3	0	0.99999951480011773
3	1	4.8519973469271288e-07
3	2	1.4759775020150147e-13
3	3	3.6301022344973503e-20
3	4	7.9164472665191829e-27
3	5	1.6005530496285293e-33
4	0	0.99999811080178447
4	1	1.8891963032170586e-06
4	2	1.9122443688485842e-12
4	3	1.3779994758442544e-18
4	4	1.0656840144032074e-24
4	5	5.8981399467698183e-31
4	6	1.8906409890417037e-37
4	7	1.1102230246251565e-16
5	0	0.99999854640105645
5	1	1.4535977887853609e-06
5	2	1.1547380053508006e-12
5	3	6.646964942384808e-19
5	4	3.1034496821174621e-25
5	5	1.2480362172772778e-31
6	0	0.99999898400051612
6	1	1.0159987783623337e-06
6	2	7.0550950400236247e-13
6	3	3.363441013591621e-19
6	4	1.309045686354266e-25
6	5	4.4452039020100986e-32
7	0	0.99999850680111491
7	1	1.4931976694152576e-06
7	2	1.2157614602524264e-12
7	3	7.1584284779616976e-19
7	4	3.4127638991638273e-25
7	5	1.3991978951330861e-31
9	0	0.99999846720117469
9	1	1.5327975469088432e-06
9	2	1.2783530677053073e-12
9	3	7.6954278461505046e-19
9	4	3.7445976723752177e-25
9	5	1.5646347228125906e-31
9	6	1.1102230246251565e-16
10	0	0.99999947320013882
10	1	5.2679969003097199e-07
10	2	1.7120988871353643e-13
10	3	4.4459654730498606e-20
10	4	1.0146347326178855e-26
10	5	2.1320332338193943e-33
11	0	0.99999943160016147
11	1	5.6839964190811313e-07
11	2	1.9655258406418571e-13
11	3	5.3743149589977816e-20
11	4	1.2811368837999604e-26
11	5	2.7943575195971593e-33
11	6	1.1102230246251565e-16
12	0	0.99999991280000389
12	1	8.7199987199041009e-08
12	2	8.9990381425983224e-15
12	3	1.0283202598001051e-21
12	4	1.2541754358217418e-28
12	5	1.5998535258010157e-35
13	0	0.9999997148000408
13	1	2.851999016630567e-07
13	2	5.7667416679291982e-14
13	3	1.0233731784880686e-20
13	4	1.7058347830668063e-27
13	5	2.7494012455499918e-34
14	0	0.99999939200018495
14	1	6.079995928833363e-07
14	2	2.2228463746541393e-13
14	3	6.3691175958949141e-20
14	4	1.5800676647224136e-26
14	5	3.5670063605475764e-33
16	0	0.99999842760123614
16	1	1.5723974212661151e-06
16	2	1.3425128275231407e-12
16	3	8.2585840341752906e-19
16	4	4.1000164940883245e-25
16	5	1.7453329362153209e-31
16	6	1.1102230246251565e-16
17	0	0.99999935240020976
17	1	6.4759954072224305e-07
17	2	2.4958484761992582e-13
17	3	7.4785839177574974e-20
17	4	1.9280032715243079e-26
17	5	4.5001791002505744e-33
19	0	0.99999866520089087
19	1	1.3347981280777929e-06
19	2	9.8107655781640051e-13
19	3	5.2595794576110948e-19
19	4	2.3003383103461365e-25
19	5	8.7098441472487327e-32
20	0	0.99999979400002126
20	1	2.0599994528640733e-07
20	2	3.349558910723266e-14
20	3	5.0837704170981005e-21
20	4	7.5331729185505456e-28
20	5	1.1076637453442581e-34
21	0	0.9999993088002388
21	1	6.9119947828243684e-07
21	2	2.8283880852462466e-13
21	3	8.9616765757977917e-20
21	4	2.4350869189308036e-26
21	5	5.9749059030904925e-33
23	0	0.99999838800129925
23	1	1.6119972924870754e-06
23	2	1.4082407395196345e-12
23	3	8.8485180291616077e-19
23	4	4.4801104476826228e-25
23	5	1.942323113970777e-31
24	0	0.99999807120186013
24	1	1.9287961493475236e-06
24	2	1.9905170974452372e-12
24	3	1.8547730156704222e-18
24	4	1.2096786087955903e-24
24	5	6.5236914734085794e-31
24	6	2.1098440554294557e-37
25	0	0.99999926920026716
25	1	7.307994194527107e-07
25	2	3.1351293100579029e-13
25	3	1.0345031566814511e-19
25	4	2.9117901904462494e-26
25	5	7.368644607396632e-33
26	0	0.99999834840136392
26	1	1.6515971605717213e-06
26	2	1.4755368035084867e-12
26	3	9.4658508181366104e-19
26	4	4.885994207575421e-25
26	5	2.1566811512419083e-31
27	0	0.99999830880143015
27	1	1.6911970255200561e-06
27	2	1.544401019303408e-12
27	3	1.0111203388029354e-18
27	4	5.3188070392172796e-25
27	5	2.3895292334416839e-31
28	0	0.99999803160193734
28	1	1.9683959923416812e-06
28	2	2.0703583548577328e-12
28	3	1.9564694327698006e-18
28	4	1.2948462372721192e-24
28	5	7.0837936414894967e-31
28	6	2.3493701624834039e-37
30	0	0.99999882560068964
30	1	1.1743985413961044e-06
30	2	7.6899611292203158e-13
30	3	3.7124295607318264e-19
30	4	1.4757995456364276e-25
30	5	5.1203646182774061e-32
31	0	0.99999826920149792
31	1	1.7307968873320776e-06
31	2	1.6148333867180922e-12
31	3	1.0785196725670098e-18
31	4	5.7797127990866613e-25
31	5	2.6420368104701513e-31
32	0	0.99999922960029686
32	1	7.703993574866674e-07
32	2	3.4575520964998454e-13
32	3	1.1862934446941959e-19
32	4	3.4547922568314035e-26
32	5	9.0092522751397206e-33
33	0	0.99999967320005345
33	1	3.2679987307090476e-07
33	2	7.3529966911507581e-14
33	3	1.4255801741396642e-20
33	4	2.5644196875451485e-27
33	5	4.4223004263142311e-34
35	0	0.99999862560094466
35	1	1.3743980181166285e-06
35	2	1.0373955539464889e-12
35	3	5.6981614196793765e-19
35	4	2.5482409024163936e-25
35	5	9.84809238265395e-32
36	0	0.99999987320000805
36	1	1.2679997636448218e-07
36	2	1.5596396163286044e-14
36	3	1.9736701381796416e-21
36	4	2.5733577113989201e-28
36	5	3.440930441920735e-35
38	0	0.99999963360006727
38	1	3.6639984318083318e-07
38	2	8.9694676085475829e-14
38	3	1.8553352376056018e-20
38	4	3.5131785868440331e-27
38	5	6.3160304925754239e-34
40	0	0.99999878600073699
40	1	1.2139984441385968e-06
40	2	8.1896329505397901e-13
40	3	4.0614762446297139e-19
40	4	1.6544728219449578e-25
40	5	5.8695351703913424e-32
41	0	0.99999822960156715
41	1	1.7703967460077919e-06
41	2	1.6868339055662551e-12
41	3	1.1488451817791251e-18
41	4	6.2698986932456111e-25
41	5	4.1568612200753695e-31
41	6	5.0392673670593966e-38
42	0	0.99999918800032972
42	1	8.1199928901311089e-07
42	2	3.8131484186893236e-13
42	3	1.3609212454008221e-19
42	4	4.1030299019799331e-26
42	5	1.5907260050334792e-32
45	0	0.99999914840036275
45	1	8.5159922061603696e-07
45	2	4.1677263206274863e-13
45	3	1.5422426298401499e-19
45	4	6.6327149231361169e-26
45	5	2.1236779798476095e-32
47	0	0.99999910680039894
47	1	8.9319914538664984e-07
47	2	4.5571017499310133e-13
47	3	1.7492645946499478e-19
47	4	7.702945070178538e-26
47	5	2.5257197491452378e-32
48	0	0.99999819000163814
48	1	1.8099966015471925e-06
48	2	1.7604025756615827e-12
48	3	1.2221589651026287e-18
48	4	6.790580139999521e-25
48	5	4.5554842870473273e-31
48	6	1.5077797751282537e-37
49	0	0.99999874640078579
49	1	1.2535983437447747e-06
49	2	8.7049863105066441e-13
49	3	4.4316804847891826e-19
49	4	1.8488512910844879e-25
49	5	6.7036733523374393e-32
50	0	0.99999858600099978
50	1	1.4139979050191496e-06
50	2	1.0952827031867209e-12
50	3	6.1604162520976115e-19
50	4	2.8156141199471502e-25
50	5	1.110206822271777e-31
52	0	0.99999799200201611
52	1	2.0079954346163895e-06
52	2	2.5493508314528496e-12
52	3	2.1280124450241246e-18
52	4	1.3950562612134626e-24
52	5	7.6986539781935599e-31
52	6	2.6106640961301158e-37
53	0	0.99999975440003019
53	1	2.4559992504289181e-07
53	2	4.479742365789695e-14
53	3	7.3727189403507664e-21
53	4	1.1602537893703646e-27
53	5	1.7871652588880546e-34
54	0	0.99999959400008254
54	1	4.0599981015444418e-07
54	2	1.0742754314932918e-13
54	3	2.3618673352750306e-20
54	4	4.6973872606128728e-27
54	5	8.7930060367036685e-34
57	0	0.99999983360001388
57	1	1.6639996239360422e-07
57	2	2.3761913213596612e-14
57	3	3.304787168520601e-21
57	4	4.5990000673697175e-28
57	5	6.4497184613701909e-35
58	0	0.99999906520043702
58	1	9.3479906669614719e-07
58	2	4.9637821387626045e-13
58	3	2.5636424350813689e-19
58	4	9.6208312348837069e-26
58	5	3.0797925907602188e-32
60	0	0.99999902560047471
60	1	9.7439898857332597e-07
60	2	5.3669886501230653e-13
60	3	2.842485628966116e-19
60	4	1.0936670723902216e-25
60	5	3.5843600201923124e-32
61	0	0.99999815040171047
61	1	1.8495964539502812e-06
61	2	1.8355393968177931e-12
61	3	1.2985228640835295e-18
61	4	9.9140687213351063e-25
61	5	5.4121931353102137e-31
61	6	1.6903876339861608e-37
62	0	0.99999870480083874
62	1	1.2951982349026435e-06
62	2	9.263257149827508e-13
62	3	4.8440493782752624e-19
62	4	2.0709392156195256e-25
62	5	7.6791374862684746e-32
64	0	0.99999799200201611
64	1	2.0079954346163895e-06
64	2	2.5493508314528496e-12
64	3	2.1280124450241246e-18
64	4	1.3950562612134626e-24
64	5	7.6986539781935572e-31
64	6	2.6106640961301133e-37

[frame_retry_cdf]
frame_id	retry_count	cumulative_probability
0	0	0.99999955440009936
0	1	0.99999999999987332
0	2	1
0	3	1
0	4	1
0	5	1
3	0	0.99999951480011773
3	1	0.99999999999985245
3	2	1
3	3	1
3	4	1
3	5	1
4	0	0.99999811080178447
4	1	0.99999999999808764
4	2	0.99999999999999989
4	3	0.99999999999999989
4	4	0.99999999999999989
4	5	0.99999999999999989
4	6	0.99999999999999989
4	7	1
5	0	0.99999854640105645
5	1	0.99999999999884526
5	2	1
5	3	1
5	4	1
5	5	1
6	0	0.99999898400051612
6	1	0.99999999999929445
6	2	1
6	3	1
6	4	1
6	5	1
7	0	0.99999850680111491
7	1	0.99999999999878431
7	2	1
7	3	1
7	4	1
7	5	1
9	0	0.99999846720117469
9	1	0.99999999999872158
9	2	0.99999999999999989
9	3	0.99999999999999989
9	4	0.99999999999999989
9	5	0.99999999999999989
9	6	1
10	0	0.99999947320013882
10	1	0.9999999999998288
10	2	1
10	3	1
10	4	1
10	5	1
11	0	0.99999943160016147
11	1	0.99999999999980338
11	2	0.99999999999999989
11	3	0.99999999999999989
11	4	0.99999999999999989
11	5	0.99999999999999989
11	6	1
12	0	0.99999991280000389
12	1	0.99999999999999112
12	2	1
12	3	1
12	4	1
12	5	1
13	0	0.9999997148000408
13	1	0.99999999999994249
13	2	1
13	3	1
13	4	1
13	5	1
14	0	0.99999939200018495
14	1	0.99999999999977784
14	2	1
14	3	1
14	4	1
14	5	1
16	0	0.99999842760123614
16	1	0.99999999999865741
16	2	0.99999999999999989
16	3	0.99999999999999989
16	4	0.99999999999999989
16	5	0.99999999999999989
16	6	1
17	0	0.99999935240020976
17	1	0.99999999999975053
17	2	1
17	3	1
17	4	1
17	5	1
19	0	0.99999866520089087
19	1	0.9999999999990189
19	2	1
19	3	1
19	4	1
19	5	1
20	0	0.99999979400002126
20	1	0.99999999999996658
20	2	1
20	3	1
20	4	1
20	5	1
21	0	0.9999993088002388
21	1	0.99999999999971712
21	2	1
21	3	1
21	4	1
21	5	1
23	0	0.99999838800129925
23	1	0.99999999999859179
23	2	1
23	3	1
23	4	1
23	5	1
24	0	0.99999807120186013
24	1	0.99999999999800948
24	2	1
24	3	1
24	4	1
24	5	1
24	6	1
25	0	0.99999926920026716
25	1	0.99999999999968658
25	2	1
25	3	1
25	4	1
25	5	1
26	0	0.99999834840136392
26	1	0.99999999999852451
26	2	1
26	3	1
26	4	1
26	5	1
27	0	0.99999830880143015
27	1	0.99999999999845568
27	2	1
27	3	1
27	4	1
27	5	1
28	0	0.99999803160193734
28	1	0.99999999999792966
28	2	1
28	3	1
28	4	1
28	5	1
28	6	1
30	0	0.99999882560068964
30	1	0.99999999999923106
30	2	1
30	3	1
30	4	1
30	5	1
31	0	0.99999826920149792
31	1	0.99999999999838529
31	2	1
31	3	1
31	4	1
31	5	1
32	0	0.99999922960029686
32	1	0.99999999999965439
32	2	1
32	3	1
32	4	1
32	5	1
33	0	0.99999967320005345
33	1	0.9999999999999265
33	2	1
33	3	1
33	4	1
33	5	1
35	0	0.99999862560094466
35	1	0.99999999999896272
35	2	1
35	3	1
35	4	1
35	5	1
36	0	0.99999987320000805
36	1	0.99999999999998446
36	2	1
36	3	1
36	4	1
36	5	1
38	0	0.99999963360006727
38	1	0.99999999999991041
38	2	1
38	3	1
38	4	1
38	5	1
40	0	0.99999878600073699
40	1	0.9999999999991811
40	2	1
40	3	1
40	4	1
40	5	1
41	0	0.99999822960156715
41	1	0.99999999999831313
41	2	1
41	3	1
41	4	1
41	5	1
41	6	1
42	0	0.99999918800032972
42	1	0.99999999999961875
42	2	1
42	3	1
42	4	1
42	5	1
45	0	0.99999914840036275
45	1	0.99999999999958333
45	2	1
45	3	1
45	4	1
45	5	1
47	0	0.99999910680039894
47	1	0.99999999999954436
47	2	1
47	3	1
47	4	1
47	5	1
48	0	0.99999819000163814
48	1	0.99999999999823974
48	2	1
48	3	1
48	4	1
48	5	1
48	6	1
49	0	0.99999874640078579
49	1	0.99999999999912959
49	2	1
49	3	1
49	4	1
49	5	1
50	0	0.99999858600099978
50	1	0.99999999999890476
50	2	1
50	3	1
50	4	1
50	5	1
52	0	0.99999799200201611
52	1	0.99999999999745071
52	2	1
52	3	1
52	4	1
52	5	1
52	6	1
53	0	0.99999975440003019
53	1	0.99999999999995526
53	2	1
53	3	1
53	4	1
53	5	1
54	0	0.99999959400008254
54	1	0.99999999999989264
54	2	1
54	3	1
54	4	1
54	5	1
57	0	0.99999983360001388
57	1	0.99999999999997624
57	2	1
57	3	1
57	4	1
57	5	1
58	0	0.99999906520043702
58	1	0.99999999999950373
58	2	1
58	3	1
58	4	1
58	5	1
60	0	0.99999902560047471
60	1	0.99999999999946332
60	2	1
60	3	1
60	4	1
60	5	1
61	0	0.99999815040171047
61	1	0.99999999999816447
61	2	1
61	3	1
61	4	1
61	5	1
61	6	1
62	0	0.99999870480083874
62	1	0.99999999999907363
62	2	1
62	3	1
62	4	1
62	5	1
64	0	0.99999799200201611
64	1	0.99999999999745071
64	2	1
64	3	1
64	4	1
64	5	1
64	6	1

[frame_wcrt_distribution]
frame_id	response_time_ms	probability
0	0.44560000000000005	0.99999955440009936
0	0.5072000000000001	4.4559977399173735e-07
0	0.56880000000000008	1.2672856791677006e-13
0	0.63040000000000007	2.9513863677121182e-20
0	0.69200000000000006	6.152504262998917e-27
0	0.75360000000000005	1.1976425466124034e-33
3	0.48520000000000008	0.99999951480011773
3	0.54680000000000006	4.8519973469271288e-07
3	0.60840000000000005	1.4759775020150147e-13
3	0.67000000000000015	3.6301022344973503e-20
3	0.73160000000000003	7.9164472665191829e-27
3	0.79320000000000013	1.6005530496285293e-33
4	1.8892000000000007	0.99999811080178447
4	1.9568000000000008	1.8891963032170586e-06
4	2.0244000000000009	1.9122443688485842e-12
4	2.1084000000000009	8.1151147711214807e-40
4	2.2272000000000007	2.2403717545902143e-32
4	2.2900000000000009	1.3779994758442544e-18
4	2.2948000000000008	3.7337742292835614e-38
4	2.357600000000001	1.0656840144032074e-24
4	2.4252000000000011	5.6741027631956821e-31
4	2.4928000000000012	1.5172635661133479e-37
4	1000.0676	1.1102230246251565e-16
5	1.4535999999999998	0.99999854640105645
5	1.5211999999999999	1.4535977887853609e-06
5	1.5887999999999998	1.1547380053508006e-12
5	1.6563999999999999	6.646964942384808e-19
5	1.6728000000000003	8.1151147711214807e-40
5	1.7239999999999998	3.1034496821174621e-25
5	1.7915999999999999	1.2480362091621631e-31
6	1.0159999999999996	0.99999898400051612
6	1.2023999999999999	1.0159987783623337e-06
6	1.2699999999999998	7.0550950400236247e-13
6	1.3375999999999999	3.363441013591621e-19
6	1.3539999999999996	7.0972865683544829e-33
6	1.4051999999999998	1.309045686354266e-25
6	1.4727999999999999	3.7354752451746512e-32
7	1.4931999999999999	0.99999850680111491
7	1.5608	1.4931976694152576e-06
7	1.6283999999999998	1.2157614602524264e-12
7	1.696	7.1584284779616976e-19
7	1.7124000000000004	8.1151147711214807e-40
7	1.7635999999999998	3.4127638991638273e-25
7	1.8311999999999999	1.3991978870179714e-31
9	1.5327999999999999	0.99999846720117469
9	1.6004	1.5327975469088432e-06
9	1.6679999999999999	1.2783530677053073e-12
9	1.7356	7.6954278461505046e-19
9	1.7520000000000004	8.1151147711214807e-40
9	1.8031999999999999	3.7445976723752177e-25
9	1.8708	1.5646347146974755e-31
9	100.0676	1.1102230246251565e-16
10	0.52680000000000016	0.99999947320013882
10	0.58840000000000015	5.2679969003097199e-07
10	0.65000000000000013	1.7120988871353643e-13
10	0.71160000000000023	4.4459654730498606e-20
10	0.77320000000000011	1.0146347326178855e-26
10	0.83480000000000021	2.1320332338193943e-33
11	0.56840000000000013	0.99999943160016147
11	0.63000000000000012	5.6839964190811313e-07
11	0.6916000000000001	1.9655258406418571e-13
11	0.75320000000000009	5.3743149589977816e-20
11	0.81480000000000019	1.2811368837999604e-26
11	0.87640000000000007	2.7943575195971593e-33
11	10.0616	1.1102230246251565e-16
12	0.0872	0.99999991280000389
12	0.14679999999999999	8.7199987199041009e-08
12	0.2064	8.9990381425983224e-15
12	0.26600000000000001	1.0283202598001051e-21
12	0.3256	1.2541754358217418e-28
12	0.38519999999999999	1.5998535258010157e-35
13	0.28520000000000001	0.9999997148000408
13	0.3448	2.851999016630567e-07
13	0.40439999999999998	5.7667416679291982e-14
13	0.46400000000000002	1.0233731784880686e-20
13	0.52360000000000007	1.7058347830668063e-27
13	0.58319999999999994	2.7494012455499918e-34
14	0.6080000000000001	0.99999939200018495
14	0.66960000000000008	6.079995928833363e-07
14	0.73120000000000007	2.2228463746541393e-13
14	0.79280000000000017	6.3691175958949141e-20
14	0.85440000000000005	1.5800676647224136e-26
14	0.91600000000000015	3.5670063605475764e-33
16	1.5724	0.99999842760123614
16	1.6400000000000001	1.5723974212661151e-06
16	1.7076	1.3425128275231407e-12
16	1.7752000000000001	8.2585840341752906e-19
16	1.7916000000000005	8.1151147711214807e-40
16	1.8428	4.1000164940883245e-25
16	1.9104000000000001	1.745332928100206e-31
16	100.0676	1.1102230246251565e-16
17	0.64759999999999995	0.99999935240020976
17	0.70919999999999994	6.4759954072224305e-07
17	0.77079999999999993	2.4958484761992582e-13
17	0.83240000000000003	7.4785839177574974e-20
17	0.89399999999999991	1.9280032715243079e-26
17	0.9556	4.5001791002505744e-33
19	1.3347999999999995	0.99999866520089087
19	1.4023999999999996	1.3347981280777929e-06
19	1.4699999999999995	9.8107655781640051e-13
19	1.5375999999999996	5.2595794576110948e-19
19	1.554	8.1151147711214807e-40
19	1.6051999999999995	2.3003383103461365e-25
19	1.6727999999999996	8.7098440660975856e-32
20	0.20600000000000002	0.99999979400002126
20	0.2656	2.0599994528640733e-07
20	0.32520000000000004	3.349558910723266e-14
20	0.38480000000000003	5.0837704170981005e-21
20	0.44440000000000002	7.5331729185505456e-28
20	0.504	1.1076637453442581e-34
21	0.69120000000000004	0.9999993088002388
21	0.75480000000000003	6.9119947828243684e-07
21	0.81840000000000002	2.8283880852462466e-13
21	0.88200000000000012	8.9616765757977917e-20
21	0.9456	2.4350869189308036e-26
21	1.0092000000000001	5.9749059030904925e-33
23	1.6120000000000001	0.99999838800129925
23	1.6796000000000002	1.6119972924870754e-06
23	1.7472000000000001	1.4082407395196345e-12
23	1.8148000000000002	8.8485180291616077e-19
23	1.8312000000000006	8.1151147711214807e-40
23	1.8824000000000001	4.4801104476826228e-25
23	1.9500000000000002	1.9423231058556622e-31
24	1.9288000000000007	0.99999807120186013
24	1.9964000000000008	1.9287961493475236e-06
24	2.148000000000001	8.1151147711214807e-40
24	2.2620000000000013	1.9905170974452372e-12
24	2.2668000000000008	1.9844754240411261e-32
24	2.329600000000001	1.8547730156704222e-18
24	2.3344000000000009	4.2765654500561029e-38
24	2.3972000000000011	1.2096786087955903e-24
24	2.4648000000000012	6.3252439228893514e-31
24	2.5324000000000013	1.6821875104238453e-37
25	0.73079999999999989	0.99999926920026716
25	0.79439999999999988	7.307994194527107e-07
25	0.85799999999999987	3.1351293100579029e-13
25	0.92159999999999997	1.0345031566814511e-19
25	0.98519999999999985	2.9117901904462494e-26
25	1.0488	7.368644607396632e-33
26	1.6516000000000002	0.99999834840136392
26	1.7192000000000003	1.6515971605717213e-06
26	1.7868000000000002	1.4755368035084867e-12
26	1.8544000000000003	9.4658508181366104e-19
26	1.8708000000000007	8.1151147711214807e-40
26	1.9220000000000002	4.885994207575421e-25
26	1.9896000000000003	2.1566811431267936e-31
27	1.6912000000000003	0.99999830880143015
27	1.7588000000000004	1.6911970255200561e-06
27	1.8264000000000002	1.544401019303408e-12
27	1.8940000000000003	1.0111203388029354e-18
27	1.9104000000000008	1.0382104335251053e-39
27	1.9616000000000002	5.3188070392172796e-25
27	2.0292000000000003	2.3895292230595801e-31
28	1.9684000000000008	0.99999803160193734
28	2.0360000000000009	1.9683959923416812e-06
28	2.1876000000000011	8.1151147711214807e-40
28	2.3016000000000014	2.0703583548577328e-12
28	2.3064000000000009	2.1560192004937993e-32
28	2.3692000000000011	1.9564694327698006e-18
28	2.374000000000001	4.8835782349754712e-38
28	2.4368000000000012	1.2948462372721192e-24
28	2.5044000000000013	6.8681917133250028e-31
28	2.5720000000000014	1.8610123389858567e-37
30	1.1743999999999997	0.99999882560068964
30	1.2419999999999998	1.1743985413961044e-06
30	1.3095999999999997	7.6899611292203158e-13
30	1.3771999999999998	3.7124295607318264e-19
30	1.3935999999999997	8.1151147711214807e-40
30	1.4447999999999996	1.4757995456364276e-25
30	1.5123999999999997	5.1203645371262579e-32
31	1.7308000000000003	0.99999826920149792
31	1.7984000000000004	1.7307968873320776e-06
31	1.8660000000000003	1.6148333867180922e-12
31	1.9336000000000004	1.0785196725670098e-18
31	1.9500000000000008	8.1151147711214807e-40
31	2.0012000000000003	5.7797127990866613e-25
31	2.0688000000000004	2.6420368023550366e-31
32	0.77039999999999997	0.99999922960029686
32	0.83399999999999996	7.703993574866674e-07
32	0.89759999999999995	3.4575520964998454e-13
32	0.96120000000000005	1.1862934446941959e-19
32	1.0247999999999999	3.4547922568314035e-26
32	1.0884	9.0092522751397206e-33
33	0.32679999999999998	0.99999967320005345
33	0.38839999999999997	3.2679987307090476e-07
33	0.44999999999999996	7.3529966911507581e-14
33	0.51160000000000005	1.4255801741396642e-20
33	0.57319999999999993	2.5644196875451485e-27
33	0.63480000000000003	4.4223004263142311e-34
35	1.3743999999999996	0.99999862560094466
35	1.4419999999999997	1.3743980181166285e-06
35	1.5095999999999996	1.0373955539464889e-12
35	1.5771999999999997	5.6981614196793765e-19
35	1.5936000000000001	8.1151147711214807e-40
35	1.6447999999999996	2.5482409024163936e-25
35	1.7123999999999997	9.8480923015028018e-32
36	0.1268	0.99999987320000805
36	0.18640000000000001	1.2679997636448218e-07
36	0.246	1.5596396163286044e-14
36	0.30559999999999998	1.9736701381796416e-21
36	0.36519999999999997	2.5733577113989201e-28
36	0.42479999999999996	3.440930441920735e-35
38	0.3664	0.99999963360006727
38	0.42799999999999999	3.6639984318083318e-07
38	0.48960000000000004	8.9694676085475829e-14
38	0.55120000000000002	1.8553352376056018e-20
38	0.61280000000000001	3.5131785868440331e-27
38	0.6744	6.3160304925754239e-34
40	1.2139999999999997	0.99999878600073699
40	1.2815999999999999	1.2139984441385968e-06
40	1.3491999999999997	8.1896329505397901e-13
40	1.4167999999999998	4.0614762446297139e-19
40	1.4331999999999998	8.1151147711214807e-40
40	1.4843999999999997	1.6544728219449578e-25
40	1.5519999999999998	5.8695350892401942e-32
41	1.7704000000000004	0.99999822960156715
41	1.8380000000000005	1.7703967460077919e-06
41	1.9056000000000004	1.6868339055662551e-12
41	1.9732000000000005	1.1488451817791251e-18
41	1.9896000000000009	8.1151147711214807e-40
41	2.1084000000000005	1.4730303003721607e-31
41	2.2388000000000003	6.2698986932456111e-25
41	2.3064000000000004	2.6838309115880939e-31
41	2.3740000000000006	5.0392673670593966e-38
42	0.81199999999999983	0.99999918800032972
42	0.87559999999999982	8.1199928901311089e-07
42	0.93919999999999981	3.8131484186893236e-13
42	1.0027999999999999	1.3609212454008221e-19
42	1.1299999999999999	4.9213186051216057e-33
42	1.1852	4.1030299019799331e-26
42	1.2488000000000001	1.0985941445213185e-32
45	0.85159999999999991	0.99999914840036275
45	0.9151999999999999	8.5159922061603696e-07
45	0.97879999999999989	4.1677263206274863e-13
45	1.1612000000000002	1.5422426298401499e-19
45	1.1696	4.137156072262944e-33
45	1.2248000000000001	6.6327149231361169e-26
45	1.2884000000000002	1.7099623726213151e-32
47	0.89319999999999977	0.99999910680039894
47	0.95679999999999976	8.9319914538664984e-07
47	1.0203999999999998	4.5571017499310133e-13
47	1.2028000000000001	1.7492645946499478e-19
47	1.2111999999999998	5.2126573132666751e-33
47	1.2664	7.702945070178538e-26
47	1.3300000000000001	2.0044540178185705e-32
48	1.8100000000000005	0.99999819000163814
48	1.8776000000000006	1.8099966015471925e-06
48	1.9452000000000005	1.7604025756615827e-12
48	2.0128000000000004	1.2221589651026287e-18
48	2.0292000000000008	8.1151147711214807e-40
48	2.1480000000000006	6.0966881781436051e-32
48	2.2156000000000007	2.8190060913717016e-38
48	2.2784000000000004	6.790580139999521e-25
48	2.3460000000000005	3.9458154611178521e-31
48	2.4136000000000006	1.2258791659910833e-37
49	1.2535999999999996	0.99999874640078579
49	1.3211999999999997	1.2535983437447747e-06
49	1.3887999999999996	8.7049863105066441e-13
49	1.4563999999999997	4.4316804847891826e-19
49	1.4727999999999999	8.1151147711214807e-40
49	1.5239999999999996	1.8488512910844879e-25
49	1.5915999999999997	6.70367327118629e-32
50	1.4139999999999997	0.99999858600099978
50	1.4815999999999998	1.4139979050191496e-06
50	1.5491999999999997	1.0952827031867209e-12
50	1.6167999999999998	6.1604162520976115e-19
50	1.6332000000000002	8.1151147711214807e-40
50	1.6843999999999997	2.8156141199471502e-25
50	1.7519999999999998	1.1102068141566623e-31
52	2.0080000000000009	0.99999799200201611
52	2.2272000000000012	8.1151147711214807e-40
52	2.2736000000000014	2.0079954346163895e-06
52	2.3412000000000015	2.5493508314528496e-12
52	2.346000000000001	2.3314171829226031e-32
52	2.4088000000000012	2.1280124450241246e-18
52	2.4136000000000011	5.5607527275586568e-38
52	2.4764000000000013	1.3950562612134626e-24
52	2.5440000000000014	7.465512251786185e-31
52	2.6116000000000015	2.05458882337425e-37
53	0.24560000000000001	0.99999975440003019
53	0.30520000000000003	2.4559992504289181e-07
53	0.36480000000000001	4.479742365789695e-14
53	0.4244	7.3727189403507664e-21
53	0.48399999999999999	1.1602537893703646e-27
53	0.54359999999999997	1.7871652588880546e-34
54	0.40600000000000003	0.99999959400008254
54	0.46760000000000002	4.0599981015444418e-07
54	0.5292	1.0742754314932918e-13
54	0.59079999999999999	2.3618673352750306e-20
54	0.65240000000000009	4.6973872606128728e-27
54	0.71399999999999997	8.7930060367036685e-34
57	0.16639999999999999	0.99999983360001388
57	0.22599999999999998	1.6639996239360422e-07
57	0.28559999999999997	2.3761913213596612e-14
57	0.34520000000000001	3.304787168520601e-21
57	0.40479999999999999	4.5990000673697175e-28
57	0.46439999999999998	6.4497184613701909e-35
58	0.93479999999999985	0.99999906520043702
58	0.99839999999999984	9.3479906669614719e-07
58	1.1808000000000001	4.9637821387626045e-13
58	1.2444000000000002	2.5636424350813689e-19
58	1.2527999999999999	6.1909163124693604e-33
58	1.3080000000000001	9.6208312348837069e-26
58	1.3716000000000002	2.4607009595132837e-32
60	0.97439999999999971	0.99999902560047471
60	1.0379999999999998	9.7439898857332597e-07
60	1.2203999999999999	5.3669886501230653e-13
60	1.284	2.842485628966116e-19
60	1.2923999999999998	7.5886617545026463e-33
60	1.3475999999999999	1.0936670723902216e-25
60	1.4112	2.825493844742048e-32
61	1.8496000000000006	0.99999815040171047
61	1.9172000000000007	1.8495964539502812e-06
61	1.9848000000000006	1.8355393968177931e-12
61	2.0688000000000009	8.1151147711214807e-40
61	2.1876000000000007	2.0690390862841685e-32
61	2.2504000000000004	1.2985228640835295e-18
61	2.2552000000000008	3.2496498756888177e-38
61	2.3180000000000005	9.9140687213351063e-25
61	2.3856000000000006	5.2052892185666814e-31
61	2.4532000000000007	1.3654226464172789e-37
62	1.2951999999999995	0.99999870480083874
62	1.3627999999999996	1.2951982349026435e-06
62	1.4303999999999994	9.263257149827508e-13
62	1.4979999999999996	4.8440493782752624e-19
62	1.5144	1.0382104335251053e-39
62	1.5655999999999994	2.0709392156195256e-25
62	1.6331999999999995	7.6791373824474318e-32
64	2.0080000000000009	0.99999799200201611
64	2.2272000000000016	8.1151147711214807e-40
64	2.2736000000000014	2.0079954346163895e-06
64	2.3412000000000015	2.5493508314528496e-12
64	2.346000000000001	2.331417182922619e-32
64	2.4088000000000012	2.1280124450241246e-18
64	2.4136000000000011	5.5607527275586568e-38
64	2.4764000000000013	1.3950562612134626e-24
64	2.5440000000000014	7.4655122517861806e-31
64	2.6116000000000015	2.0545888233742475e-37

[frame_wcrt_cdf]
frame_id	response_time_ms	cumulative_probability
0	0.44560000000000005	0.99999955440009936
0	0.5072000000000001	0.99999999999987332
0	0.56880000000000008	1
0	0.63040000000000007	1
0	0.69200000000000006	1
0	0.75360000000000005	1
3	0.48520000000000008	0.99999951480011773
3	0.54680000000000006	0.99999999999985245
3	0.60840000000000005	1
3	0.67000000000000015	1
3	0.73160000000000003	1
3	0.79320000000000013	1
4	1.8892000000000007	0.99999811080178447
4	1.9568000000000008	0.99999999999808764
4	2.0244000000000009	0.99999999999999989
4	2.1084000000000009	0.99999999999999989
4	2.2272000000000007	0.99999999999999989
4	2.2900000000000009	0.99999999999999989
4	2.2948000000000008	0.99999999999999989
4	2.357600000000001	0.99999999999999989
4	2.4252000000000011	0.99999999999999989
4	2.4928000000000012	0.99999999999999989
4	1000.0676	1
5	1.4535999999999998	0.99999854640105645
5	1.5211999999999999	0.99999999999884526
5	1.5887999999999998	1
5	1.6563999999999999	1
5	1.6728000000000003	1
5	1.7239999999999998	1
5	1.7915999999999999	1
6	1.0159999999999996	0.99999898400051612
6	1.2023999999999999	0.99999999999929445
6	1.2699999999999998	1
6	1.3375999999999999	1
6	1.3539999999999996	1
6	1.4051999999999998	1
6	1.4727999999999999	1
7	1.4931999999999999	0.99999850680111491
7	1.5608	0.99999999999878431
7	1.6283999999999998	1
7	1.696	1
7	1.7124000000000004	1
7	1.7635999999999998	1
7	1.8311999999999999	1
9	1.5327999999999999	0.99999846720117469
9	1.6004	0.99999999999872158
9	1.6679999999999999	0.99999999999999989
9	1.7356	0.99999999999999989
9	1.7520000000000004	0.99999999999999989
9	1.8031999999999999	0.99999999999999989
9	1.8708	0.99999999999999989
9	100.0676	1
10	0.52680000000000016	0.99999947320013882
10	0.58840000000000015	0.9999999999998288
10	0.65000000000000013	1
10	0.71160000000000023	1
10	0.77320000000000011	1
10	0.83480000000000021	1
11	0.56840000000000013	0.99999943160016147
11	0.63000000000000012	0.99999999999980338
11	0.6916000000000001	0.99999999999999989
11	0.75320000000000009	0.99999999999999989
11	0.81480000000000019	0.99999999999999989
11	0.87640000000000007	0.99999999999999989
11	10.0616	1
12	0.0872	0.99999991280000389
12	0.14679999999999999	0.99999999999999112
12	0.2064	1
12	0.26600000000000001	1
12	0.3256	1
12	0.38519999999999999	1
13	0.28520000000000001	0.9999997148000408
13	0.3448	0.99999999999994249
13	0.40439999999999998	1
13	0.46400000000000002	1
13	0.52360000000000007	1
13	0.58319999999999994	1
14	0.6080000000000001	0.99999939200018495
14	0.66960000000000008	0.99999999999977784
14	0.73120000000000007	1
14	0.79280000000000017	1
14	0.85440000000000005	1
14	0.91600000000000015	1
16	1.5724	0.99999842760123614
16	1.6400000000000001	0.99999999999865741
16	1.7076	0.99999999999999989
16	1.7752000000000001	0.99999999999999989
16	1.7916000000000005	0.99999999999999989
16	1.8428	0.99999999999999989
16	1.9104000000000001	0.99999999999999989
16	100.0676	1
17	0.64759999999999995	0.99999935240020976
17	0.70919999999999994	0.99999999999975053
17	0.77079999999999993	1
17	0.83240000000000003	1
17	0.89399999999999991	1
17	0.9556	1
19	1.3347999999999995	0.99999866520089087
19	1.4023999999999996	0.9999999999990189
19	1.4699999999999995	1
19	1.5375999999999996	1
19	1.554	1
19	1.6051999999999995	1
19	1.6727999999999996	1
20	0.20600000000000002	0.99999979400002126
20	0.2656	0.99999999999996658
20	0.32520000000000004	1
20	0.38480000000000003	1
20	0.44440000000000002	1
20	0.504	1
21	0.69120000000000004	0.9999993088002388
21	0.75480000000000003	0.99999999999971712
21	0.81840000000000002	1
21	0.88200000000000012	1
21	0.9456	1
21	1.0092000000000001	1
23	1.6120000000000001	0.99999838800129925
23	1.6796000000000002	0.99999999999859179
23	1.7472000000000001	1
23	1.8148000000000002	1
23	1.8312000000000006	1
23	1.8824000000000001	1
23	1.9500000000000002	1
24	1.9288000000000007	0.99999807120186013
24	1.9964000000000008	0.99999999999800948
24	2.148000000000001	0.99999999999800948
24	2.2620000000000013	1
24	2.2668000000000008	1
24	2.329600000000001	1
24	2.3344000000000009	1
24	2.3972000000000011	1
24	2.4648000000000012	1
24	2.5324000000000013	1
25	0.73079999999999989	0.99999926920026716
25	0.79439999999999988	0.99999999999968658
25	0.85799999999999987	1
25	0.92159999999999997	1
25	0.98519999999999985	1
25	1.0488	1
26	1.6516000000000002	0.99999834840136392
26	1.7192000000000003	0.99999999999852451
26	1.7868000000000002	1
26	1.8544000000000003	1
26	1.8708000000000007	1
26	1.9220000000000002	1
26	1.9896000000000003	1
27	1.6912000000000003	0.99999830880143015
27	1.7588000000000004	0.99999999999845568
27	1.8264000000000002	1
27	1.8940000000000003	1
27	1.9104000000000008	1
27	1.9616000000000002	1
27	2.0292000000000003	1
28	1.9684000000000008	0.99999803160193734
28	2.0360000000000009	0.99999999999792966
28	2.1876000000000011	0.99999999999792966
28	2.3016000000000014	1
28	2.3064000000000009	1
28	2.3692000000000011	1
28	2.374000000000001	1
28	2.4368000000000012	1
28	2.5044000000000013	1
28	2.5720000000000014	1
30	1.1743999999999997	0.99999882560068964
30	1.2419999999999998	0.99999999999923106
30	1.3095999999999997	1
30	1.3771999999999998	1
30	1.3935999999999997	1
30	1.4447999999999996	1
30	1.5123999999999997	1
31	1.7308000000000003	0.99999826920149792
31	1.7984000000000004	0.99999999999838529
31	1.8660000000000003	1
31	1.9336000000000004	1
31	1.9500000000000008	1
31	2.0012000000000003	1
31	2.0688000000000004	1
32	0.77039999999999997	0.99999922960029686
32	0.83399999999999996	0.99999999999965439
32	0.89759999999999995	1
32	0.96120000000000005	1
32	1.0247999999999999	1
32	1.0884	1
33	0.32679999999999998	0.99999967320005345
33	0.38839999999999997	0.9999999999999265
33	0.44999999999999996	1
33	0.51160000000000005	1
33	0.57319999999999993	1
33	0.63480000000000003	1
35	1.3743999999999996	0.99999862560094466
35	1.4419999999999997	0.99999999999896272
35	1.5095999999999996	1
35	1.5771999999999997	1
35	1.5936000000000001	1
35	1.6447999999999996	1
35	1.7123999999999997	1
36	0.1268	0.99999987320000805
36	0.18640000000000001	0.99999999999998446
36	0.246	1
36	0.30559999999999998	1
36	0.36519999999999997	1
36	0.42479999999999996	1
38	0.3664	0.99999963360006727
38	0.42799999999999999	0.99999999999991041
38	0.48960000000000004	1
38	0.55120000000000002	1
38	0.61280000000000001	1
38	0.6744	1
40	1.2139999999999997	0.99999878600073699
40	1.2815999999999999	0.9999999999991811
40	1.3491999999999997	1
40	1.4167999999999998	1
40	1.4331999999999998	1
40	1.4843999999999997	1
40	1.5519999999999998	1
41	1.7704000000000004	0.99999822960156715
41	1.8380000000000005	0.99999999999831313
41	1.9056000000000004	1
41	1.9732000000000005	1
41	1.9896000000000009	1
41	2.1084000000000005	1
41	2.2388000000000003	1
41	2.3064000000000004	1
41	2.3740000000000006	1
42	0.81199999999999983	0.99999918800032972
42	0.87559999999999982	0.99999999999961875
42	0.93919999999999981	1
42	1.0027999999999999	1
42	1.1299999999999999	1
42	1.1852	1
42	1.2488000000000001	1
45	0.85159999999999991	0.99999914840036275
45	0.9151999999999999	0.99999999999958333
45	0.97879999999999989	1
45	1.1612000000000002	1
45	1.1696	1
45	1.2248000000000001	1
45	1.2884000000000002	1
47	0.89319999999999977	0.99999910680039894
47	0.95679999999999976	0.99999999999954436
47	1.0203999999999998	1
47	1.2028000000000001	1
47	1.2111999999999998	1
47	1.2664	1
47	1.3300000000000001	1
48	1.8100000000000005	0.99999819000163814
48	1.8776000000000006	0.99999999999823974
48	1.9452000000000005	1
48	2.0128000000000004	1
48	2.0292000000000008	1
48	2.1480000000000006	1
48	2.2156000000000007	1
48	2.2784000000000004	1
48	2.3460000000000005	1
48	2.4136000000000006	1
49	1.2535999999999996	0.99999874640078579
49	1.3211999999999997	0.99999999999912959
49	1.3887999999999996	1
49	1.4563999999999997	1
49	1.4727999999999999	1
49	1.5239999999999996	1
49	1.5915999999999997	1
50	1.4139999999999997	0.99999858600099978
50	1.4815999999999998	0.99999999999890476
50	1.5491999999999997	1
50	1.6167999999999998	1
50	1.6332000000000002	1
50	1.6843999999999997	1
50	1.7519999999999998	1
52	2.0080000000000009	0.99999799200201611
52	2.2272000000000012	0.99999799200201611
52	2.2736000000000014	0.99999999999745071
52	2.3412000000000015	1
52	2.346000000000001	1
52	2.4088000000000012	1
52	2.4136000000000011	1
52	2.4764000000000013	1
52	2.5440000000000014	1
52	2.6116000000000015	1
53	0.24560000000000001	0.99999975440003019
53	0.30520000000000003	0.99999999999995526
53	0.36480000000000001	1
53	0.4244	1
53	0.48399999999999999	1
53	0.54359999999999997	1
54	0.40600000000000003	0.99999959400008254
54	0.46760000000000002	0.99999999999989264
54	0.5292	1
54	0.59079999999999999	1
54	0.65240000000000009	1
54	0.71399999999999997	1
57	0.16639999999999999	0.99999983360001388
57	0.22599999999999998	0.99999999999997624
57	0.28559999999999997	1
57	0.34520000000000001	1
57	0.40479999999999999	1
57	0.46439999999999998	1
58	0.93479999999999985	0.99999906520043702
58	0.99839999999999984	0.99999999999950373
58	1.1808000000000001	1
58	1.2444000000000002	1
58	1.2527999999999999	1
58	1.3080000000000001	1
58	1.3716000000000002	1
60	0.97439999999999971	0.99999902560047471
60	1.0379999999999998	0.99999999999946332
60	1.2203999999999999	1
60	1.284	1
60	1.2923999999999998	1
60	1.3475999999999999	1
60	1.4112	1
61	1.8496000000000006	0.99999815040171047
61	1.9172000000000007	0.99999999999816447
61	1.9848000000000006	1
61	2.0688000000000009	1
61	2.1876000000000007	1
61	2.2504000000000004	1
61	2.2552000000000008	1
61	2.3180000000000005	1
61	2.3856000000000006	1
61	2.4532000000000007	1
62	1.2951999999999995	0.99999870480083874
62	1.3627999999999996	0.99999999999907363
62	1.4303999999999994	1
62	1.4979999999999996	1
62	1.5144	1
62	1.5655999999999994	1
62	1.6331999999999995	1
64	2.0080000000000009	0.99999799200201611
64	2.2272000000000016	0.99999799200201611
64	2.2736000000000014	0.99999999999745071
64	2.3412000000000015	1
64	2.346000000000001	1
64	2.4088000000000012	1
64	2.4136000000000011	1
64	2.4764000000000013	1
64	2.5440000000000014	1
64	2.6116000000000015	1

[frame_distribution_quantiles]
frame_id	retry_q50	retry_q90	retry_q95	retry_q99	wcrt_q50_ms	wcrt_q90_ms	wcrt_q95_ms	wcrt_q99_ms
0	0	0	0	0	0.44560000000000005	0.44560000000000005	0.44560000000000005	0.44560000000000005
3	0	0	0	0	0.48520000000000008	0.48520000000000008	0.48520000000000008	0.48520000000000008
4	0	0	0	0	1.8892000000000007	1.8892000000000007	1.8892000000000007	1.8892000000000007
5	0	0	0	0	1.4535999999999998	1.4535999999999998	1.4535999999999998	1.4535999999999998
6	0	0	0	0	1.0159999999999996	1.0159999999999996	1.0159999999999996	1.0159999999999996
7	0	0	0	0	1.4931999999999999	1.4931999999999999	1.4931999999999999	1.4931999999999999
9	0	0	0	0	1.5327999999999999	1.5327999999999999	1.5327999999999999	1.5327999999999999
10	0	0	0	0	0.52680000000000016	0.52680000000000016	0.52680000000000016	0.52680000000000016
11	0	0	0	0	0.56840000000000013	0.56840000000000013	0.56840000000000013	0.56840000000000013
12	0	0	0	0	0.0872	0.0872	0.0872	0.0872
13	0	0	0	0	0.28520000000000001	0.28520000000000001	0.28520000000000001	0.28520000000000001
14	0	0	0	0	0.6080000000000001	0.6080000000000001	0.6080000000000001	0.6080000000000001
16	0	0	0	0	1.5724	1.5724	1.5724	1.5724
17	0	0	0	0	0.64759999999999995	0.64759999999999995	0.64759999999999995	0.64759999999999995
19	0	0	0	0	1.3347999999999995	1.3347999999999995	1.3347999999999995	1.3347999999999995
20	0	0	0	0	0.20600000000000002	0.20600000000000002	0.20600000000000002	0.20600000000000002
21	0	0	0	0	0.69120000000000004	0.69120000000000004	0.69120000000000004	0.69120000000000004
23	0	0	0	0	1.6120000000000001	1.6120000000000001	1.6120000000000001	1.6120000000000001
24	0	0	0	0	1.9288000000000007	1.9288000000000007	1.9288000000000007	1.9288000000000007
25	0	0	0	0	0.73079999999999989	0.73079999999999989	0.73079999999999989	0.73079999999999989
26	0	0	0	0	1.6516000000000002	1.6516000000000002	1.6516000000000002	1.6516000000000002
27	0	0	0	0	1.6912000000000003	1.6912000000000003	1.6912000000000003	1.6912000000000003
28	0	0	0	0	1.9684000000000008	1.9684000000000008	1.9684000000000008	1.9684000000000008
30	0	0	0	0	1.1743999999999997	1.1743999999999997	1.1743999999999997	1.1743999999999997
31	0	0	0	0	1.7308000000000003	1.7308000000000003	1.7308000000000003	1.7308000000000003
32	0	0	0	0	0.77039999999999997	0.77039999999999997	0.77039999999999997	0.77039999999999997
33	0	0	0	0	0.32679999999999998	0.32679999999999998	0.32679999999999998	0.32679999999999998
35	0	0	0	0	1.3743999999999996	1.3743999999999996	1.3743999999999996	1.3743999999999996
36	0	0	0	0	0.1268	0.1268	0.1268	0.1268
38	0	0	0	0	0.3664	0.3664	0.3664	0.3664
40	0	0	0	0	1.2139999999999997	1.2139999999999997	1.2139999999999997	1.2139999999999997
41	0	0	0	0	1.7704000000000004	1.7704000000000004	1.7704000000000004	1.7704000000000004
42	0	0	0	0	0.81199999999999983	0.81199999999999983	0.81199999999999983	0.81199999999999983
45	0	0	0	0	0.85159999999999991	0.85159999999999991	0.85159999999999991	0.85159999999999991
47	0	0	0	0	0.89319999999999977	0.89319999999999977	0.89319999999999977	0.89319999999999977
48	0	0	0	0	1.8100000000000005	1.8100000000000005	1.8100000000000005	1.8100000000000005
49	0	0	0	0	1.2535999999999996	1.2535999999999996	1.2535999999999996	1.2535999999999996
50	0	0	0	0	1.4139999999999997	1.4139999999999997	1.4139999999999997	1.4139999999999997
52	0	0	0	0	2.0080000000000009	2.0080000000000009	2.0080000000000009	2.0080000000000009
53	0	0	0	0	0.24560000000000001	0.24560000000000001	0.24560000000000001	0.24560000000000001
54	0	0	0	0	0.40600000000000003	0.40600000000000003	0.40600000000000003	0.40600000000000003
57	0	0	0	0	0.16639999999999999	0.16639999999999999	0.16639999999999999	0.16639999999999999
58	0	0	0	0	0.93479999999999985	0.93479999999999985	0.93479999999999985	0.93479999999999985
60	0	0	0	0	0.97439999999999971	0.97439999999999971	0.97439999999999971	0.97439999999999971
61	0	0	0	0	1.8496000000000006	1.8496000000000006	1.8496000000000006	1.8496000000000006
62	0	0	0	0	1.2951999999999995	1.2951999999999995	1.2951999999999995	1.2951999999999995
64	0	0	0	0	2.0080000000000009	2.0080000000000009	2.0080000000000009	2.0080000000000009

[signal_summary]
code	frame_id	period_ms	level	type	p_timeout	expected_wcrt_ms	wcrt_p95_ms	threshold_wcrt_ms	expected_retry_count	p_threshold
27438399	12	1	2	0	0	0.087200005197120331	0.0872	0.14679999999999999	8.7200005197120374e-08	2.7777777777777774e-14
38491215	25	10	0	0	0	0.73080004647888286	0.73079999999999989	0.73079999999999989	7.3080004647888301e-07	1
67421219	33	10	0	0	0	0.32680002013088122	0.32679999999999998	0.32679999999999998	3.2680002013088137e-07	1
79423651	35	50	0	0	0	1.3744000929094462	1.3743999999999996	1.3743999999999996	1.374400092909446e-06	1
83769634	58	10	0	0	0	0.93480005945334266	0.93479999999999985	0.93479999999999985	9.3480005945334403e-07	1
91631428	19	100	1	0	0	1.3348000902324857	1.3347999999999995	1.4023999999999996	1.3348000902324864e-06	2.7777777777777777e-12
132802993	13	5	0	0	0	0.28520001699792108	0.28520000000000001	0.28520000000000001	2.8520001699792074e-07	1
147315312	42	10	0	0	0	0.81200005164320321	0.81199999999999983	0.81199999999999983	8.1200005164320293e-07	1
210535212	6	20	1	0	0	1.0160001893823511	1.0159999999999996	1.2699999999999998	1.0160001893823507e-06	5.5555555555555559e-13
242956390	30	20	0	0	0	1.1744000793894449	1.1743999999999997	1.1743999999999997	1.1744000793894438e-06	1
341121973	25	20	1	0	0	0.73080004647888286	0.73079999999999989	0.79439999999999988	7.3080004647888301e-07	5.5555555555555559e-13
395410657	28	1000	2	0	0	1.9684001330642598	1.9684000000000008	2.0360000000000009	1.9684001330642606e-06	2.7777777777777777e-11
427714024	27	100	0	0	0	1.6912001143251281	1.6912000000000003	1.6912000000000003	1.6912001143251281e-06	1
434766956	4	1000	0	0	1.1102230246251565e-16	1.8892001277100403	1.8892000000000007	1.8892000000000007	1.8892001284870864e-06	1
485166231	60	10	0	0	0	0.97440006197190743	0.97439999999999971	0.97439999999999971	9.7440006197190874e-07	1
638574616	33	10	0	0	0	0.32680002013088122	0.32679999999999998	0.32679999999999998	3.2680002013088137e-07	1
695914144	3	20	0	0	0	0.48520002988832195	0.48520000000000008	0.48520000000000008	4.8520002988832223e-07	1
713664131	11	10	2	0	1.1102230246251565e-16	0.56840003501344338	0.56840000000000013	0.63000000000000012	5.6840003567957628e-07	2.7777777777777779e-13
733053539	60	20	1	0	0	0.97440006197190743	0.97439999999999971	1.0379999999999998	9.7440006197190874e-07	5.5555555555555559e-13
745520778	10	20	0	0	0	0.52680003245088214	0.52680000000000016	0.52680000000000016	5.2680003245088283e-07	1
756993500	11	20	0	0	1.1102230246251565e-16	0.56840003501344338	0.56840000000000013	0.56840000000000013	5.6840003567957628e-07	1
769701904	62	20	0	0	0	1.2952000875555254	1.2951999999999995	1.2951999999999995	1.2952000875555267e-06	1
778986561	36	1	0	0	0	0.12680000755728044	0.1268	0.1268	1.2680000755728044e-07	1
796056983	53	2	0	0	0	0.24560001463776088	0.24560000000000001	0.24560000000000001	2.4560001463776126e-07	1
863884324	33	10	0	0	0	0.32680002013088122	0.32679999999999998	0.32679999999999998	3.2680002013088137e-07	1
867321305	42	20	0	0	0	0.81200005164320321	0.81199999999999983	0.81199999999999983	8.1200005164320293e-07	1
892107786	9	100	0	0	1.1102230246251565e-16	1.5328001036172978	1.5327999999999999	1.5327999999999999	1.532800104283421e-06	1
913069244	10	10	0	0	0	0.52680003245088214	0.52680000000000016	0.52680000000000016	5.2680003245088283e-07	1
1036965539	21	10	0	0	0	0.69120004396032275	0.69120000000000004	0.69120000000000004	6.9120004396032275e-07	1
1081394351	58	10	0	0	0	0.93480005945334266	0.93479999999999985	0.93479999999999985	9.3480005945334403e-07	1
1102328410	62	20	0	0	0	1.2952000875555254	1.2951999999999995	1.2951999999999995	1.2952000875555267e-06	1
1138383766	21	20	0	0	0	0.69120004396032275	0.69120000000000004	0.69120000000000004	6.9120004396032275e-07	1
1152200607	33	10	0	0	0	0.32680002013088122	0.32679999999999998	0.32679999999999998	3.2680002013088137e-07	1
1258300850	16	100	0	0	1.1102230246251565e-16	1.5724001062942581	1.5724	1.5724	1.5724001069603816e-06	1
1293717559	17	10	0	0	0	0.64760003989216253	0.64759999999999995	0.64759999999999995	6.4760003989216264e-07	1
1297408380	26	100	2	0	0	1.6516001116481678	1.6516000000000002	1.7192000000000003	1.6516001116481679e-06	2.7777777777777777e-12
1337017409	61	100	0	0	0	1.8496001250329688	1.8496000000000006	1.8496000000000006	1.8496001250329703e-06	1
1353874704	61	100	1	0	0	1.8496001250329688	1.8496000000000006	1.9172000000000007	1.8496001250329703e-06	2.7777777777777777e-12
1413424374	6	20	0	0	0	1.0160001893823511	1.0159999999999996	1.0159999999999996	1.0160001893823507e-06	1
1425709173	13	10	0	0	0	0.28520001699792108	0.28520000000000001	0.28520000000000001	2.8520001699792074e-07	1
1503438693	49	20	0	0	0	1.2536000847433655	1.2535999999999996	1.2535999999999996	1.2536000847433661e-06	1
1594793186	10	10	0	0	0	0.52680003245088214	0.52680000000000016	0.52680000000000016	5.2680003245088283e-07	1
1640420270	36	1	0	0	0	0.12680000755728044	0.1268	0.1268	1.2680000755728044e-07	1
1686039060	58	20	0	0	0	0.93480005945334266	0.93479999999999985	0.93479999999999985	9.3480005945334403e-07	1
1734084044	7	100	0	1	0	1.4932001009403268	1.4931999999999999	1.4931999999999999	1.4932001009403255e-06	1
1751115327	62	20	0	0	0	1.2952000875555254	1.2951999999999995	1.2951999999999995	1.2952000875555267e-06	1
1754571122	57	1	1	0	0	0.16640000991744061	0.16639999999999999	0.22599999999999998	1.6640000991744056e-07	2.7777777777777774e-14
1811080507	47	20	0	0	0	0.89320005680752335	0.89319999999999977	0.89319999999999977	8.9320005680752455e-07	1
1932132732	14	20	0	0	0	0.60800003745280251	0.6080000000000001	0.6080000000000001	6.0800003745280229e-07	1
1951904963	9	100	2	0	1.1102230246251565e-16	1.5328001036172978	1.5327999999999999	1.6004	1.532800104283421e-06	2.7777777777777777e-12
1988599850	42	20	0	0	0	0.81200005164320321	0.81199999999999983	0.81199999999999983	8.1200005164320293e-07	1
1990354378	64	1000	0	0	0	2.008000533324438	2.0080000000000009	2.0080000000000009	2.0080005333244367e-06	1
2052953466	58	10	0	0	0	0.93480005945334266	0.93479999999999985	0.93479999999999985	9.3480005945334403e-07	1
2054853360	42	10	3	0	0	0.81200005164320321	0.81199999999999983	0.93919999999999981	8.1200005164320293e-07	2.7777777777777781e-14
2055063333	17	20	0	0	0	0.64760003989216253	0.64759999999999995	0.64759999999999995	6.4760003989216264e-07	1
2065224273	32	10	0	0	0	0.77040004899744319	0.77039999999999997	0.77039999999999997	7.7040004899744253e-07	1
2065523824	38	5	0	0	0	0.36640002257024146	0.3664	0.3664	3.6640002257024098e-07	1
2074231174	24	1000	2	0	0	1.9288001303872837	1.9288000000000007	1.9964000000000008	1.9288001303872828e-06	2.7777777777777777e-11
2088956055	50	100	0	0	0	1.4140000955864063	1.4139999999999997	1.4139999999999997	1.4140000955864043e-06	1
2116461815	54	10	0	0	0	0.40600002500960164	0.40600000000000003	0.40600000000000003	4.0600002500960132e-07	1
2173346647	23	100	0	0	0	1.6120001089712075	1.6120000000000001	1.6120000000000001	1.612000108971209e-06	1
2217790712	0	10	0	0	0	0.44560002744896182	0.44560000000000005	0.44560000000000005	4.4560002744896173e-07	1
2234066597	25	20	0	0	0	0.73080004647888286	0.73079999999999989	0.73079999999999989	7.3080004647888301e-07	1
2270979943	40	20	1	0	0	1.2140000820664054	1.2139999999999997	1.3491999999999997	1.2140000820664055e-06	5.5555555555555559e-13
2297115722	10	10	0	0	0	0.52680003245088214	0.52680000000000016	0.52680000000000016	5.2680003245088283e-07	1
2317529839	11	10	2	0	1.1102230246251565e-16	0.56840003501344338	0.56840000000000013	0.63000000000000012	5.6840003567957628e-07	2.7777777777777779e-13
2328105788	41	100	0	0	0	1.7704001196790486	1.7704000000000004	1.7704000000000004	1.7704001196790497e-06	1
2380849581	58	10	0	0	0	0.93480005945334266	0.93479999999999985	0.93479999999999985	9.3480005945334403e-07	1
2435649298	11	20	0	0	1.1102230246251565e-16	0.56840003501344338	0.56840000000000013	0.56840000000000013	5.6840003567957628e-07	1
2456750931	61	100	2	0	0	1.8496001250329688	1.8496000000000006	1.9172000000000007	1.8496001250329703e-06	2.7777777777777777e-12
2540472804	33	5	0	0	0	0.32680002013088122	0.32679999999999998	0.32679999999999998	3.2680002013088137e-07	1
2555239892	47	20	3	0	0	0.89320005680752335	0.89319999999999977	1.0203999999999998	8.9320005680752455e-07	5.5555555555555561e-14
2557929576	42	10	0	0	0	0.81200005164320321	0.81199999999999983	0.81199999999999983	8.1200005164320293e-07	1
2560215381	54	10	0	0	0	0.40600002500960164	0.40600000000000003	0.40600000000000003	4.0600002500960132e-07	1
2622162203	42	10	0	0	0	0.81200005164320321	0.81199999999999983	0.81199999999999983	8.1200005164320293e-07	1
2634447868	49	20	0	0	0	1.2536000847433655	1.2535999999999996	1.2535999999999996	1.2536000847433661e-06	1
2643302197	10	20	0	0	0	0.52680003245088214	0.52680000000000016	0.52680000000000016	5.2680003245088283e-07	1
2718376483	6	20	0	0	0	1.0160001893823511	1.0159999999999996	1.0159999999999996	1.0160001893823507e-06	1
2746130321	41	100	0	0	0	1.7704001196790486	1.7704000000000004	1.7704000000000004	1.7704001196790497e-06	1
2841975787	31	100	2	0	0	1.7308001170020884	1.7308000000000003	1.7984000000000004	1.7308001170020866e-06	2.7777777777777777e-12
2842235747	0	20	0	0	0	0.44560002744896182	0.44560000000000005	0.44560000000000005	4.4560002744896173e-07	1
2867760600	20	2	0	0	0	0.20600001227760073	0.20600000000000002	0.20600000000000002	2.0600001227760079e-07	1
2874575275	38	10	0	0	0	0.36640002257024146	0.3664	0.3664	3.6640002257024098e-07	1
2919130030	58	20	0	0	0	0.93480005945334266	0.93479999999999985	0.93479999999999985	9.3480005945334403e-07	1
2940018082	50	50	0	0	0	1.4140000955864063	1.4139999999999997	1.4139999999999997	1.4140000955864043e-06	1
2941358786	50	100	0	0	0	1.4140000955864063	1.4139999999999997	1.4139999999999997	1.4140000955864043e-06	1
2995269046	45	10	0	0	0	0.85160005416176343	0.85159999999999991	0.85159999999999991	8.5160005416176382e-07	1
3004969843	25	10	2	0	0	0.73080004647888286	0.73079999999999989	0.85799999999999987	7.3080004647888301e-07	2.7777777777777779e-13
3103444963	52	1000	0	0	0	2.008000533324438	2.0080000000000009	2.0080000000000009	2.0080005333244367e-06	1
3120104530	47	10	0	0	0	0.89320005680752335	0.89319999999999977	0.89319999999999977	8.9320005680752455e-07	1
3147681049	31	100	0	0	0	1.7308001170020884	1.7308000000000003	1.7308000000000003	1.7308001170020866e-06	1
3151309593	19	50	1	0	0	1.3348000902324857	1.3347999999999995	1.4023999999999996	1.3348000902324864e-06	1.3888888888888889e-12
3195483965	48	100	0	0	0	1.8100001223560089	1.8100000000000005	1.8100000000000005	1.8100001223560101e-06	1
3203222346	60	10	3	0	0	0.97440006197190743	0.97439999999999971	1.2203999999999999	9.7440006197190874e-07	2.7777777777777781e-14
3213139369	54	5	0	0	0	0.40600002500960164	0.40600000000000003	0.40600000000000003	4.0600002500960132e-07	1
3305455462	12	1	0	0	0	0.087200005197120331	0.0872	0.0872	8.7200005197120374e-08	1
3381964977	36	2	0	0	0	0.12680000755728044	0.1268	0.1268	1.2680000755728044e-07	1
3399075005	3	10	0	0	0	0.48520002988832195	0.48520000000000008	0.48520000000000008	4.8520002988832223e-07	1
3459744476	14	10	1	0	0	0.60800003745280251	0.6080000000000001	0.66960000000000008	6.0800003745280229e-07	2.7777777777777779e-13
3508820294	3	20	3	0	0	0.48520002988832195	0.48520000000000008	0.60840000000000005	4.8520002988832223e-07	5.5555555555555561e-14
3590409096	5	100	0	0	0	1.4536000982633666	1.4535999999999998	1.4535999999999998	1.4536000982633657e-06	1
3612814364	5	100	0	0	0	1.4536000982633666	1.4535999999999998	1.4535999999999998	1.4536000982633657e-06	1
3613202897	42	20	2	0	0	0.81200005164320321	0.81199999999999983	0.87559999999999982	8.1200005164320293e-07	5.5555555555555559e-13
3619184952	49	20	0	0	0	1.2536000847433655	1.2535999999999996	1.2535999999999996	1.2536000847433661e-06	1
3634283563	24	1000	0	0	0	1.9288001303872837	1.9288000000000007	1.9288000000000007	1.9288001303872828e-06	1
3636683349	62	20	3	0	0	1.2952000875555254	1.2951999999999995	1.4303999999999994	1.2952000875555267e-06	5.5555555555555561e-14
3660742709	58	10	0	0	0	0.93480005945334266	0.93479999999999985	0.93479999999999985	9.3480005945334403e-07	1
3682752563	0	10	1	0	0	0.44560002744896182	0.44560000000000005	0.5072000000000001	4.4560002744896173e-07	2.7777777777777779e-13
3689962753	53	2	0	0	0	0.24560001463776088	0.24560000000000001	0.24560000000000001	2.4560001463776126e-07	1
3752454625	11	20	0	0	1.1102230246251565e-16	0.56840003501344338	0.56840000000000013	0.56840000000000013	5.6840003567957628e-07	1
3876614912	47	10	0	0	0	0.89320005680752335	0.89319999999999977	0.89319999999999977	8.9320005680752455e-07	1
3882102749	5	100	1	0	0	1.4536000982633666	1.4535999999999998	1.5211999999999999	1.4536000982633657e-06	2.7777777777777777e-12
3890215479	0	20	0	0	0	0.44560002744896182	0.44560000000000005	0.44560000000000005	4.4560002744896173e-07	1
3917217011	40	20	2	0	0	1.2140000820664054	1.2139999999999997	1.3491999999999997	1.2140000820664055e-06	5.5555555555555559e-13
3947649997	5	100	0	0	0	1.4536000982633666	1.4535999999999998	1.4535999999999998	1.4536000982633657e-06	1
4004592608	40	20	0	0	0	1.2140000820664054	1.2139999999999997	1.2139999999999997	1.2140000820664055e-06	1
4072443537	16	100	0	0	1.1102230246251565e-16	1.5724001062942581	1.5724	1.5724	1.5724001069603816e-06	1
4152169236	27	100	0	0	0	1.6912001143251281	1.6912000000000003	1.6912000000000003	1.6912001143251281e-06	1
4181289551	21	20	3	0	0	0.69120004396032275	0.69120000000000004	0.81840000000000002	6.9120004396032275e-07	5.5555555555555561e-14
4184724475	17	10	1	0	0	0.64760003989216253	0.64759999999999995	0.70919999999999994	6.4760003989216264e-07	2.7777777777777779e-13
