base_bandwidth_utilization	0.33212120000000001
expected_bandwidth_utilization	0.33212135105654117

rounded_expected_bandwidth_utilization	0.66424240000000034

bandwidth_utilization_p99	0.33212120000000017

[frame_summary]
frame_id	priority	period_ms	deadline_ms	trans_time_ms	expected_retry_count	expected_tx_count	rounded_expected_retry_count	rounded_expected_tx_count	retry_p99	tx_count_p99	expected_wcrt_ms	p_timeout	wcrt_p95_ms
0	11	10	10	0.041599999999999998	5.488000370988827e-07	1.0000005488000372	1	2	0	1	0.54880003709888259	0	0.54880000000000007
1	6	5	5	0.039600000000000003	3.408000209932815e-07	1.0000003408000211	1	2	0	1	0.34080002099328133	0	0.34079999999999999
2	12	10	10	0.039600000000000003	5.8840003977584341e-07	1.0000005884000398	1	2	0	1	0.58840003977584288	0	0.58840000000000015
3	0	1	1	0.039600000000000003	1.0120000603152044e-07	1.0000001012000059	1	2	0	1	0.10120000603152038	0	0.10120000000000001
4	36	100	100	0.039600000000000003	1.7172001401235327e-06	1.0000017172001401	1	2	0	1	1.7172001401235315	0	1.7172000000000001
5	13	10	10	0.039600000000000003	6.2800004245280254e-07	1.0000006280000424	1	2	0	1	0.62800004245280294	0	0.62800000000000011
6	14	10	10	0.041599999999999998	6.696000452649632e-07	1.0000006696000452	1	2	0	1	0.66960004526496308	0	0.66960000000000008
8	47	1000	1000	0.039600000000000003	2.392400195219856e-06	1.0000023924001953	1	2	0	1	2.3924001952198575	0	2.3924000000000012
9	15	10	10	0.039600000000000003	7.092000479419237e-07	1.000000709200048	1	2	0	1	0.70920004794192326	0	0.70920000000000005
11	37	100	100	0.039600000000000003	1.7568001441320484e-06	1.000001756800144	1	2	0	1	1.7568001433549028	1.1102230246251565e-16	1.7568000000000001
12	4	2	2	0.039600000000000003	2.6160001678069462e-07	1.0000002616000168	1	2	0	1	0.2616000161145613	1.1102230246251565e-16	0.26160000000000005
13	28	10	20	0.039600000000000003	1.3984001141094479e-06	1.0000013984001141	1	2	0	1	1.3984001141094486	0	1.3983999999999994
14	16	10	10	0.039600000000000003	7.4880005061888314e-07	1.0000007488000506	1	2	0	1	0.74880005061888355	0	0.74880000000000013
16	1	1	1	0.041599999999999998	1.4280000879648063e-07	1.0000001428000087	1	2	0	1	0.14280000879648058	0	0.14280000000000001
18	7	5	5	0.047600000000000003	3.8840002625584196e-07	1.0000003884000264	1	2	0	1	0.3884000262558418	0	0.38840000000000002
20	30	20	20	0.041599999999999998	1.4796001207353701e-06	1.0000014796001206	1	2	0	1	1.4796001207353693	0	1.4795999999999994
22	48	1000	1000	0.039600000000000003	2.4320001984512164e-06	1.0000024320001986	1	2	0	1	2.4320001984512176	0	2.4320000000000013
25	38	100	100	0.039600000000000003	1.7964001465862516e-06	1.0000017964001466	1	2	0	1	1.7964001465862522	0	1.7964000000000002
26	17	10	10	0.039600000000000003	7.8840005329584407e-07	1.0000007884000532	1	2	0	1	0.78840005329584362	0	0.78839999999999999
27	18	10	10	0.061600000000000002	8.3200006855733896e-07	1.0000008320000686	1	2	0	1	0.83200006789120651	1.1102230246251565e-16	0.83199999999999996
28	39	100	100	0.039600000000000003	1.8360001498176118e-06	1.0000018360001499	1	2	0	1	1.8360001498176126	0	1.8360000000000003
29	49	1000	1000	0.039600000000000003	2.4716002016825798e-06	1.0000024716002016	1	2	0	1	2.4716002016825782	0	2.4716000000000014
32	8	5	5	0.039600000000000003	4.2800002893280198e-07	1.000000428000029	1	2	0	1	0.42800002893280209	0	0.42800000000000005
35	40	100	100	0.039600000000000003	1.87560015304943e-06	1.000001875600153	1	2	0	1	1.8756001530494311	0	1.8756000000000004
36	19	10	10	0.041599999999999998	8.7360007128576693e-07	1.0000008736000714	1	2	0	1	0.87360007128576578	0	0.87359999999999993
38	41	100	100	0.039600000000000003	1.9152001562808109e-06	1.0000019152001562	1	2	0	1	1.9152001562808099	0	1.9152000000000005
39	50	1000	1000	0.039600000000000003	2.5112002049139372e-06	1.0000025112002049	1	2	0	1	2.5112002049139379	0	2.5112000000000014
40	20	10	10	0.0436	9.1720007484360536e-07	1.0000009172000748	1	2	0	1	0.91720007484360533	0	0.91719999999999979
41	5	2	2	0.039600000000000003	3.0120001855392136e-07	1.0000003012000185	1	2	0	1	0.3012000185539212	0	0.30120000000000002
42	32	50	50	0.039600000000000003	1.5588001271980894e-06	1.0000015588001272	1	2	0	1	1.55880012719809	0	1.5587999999999997
44	2	1	1	0.039600000000000003	1.8240001123584087e-07	1.0000001824000113	1	2	0	1	0.18240001123584071	0	0.18240000000000001
45	21	10	10	0.039600000000000003	9.5680007807497317e-07	1.0000009568000781	1	2	0	1	0.95680007807497214	0	0.95679999999999987
46	33	50	50	0.039600000000000003	1.5984001304294496e-06	1.0000015984001305	1	2	0	1	1.5984001304294504	0	1.5983999999999998
47	42	100	100	0.039600000000000003	1.9548001595121912e-06	1.0000019548001595	1	2	0	1	1.9548001595121896	0	1.9548000000000005
48	51	1000	1000	0.039600000000000003	2.5508002081452968e-06	1.0000025508002082	1	2	0	1	2.5508002081452985	0	2.5508000000000015
50	22	10	10	0.039600000000000003	9.9640024112874057e-07	1.0000009964002412	1	2	0	1	0.99640024112873982	0	0.99639999999999973
51	23	10	10	0.039600000000000003	1.0360002507119329e-06	1.0000010360002507	1	2	0	1	1.0360002507119341	0	1.0359999999999998
53	43	100	100	0.039600000000000003	1.9944006406008586e-06	1.0000019944006406	1	2	0	1	1.9944006406008563	0	1.9944000000000006
54	9	5	5	0.039600000000000003	4.6760003160976212e-07	1.0000004676000316	1	2	0	1	0.46760003160976216	0	0.46760000000000002
56	29	10	20	0.039600000000000003	1.4380001173408098e-06	1.0000014380001174	1	2	0	1	1.4380001173408088	0	1.4379999999999993
58	34	50	50	0.039600000000000003	1.6380001336608104e-06	1.0000016380001338	1	2	0	1	1.6380001336608108	0	1.6379999999999999
61	35	50	50	0.039600000000000003	1.6776001368921719e-06	1.0000016776001368	1	2	0	1	1.6776001368921714	0	1.6776
63	24	10	10	0.041599999999999998	1.2380001010208079e-06	1.0000012380001011	1	2	0	1	1.2380001010208079	0	1.2379999999999998
64	44	100	100	0.039600000000000003	2.0340006533203568e-06	1.0000020340006532	1	2	0	1	2.0340006533203585	0	2.0340000000000007
65	45	100	100	0.041599999999999998	2.3132001903114491e-06	1.0000023132001903	1	2	0	1	2.3132001887571585	2.2204460492503131e-16	2.313200000000001
66	3	1	1	0.039600000000000003	2.2200001367520061e-07	1.0000002220000137	1	2	0	1	0.22200001367520086	0	0.222
67	10	5	5	0.039600000000000003	5.0720003428672225e-07	1.0000005072000342	1	2	0	1	0.50720003428672245	0	0.5072000000000001
69	31	20	20	0.039600000000000003	1.5192001239667296e-06	1.0000015192001239	1	2	0	1	1.5192001239667299	0	1.5191999999999997
70	46	100	100	0.039600000000000003	2.3528001927656513e-06	1.0000023528001927	1	2	0	1	2.352800191988508	1.1102230246251565e-16	2.3528000000000011
71	52	1000	1000	0.039600000000000003	2.5904002113766597e-06	1.0000025904002114	1	2	0	1	2.5904002113766591	0	2.5904000000000016
72	25	10	10	0.039600000000000003	1.2776001042521683e-06	1.0000012776001042	1	2	0	1	1.2776001042521681	0	1.2775999999999996
73	26	10	10	0.039600000000000003	1.3172001074835276e-06	1.0000013172001074	1	2	0	1	1.3172001074835282	0	1.3171999999999997
74	53	1000	1000	0.039600000000000003	2.5904002113766597e-06	1.0000025904002114	1	2	0	1	2.5904002113766591	0	2.5904000000000016
75	27	10	10	0.0436	1.3588001115442234e-06	1.0000013588001115	1	2	0	1	1.3588001108780894	1.1102230246251565e-16	1.3587999999999993

[frame_retry_distribution]
frame_id	retry_count	probability
0	0	0.99999945120015066
0	1	5.4879966171978444e-07
0	2	1.876894716203578e-13
0	3	5.16697153196941e-20
0	4	1.2571072646012008e-26
0	5	2.8283637607209312e-33
1	0	0.99999965920005807
1	1	3.4079986286210781e-07
1	2	7.9065563313570211e-14
1	3	1.5691296200652581e-20
1	4	2.8750554826085329e-27
1	5	5.0322414170632796e-34
2	0	0.99999941160017314
2	1	5.8839961400972736e-07
2	2	2.1288296595783071e-13
2	3	6.138943371132751e-20
2	4	1.5528773543172064e-26
2	5	3.6114803595744646e-33
3	0	0.99999989880000517
3	1	1.0119998372704138e-07
3	2	1.1152237542046581e-14
3	3	1.3223462964096524e-21
3	4	1.651475624726784e-28
3	5	2.1417129426682251e-35
4	0	0.9999982828014744
4	1	1.7171969111034195e-06
4	2	1.6145084040755442e-12
4	3	1.1017087112453906e-18
4	4	6.1065557807439068e-25
4	5	4.382156925897711e-31
4	6	6.0680698438261511e-38
5	0	0.99999937200019728
5	1	6.2799956316335164e-07
5	2	2.3964461710315905e-13
5	3	7.2243870966433962e-20
5	4	1.8973927710637064e-26
5	5	4.5570788313653229e-33
6	0	0.99999933040022415
6	1	6.6959950637106207e-07
6	2	2.6944682314911039e-13
6	3	8.4936650317234081e-20
6	4	2.3173271817114254e-26
6	5	5.7515706072709329e-33
8	0	0.99999760760286183
8	1	2.3923940812097217e-06
8	2	3.0570009075184975e-12
8	3	2.7731127792066762e-18
8	4	2.0033330461201692e-24
8	5	1.2261161901309354e-30
8	6	5.5793752731604424e-37
9	0	0.99999929080025152
9	1	7.0919944909365435e-07
9	2	2.9942398716627961e-13
9	3	9.831205113936904e-20
9	4	2.7778154502935452e-26
9	5	7.1073159261541808e-33
11	0	0.99999824320154307
11	1	1.7567967703018493e-06
11	2	1.6865247618693484e-12
11	3	1.1730723215440922e-18
11	4	6.617637487643162e-25
11	5	4.8008104389033576e-31
11	6	6.7268308815346306e-38
11	7	1.1102230246251565e-16
12	0	0.9999997384000342
12	1	2.615999154508935e-07
12	2	5.033182063231166e-14
12	3	8.6882971775432774e-21
12	4	1.4289512548925802e-27
12	5	2.294754399856907e-34
12	6	1.1102230246251565e-16
13	0	0.99999860160097775
13	1	1.3983979303695301e-06
13	2	1.0918690149360141e-12
13	3	6.2930372692993095e-19
13	4	2.9897553728728107e-25
13	5	1.2408096729360323e-31
14	0	0.99999925120028044
14	1	7.4879938867992927e-07
14	2	3.3096930742300356e-13
14	3	1.1301160394610635e-19
14	4	3.3031811868065696e-26
14	5	8.7052790761889908e-33
16	0	0.99999985720001028
16	1	1.4279997081168309e-07
16	2	1.8992394948022287e-14
16	3	2.5542570512252543e-21
16	4	3.5078037778985065e-28
16	5	4.9145350281473849e-35
18	0	0.99999961160007544
18	1	3.8839982288964056e-07
18	2	1.0168306675873247e-13
18	3	2.2625415573183747e-20
18	4	4.627308609483294e-27
18	5	9.0115822583537832e-34
20	0	0.9999985204010946
20	1	1.4795976900502836e-06
20	2	1.2153414434354383e-12
20	3	7.3327748731121075e-19
20	4	3.6314957022768353e-25
20	5	1.5653167115869541e-31
22	0	0.99999756800295736
22	1	2.4319938869324831e-06
22	2	3.1557550101739708e-12
22	3	2.9043102323452991e-18
22	4	2.1267814483652994e-24
22	5	1.318422089152782e-30
22	6	6.1018764067134832e-37
25	0	0.99999820360161351
25	1	1.7963966263639674e-06
25	2	1.7601092708864957e-12
25	3	1.2474464883568079e-18
25	4	1.0148963864209202e-24
25	5	5.8524601353450291e-31
25	6	7.4378270710792983e-38
26	0	0.9999992116003108
26	1	7.8839932512988925e-07
26	2	3.6408278373298591e-13
26	3	1.2909740765458631e-19
26	4	3.899210149475614e-26
26	5	1.6830675683460748e-32
27	0	0.99999916800034605
27	1	8.3199923988514681e-07
27	2	4.1400278798422049e-13
27	3	1.6078355702512671e-19
27	4	7.9677071565392575e-26
27	5	2.9208172099501101e-32
27	6	1.1102230246251565e-16
28	0	0.99999816400168551
28	1	1.8359964792897752e-06
28	2	1.8352619309406818e-12
28	3	1.3248938895526513e-18
28	4	1.0909591049338819e-24
28	5	6.3722291937309728e-31
28	6	8.2037493059211347e-38
29	0	0.99999752840305456
29	1	2.4715936895189395e-06
29	2	3.2560772608763354e-12
29	3	3.0395773528702103e-18
29	4	2.2558429448920855e-24
29	5	1.4161992769488359e-30
29	6	6.7047758667851598e-37
32	0	0.99999957200009171
32	1	4.2799978788325259e-07
32	2	1.2052473212045192e-13
32	3	2.838413174861744e-20
32	4	6.0749808895198772e-27
32	5	1.2279404887406591e-33
35	0	0.99999812440175895
35	1	1.8755963290792717e-06
35	2	1.911982283734603e-12
35	3	1.8635872604888802e-18
35	4	1.2634263380310059e-24
35	5	7.1071021494646511e-31
35	6	2.346651470672148e-37
36	0	0.99999912640038169
36	1	8.7359916553767971e-07
36	2	4.5287377046023224e-13
36	3	1.8211894944213892e-19
36	4	9.2110991538816526e-26
36	5	3.4455472656591089e-32
38	0	0.99999808480183394
38	1	1.9151961757324596e-06
38	2	1.9902712265459546e-12
38	3	1.9661248933450519e-18
38	4	1.3516942133909513e-24
38	5	7.707926828806474e-31
38	6	2.6094295514939844e-37
39	0	0.99999748880315309
39	1	2.5111934889690818e-06
39	2	3.3579676594392883e-12
39	3	3.178976239262752e-18
39	4	2.390684991088625e-24
39	5	1.5196872115803092e-30
39	6	7.3108851288163675e-37
40	0	0.9999990828004206
40	1	9.171990839010973e-07
40	2	4.9547082521941822e-13
40	3	2.8588054039398997e-19
40	4	1.1946768179709043e-25
40	5	4.2893794558285139e-32
41	0	0.99999969880004536
41	1	3.0119989072466003e-07
41	2	6.3914612874632608e-14
41	3	1.185703343748037e-20
41	4	2.0607903232197147e-27
41	5	3.4571090508976394e-34
42	0	0.99999844120121495
42	1	1.5587974429465763e-06
42	2	1.3421244888596423e-12
42	3	8.4512085074665853e-19
42	4	4.3516166517166486e-25
42	5	1.9437893066181491e-31
44	0	0.99999981760001666
44	1	1.823999554944056e-07
44	2	2.7870711482709232e-14
44	3	4.0990080308439716e-21
44	4	5.9920818368667549e-28
44	5	8.7911413212962339e-35
45	0	0.99999904320045774
45	1	9.5679900645939688e-07
45	2	5.3580731395187684e-13
45	3	3.1618793278640945e-19
45	4	1.3507181665838986e-25
45	5	4.9502587397512194e-32
46	0	0.99999840160127751
46	1	1.5983973146902546e-06
46	2	1.4078682398971259e-12
46	3	9.0506202612413514e-19
46	4	4.749306775866179e-25
46	5	2.1586067199298409e-31
47	0	0.9999980452019106
47	1	1.9547960192493355e-06
47	2	2.0701283194597277e-12
47	3	2.0722975040937708e-18
47	4	1.4444718499671173e-24
47	5	8.3485471812754546e-31
47	6	2.8957128071717897e-37
48	0	0.9999974492032534
48	1	2.5507932852829174e-06
48	2	3.4614262056765301e-12
48	3	3.3225689899944812e-18
48	4	2.5314775014352433e-24
48	5	1.6291322300103842e-30
48	6	7.9612367361358324e-37
50	0	0.99999900360049643
50	1	9.9639876605900439e-07
50	2	7.3753430645407284e-13
50	3	3.7436244599189471e-19
50	4	1.564988941387916e-25
50	5	5.7658344391211728e-32
51	0	0.99999896400053667
51	1	1.0359986759928447e-06
51	2	7.8735892950607121e-13
51	3	4.0977539609794033e-19
51	4	1.7526161900793658e-25
51	5	6.5921483260457231e-32
53	0	0.99999800560198882
53	1	1.99439538177271e-06
53	2	2.6294106567692275e-12
53	3	2.2784076022602463e-18
53	4	1.5605971521469676e-24
53	5	9.0670057129144023e-31
53	6	3.4155673408728298e-37
54	0	0.99999953240010941
54	1	4.6759974974054695e-07
54	2	1.4093455504462474e-13
54	3	3.5026034587871885e-20
54	4	7.8312669033228946e-27
54	5	1.6412350713216844e-33
56	0	0.99999856200103399
56	1	1.4379978148168605e-06
56	2	1.1512609565994814e-12
56	3	6.786907208849608e-19
56	4	3.2910768632876e-25
56	5	1.3915656948210457e-31
58	0	0.99999836200134151
58	1	1.6379971832976214e-06
58	2	1.4751801429031329e-12
58	3	9.6776566220909459e-19
58	4	5.1735848831539496e-25
58	5	2.3919625532160226e-31
61	0	0.99999832240140718
61	1	1.6775970487686766e-06
61	2	1.5440601976913729e-12
61	3	1.0332938576899765e-18
61	4	5.6256078750065093e-25
61	5	2.6450289863594276e-31
63	0	0.99999876200076632
63	1	1.2379983663362776e-06
63	2	8.6734158468012153e-13
63	3	4.536635689604958e-19
63	4	1.9749319937307237e-25
63	5	7.5728279274579776e-32
64	0	0.99999796600206858
64	1	2.0339952095288402e-06
64	2	2.7218921672850903e-12
64	3	2.3939473712353483e-18
64	4	1.6632185493577481e-24
64	5	9.7938168121064534e-31
64	6	3.7727950807230921e-37
65	0	0.99999768680267531
65	1	2.3131944603552744e-06
65	2	2.8641971470934124e-12
65	3	2.5226784811135357e-18
65	4	1.7726179983861547e-24
65	5	1.0569942938386785e-30
65	6	4.1395821248578165e-37
65	7	2.2204460492503131e-16
66	0	0.99999977800002471
66	1	2.2199993704080868e-07
66	2	3.831718677290482e-14
66	3	6.1229883891678163e-21
66	4	9.5058769565661992e-28
66	5	1.4597383507795317e-34
67	0	0.99999949280012868
67	1	5.0719970846152378e-07
67	2	1.6291253534495379e-13
67	3	4.2613223077934206e-20
67	4	9.9365682806942837e-27
67	5	2.1569279522585798e-33
69	0	0.99999848080115405
69	1	1.519197568066586e-06
69	2	1.2779488899769816e-12
69	3	7.878800373783903e-19
69	4	3.9793822003079664e-25
69	5	1.7463854663954118e-31
70	0	0.99999764720276774
70	1	2.352794272350651e-06
70	2	2.9598149530962147e-12
70	3	2.6459228949630991e-18
70	4	1.8853327418612108e-24
70	5	1.1390489508812918e-30
70	6	4.5787264684757775e-37
70	7	1.1102230246251565e-16
71	0	0.99999740960335515
71	1	2.5903930784604495e-06
71	2	3.5664528994017853e-12
71	3	3.4704177035271215e-18
71	4	2.6783928495039653e-24
71	5	1.7447876476905425e-30
71	6	8.6583435834988672e-37
72	0	0.99999872240081611
72	1	1.2775982634872599e-06
72	2	9.2038171391307242e-13
72	3	4.9351521010120767e-19
72	4	2.1968280068877288e-25
72	5	8.5947074449965802e-32
73	0	0.99999868280086746
73	1	1.3171981575019276e-06
73	2	9.7498999662374022e-13
73	3	5.3562624948447888e-19
73	4	2.4368464494785193e-25
73	5	9.7236117333710704e-32
74	0	0.99999740960335515
74	1	2.5903930784604495e-06
74	2	3.5664528994017853e-12
74	3	3.4704177035271215e-18
74	4	2.6783928495039653e-24
74	5	1.7447876476905425e-30
74	6	8.6583435834988672e-37
75	0	0.99999864120092308
75	1	1.3587980427858902e-06
75	2	1.0340452261819701e-12
75	3	5.8236556379250067e-19
75	4	2.7095546568414051e-25
75	5	1.1033750851613456e-31
75	6	1.1102230246251565e-16

[frame_retry_cdf]
frame_id	retry_count	cumulative_probability
0	0	0.99999945120015066
0	1	0.99999999999981237
0	2	1
0	3	1
0	4	1
0	5	1
1	0	0.99999965920005807
1	1	0.99999999999992095
1	2	1
1	3	1
1	4	1
1	5	1
2	0	0.99999941160017314
2	1	0.99999999999978717
2	2	1
2	3	1
2	4	1
2	5	1
3	0	0.99999989880000517
3	1	0.9999999999999889
3	2	1
3	3	1
3	4	1
3	5	1
4	0	0.9999982828014744
4	1	0.99999999999838551
4	2	1
4	3	1
4	4	1
4	5	1
4	6	1
5	0	0.99999937200019728
5	1	0.99999999999976041
5	2	1
5	3	1
5	4	1
5	5	1
6	0	0.99999933040022415
6	1	0.99999999999973055
6	2	1
6	3	1
6	4	1
6	5	1
8	0	0.99999760760286183
8	1	0.999999999996943
8	2	1
8	3	1
8	4	1
8	5	1
8	6	1
9	0	0.99999929080025152
9	1	0.99999999999970057
9	2	1
9	3	1
9	4	1
9	5	1
11	0	0.99999824320154307
11	1	0.99999999999831335
11	2	0.99999999999999989
11	3	0.99999999999999989
11	4	0.99999999999999989
11	5	0.99999999999999989
11	6	0.99999999999999989
11	7	1
12	0	0.9999997384000342
12	1	0.9999999999999496
12	2	0.99999999999999989
12	3	0.99999999999999989
12	4	0.99999999999999989
12	5	0.99999999999999989
12	6	1
13	0	0.99999860160097775
13	1	0.9999999999989081
13	2	1
13	3	1
13	4	1
13	5	1
14	0	0.99999925120028044
14	1	0.99999999999966915
14	2	1
14	3	1
14	4	1
14	5	1
16	0	0.99999985720001028
16	1	0.99999999999998113
16	2	1
16	3	1
16	4	1
16	5	1
18	0	0.99999961160007544
18	1	0.9999999999998983
18	2	1
18	3	1
18	4	1
18	5	1
20	0	0.9999985204010946
20	1	0.99999999999878464
20	2	1
20	3	1
20	4	1
20	5	1
22	0	0.99999756800295736
22	1	0.9999999999968443
22	2	1
22	3	1
22	4	1
22	5	1
22	6	1
25	0	0.99999820360161351
25	1	0.99999999999823985
25	2	1
25	3	1
25	4	1
25	5	1
25	6	1
26	0	0.9999992116003108
26	1	0.99999999999963596
26	2	1
26	3	1
26	4	1
26	5	1
27	0	0.99999916800034605
27	1	0.99999999999958589
27	2	0.99999999999999989
27	3	0.99999999999999989
27	4	0.99999999999999989
27	5	0.99999999999999989
27	6	1
28	0	0.99999816400168551
28	1	0.9999999999981648
28	2	1
28	3	1
28	4	1
28	5	1
28	6	1
29	0	0.99999752840305456
29	1	0.99999999999674405
29	2	1
29	3	1
29	4	1
29	5	1
29	6	1
32	0	0.99999957200009171
32	1	0.99999999999987954
32	2	1
32	3	1
32	4	1
32	5	1
35	0	0.99999812440175895
35	1	0.99999999999808797
35	2	1
35	3	1
35	4	1
35	5	1
35	6	1
36	0	0.99999912640038169
36	1	0.99999999999954725
36	2	1
36	3	1
36	4	1
36	5	1
38	0	0.99999808480183394
38	1	0.9999999999980097
38	2	1
38	3	1
38	4	1
38	5	1
38	6	1
39	0	0.99999748880315309
39	1	0.99999999999664202
39	2	1
39	3	1
39	4	1
39	5	1
39	6	1
40	0	0.9999990828004206
40	1	0.99999999999950451
40	2	1
40	3	1
40	4	1
40	5	1
41	0	0.99999969880004536
41	1	0.99999999999993605
41	2	1
41	3	1
41	4	1
41	5	1
42	0	0.99999844120121495
42	1	0.99999999999865785
42	2	1
42	3	1
42	4	1
42	5	1
44	0	0.99999981760001666
44	1	0.99999999999997213
44	2	1
44	3	1
44	4	1
44	5	1
45	0	0.99999904320045774
45	1	0.99999999999946421
45	2	1
45	3	1
45	4	1
45	5	1
46	0	0.99999840160127751
46	1	0.99999999999859224
46	2	1
46	3	1
46	4	1
46	5	1
47	0	0.9999980452019106
47	1	0.99999999999792988
47	2	1
47	3	1
47	4	1
47	5	1
47	6	1
48	0	0.9999974492032534
48	1	0.99999999999653866
48	2	1
48	3	1
48	4	1
48	5	1
48	6	1
50	0	0.99999900360049643
50	1	0.99999999999926248
50	2	1
50	3	1
50	4	1
50	5	1
51	0	0.99999896400053667
51	1	0.99999999999921263
51	2	1
51	3	1
51	4	1
51	5	1
53	0	0.99999800560198882
53	1	0.99999999999737055
53	2	1
53	3	1
53	4	1
53	5	1
53	6	1
54	0	0.99999953240010941
54	1	0.99999999999985911
54	2	1
54	3	1
54	4	1
54	5	1
56	0	0.99999856200103399
56	1	0.99999999999884881
56	2	1
56	3	1
56	4	1
56	5	1
58	0	0.99999836200134151
58	1	0.99999999999852485
58	2	1
58	3	1
58	4	1
58	5	1
61	0	0.99999832240140718
61	1	0.9999999999984559
61	2	1
61	3	1
61	4	1
61	5	1
63	0	0.99999876200076632
63	1	0.99999999999913269
63	2	1
63	3	1
63	4	1
63	5	1
64	0	0.99999796600206858
64	1	0.99999999999727807
64	2	1
64	3	1
64	4	1
64	5	1
64	6	1
65	0	0.99999768680267531
65	1	0.99999999999713562
65	2	0.99999999999999978
65	3	0.99999999999999978
65	4	0.99999999999999978
65	5	0.99999999999999978
65	6	0.99999999999999978
65	7	1
66	0	0.99999977800002471
66	1	0.9999999999999617
66	2	1
66	3	1
66	4	1
66	5	1
67	0	0.99999949280012868
67	1	0.99999999999983713
67	2	1
67	3	1
67	4	1
67	5	1
69	0	0.99999848080115405
69	1	0.99999999999872213
69	2	1
69	3	1
69	4	1
69	5	1
70	0	0.99999764720276774
70	1	0.99999999999704003
70	2	0.99999999999999989
70	3	0.99999999999999989
70	4	0.99999999999999989
70	5	0.99999999999999989
70	6	0.99999999999999989
70	7	1
71	0	0.99999740960335515
71	1	0.99999999999643363
71	2	1
71	3	1
71	4	1
71	5	1
71	6	1
72	0	0.99999872240081611
72	1	0.99999999999907963
72	2	1
72	3	1
72	4	1
72	5	1
73	0	0.99999868280086746
73	1	0.999999999999025
73	2	1
73	3	1
73	4	1
73	5	1
74	0	0.99999740960335515
74	1	0.99999999999643363
74	2	1
74	3	1
74	4	1
74	5	1
74	6	1
75	0	0.99999864120092308
75	1	0.99999999999896583
75	2	0.99999999999999989
75	3	0.99999999999999989
75	4	0.99999999999999989
75	5	0.99999999999999989
75	6	1

[frame_wcrt_distribution]
frame_id	response_time_ms	probability
0	0.54880000000000007	0.99999945120015066
0	0.61640000000000006	5.4879966171978444e-07
0	0.68400000000000005	1.876894716203578e-13
0	0.75160000000000005	5.16697153196941e-20
0	0.81920000000000015	1.2571072646012008e-26
0	0.88680000000000003	2.8283637607209312e-33
1	0.34079999999999999	0.99999965920005807
1	0.40239999999999998	3.4079986286210781e-07
1	0.46399999999999997	7.9065563313570211e-14
1	0.52560000000000007	1.5691296200652581e-20
1	0.58719999999999994	2.8750554826085329e-27
1	0.64880000000000004	5.0322414170632796e-34
2	0.58840000000000015	0.99999941160017314
2	0.65600000000000014	5.8839961400972736e-07
2	0.72360000000000013	2.1288296595783071e-13
2	0.79120000000000013	6.138943371132751e-20
2	0.85880000000000023	1.5528773543172064e-26
2	0.92640000000000011	3.6114803595744646e-33
3	0.10120000000000001	0.99999989880000517
3	0.1608	1.0119998372704138e-07
3	0.22040000000000001	1.1152237542046581e-14
3	0.28000000000000003	1.3223462964096524e-21
3	0.33960000000000001	1.651475624726784e-28
3	0.3992	2.1417129426682251e-35
4	1.7172000000000001	0.9999982828014744
4	1.7988	1.7171969111034195e-06
4	1.8804000000000001	1.6145084040755442e-12
4	1.9620000000000002	1.1017087112453906e-18
4	1.9648000000000008	8.1151147711214807e-40
4	2.1252	1.378270728593505e-31
4	2.2831999999999999	6.1065557807439068e-25
4	2.3648000000000002	3.0038861891890937e-31
4	2.4464000000000001	6.0680698438261511e-38
5	0.62800000000000011	0.99999937200019728
5	0.69560000000000011	6.2799956316335164e-07
5	0.7632000000000001	2.3964461710315905e-13
5	0.8308000000000002	7.2243870966433962e-20
5	0.89840000000000009	1.8973927710637064e-26
5	0.96600000000000019	4.5570788313653229e-33
6	0.66960000000000008	0.99999933040022415
6	0.73720000000000008	6.6959950637106207e-07
6	0.80480000000000007	2.6944682314911039e-13
6	0.87240000000000006	8.4936650317234081e-20
6	0.94000000000000017	2.3173271817114254e-26
6	1.0076000000000001	5.7515706072709329e-33
8	2.3924000000000012	0.99999760760286183
8	2.4004000000000016	8.1151147711214807e-40
8	2.4740000000000011	2.3923940812097217e-06
8	2.555600000000001	3.0570009075184975e-12
8	2.6372000000000013	2.7731127792066762e-18
8	2.6424000000000012	7.7021724247936525e-38
8	2.7188000000000012	2.0033330461201692e-24
8	2.8004000000000011	1.226116189319424e-30
8	2.8820000000000014	4.8091580306810769e-37
9	0.70920000000000005	0.99999929080025152
9	0.77680000000000005	7.0919944909365435e-07
9	0.84440000000000004	2.9942398716627961e-13
9	0.91200000000000014	9.831205113936904e-20
9	0.97960000000000003	2.7778154502935452e-26
9	1.0472000000000001	7.1073159261541808e-33
11	1.7568000000000001	0.99999824320154307
11	1.8384	1.7567967703018493e-06
11	1.9200000000000002	1.6865247618693484e-12
11	2.0016000000000003	1.1730723215440922e-18
11	2.0044000000000008	8.1151147711214807e-40
11	2.1648000000000001	1.5260527750624385e-31
11	2.3228	6.617637487643162e-25
11	2.4044000000000003	3.2747576557258018e-31
11	2.4860000000000002	6.7268308815346306e-38
11	100.08159999999999	1.1102230246251565e-16
12	0.26160000000000005	0.9999997384000342
12	0.32320000000000004	2.615999154508935e-07
12	0.38480000000000003	5.033182063231166e-14
12	0.44640000000000007	8.6882971775432774e-21
12	0.50800000000000001	1.4289512548925802e-27
12	0.56960000000000011	2.294754399856907e-34
12	2.0615999999999999	1.1102230246251565e-16
13	1.3983999999999994	0.99999860160097775
13	1.4799999999999995	1.3983979303695301e-06
13	1.5615999999999994	1.0918690149360141e-12
13	1.6431999999999993	6.2930372692993095e-19
13	1.6459999999999999	8.1151147711214807e-40
13	1.7247999999999994	2.9897553728728107e-25
13	1.8063999999999996	1.2408096648209175e-31
14	0.74880000000000013	0.99999925120028044
14	0.81640000000000013	7.4879938867992927e-07
14	0.88400000000000012	3.3096930742300356e-13
14	0.95160000000000022	1.1301160394610635e-19
14	1.0192000000000001	3.3031811868065696e-26
14	1.0868000000000002	8.7052790761889908e-33
16	0.14280000000000001	0.99999985720001028
16	0.20440000000000003	1.4279997081168309e-07
16	0.26600000000000001	1.8992394948022287e-14
16	0.3276	2.5542570512252543e-21
16	0.38919999999999999	3.5078037778985065e-28
16	0.45079999999999998	4.9145350281473849e-35
18	0.38840000000000002	0.99999961160007544
18	0.45600000000000002	3.8839982288964056e-07
18	0.52360000000000007	1.0168306675873247e-13
18	0.59120000000000006	2.2625415573183747e-20
18	0.65880000000000005	4.627308609483294e-27
18	0.72640000000000005	9.0115822583537832e-34
20	1.4795999999999994	0.9999985204010946
20	1.5611999999999995	1.4795976900502836e-06
20	1.6427999999999994	1.2153414434354383e-12
20	1.7243999999999993	7.3327748731121075e-19
20	1.7271999999999998	1.0382104335251053e-39
20	1.8059999999999994	3.6314957022768353e-25
20	1.8875999999999995	1.5653167012048498e-31
22	2.4320000000000013	0.99999756800295736
22	2.4400000000000017	8.1151147711214807e-40
22	2.5136000000000012	2.4319938869324831e-06
22	2.5952000000000011	3.1557550101739708e-12
22	2.6768000000000014	2.9043102323452991e-18
22	2.6820000000000013	8.6881201740147675e-38
22	2.7584000000000013	2.1267814483652994e-24
22	2.8400000000000012	1.3184220883412705e-30
22	2.9216000000000015	5.2330643893120057e-37
25	1.7964000000000002	0.99999820360161351
25	1.8780000000000001	1.7963966263639674e-06
25	1.9596000000000002	1.7601092708864957e-12
25	2.0440000000000009	8.1151147711214807e-40
25	2.2044000000000001	1.0784412115813613e-31
25	2.2808000000000006	1.2474464883568079e-18
25	2.3624000000000005	1.0148963864209202e-24
25	2.4440000000000004	4.7740189156485525e-31
25	2.5256000000000007	7.4378270710792983e-38
26	0.78839999999999999	0.9999992116003108
26	0.85599999999999998	7.8839932512988925e-07
26	0.92359999999999998	3.6408278373298591e-13
26	0.99120000000000008	1.2909740765458631e-19
26	1.1264000000000001	4.5863304987353989e-33
26	1.2192000000000003	3.899210149475614e-26
26	1.2868000000000004	1.2244345184725353e-32
27	0.83199999999999996	0.99999916800034605
27	0.91359999999999997	8.3199923988514681e-07
27	0.99519999999999997	4.1400278798422049e-13
27	1.2372000000000003	1.6078355702512671e-19
27	1.24	4.0981618892427004e-33
27	1.3188000000000004	7.9677071565392575e-26
27	1.4004000000000003	2.5110010210258402e-32
27	10.0816	1.1102230246251565e-16
28	1.8360000000000003	0.99999816400168551
28	1.9176000000000002	1.8359964792897752e-06
28	1.9992000000000003	1.8352619309406818e-12
28	2.083600000000001	8.1151147711214807e-40
28	2.2440000000000002	1.2080643088401941e-31
28	2.3204000000000007	1.3248938895526513e-18
28	2.4020000000000006	1.0909591049338819e-24
28	2.4836000000000005	5.1641648767756638e-31
28	2.5652000000000008	8.2037493059211347e-38
29	2.4716000000000014	0.99999752840305456
29	2.4796000000000018	8.1151147711214807e-40
29	2.5532000000000012	2.4715936895189395e-06
29	2.6348000000000011	3.2560772608763354e-12
29	2.7164000000000015	3.0395773528702103e-18
29	2.7980000000000014	2.2558429448920855e-24
29	2.8796000000000013	1.4161992761373245e-30
29	2.9612000000000016	6.7047758667851598e-37
32	0.42800000000000005	0.99999957200009171
32	0.49560000000000004	4.2799978788325259e-07
32	0.56320000000000003	1.2052473212045192e-13
32	0.63080000000000003	2.838413174861744e-20
32	0.69840000000000013	6.0749808895198772e-27
32	0.76600000000000001	1.2279404887406591e-33
35	1.8756000000000004	0.99999812440175895
35	1.9572000000000003	1.8755963290792717e-06
35	2.1232000000000011	8.1151147711214807e-40
35	2.2784000000000004	1.911982283734603e-12
35	2.2836000000000003	1.6804709690255738e-32
35	2.3600000000000008	1.8635872604888802e-18
35	2.3652000000000006	3.0738938695414894e-38
35	2.4416000000000007	1.2634263380310059e-24
35	2.5232000000000006	6.9390550444469798e-31
35	2.6048000000000009	2.0392620837179989e-37
36	0.87359999999999993	0.99999912640038169
36	0.95519999999999994	8.7359916553767971e-07
36	1.0367999999999999	4.5287377046023224e-13
36	1.2788000000000004	1.8211894944213892e-19
36	1.2816000000000001	4.9338383444794277e-33
36	1.3604000000000003	9.2110991538816526e-26
36	1.4420000000000002	2.9521634312111669e-32
38	1.9152000000000005	0.99999808480183394
38	1.9968000000000004	1.9151961757324596e-06
38	2.1628000000000012	8.1151147711214807e-40
38	2.3180000000000005	1.9902712265459546e-12
38	2.3232000000000004	1.8331538615309035e-32
38	2.3996000000000008	1.9661248933450519e-18
38	2.4048000000000007	3.53635087972589e-38
38	2.4812000000000007	1.3516942133909513e-24
38	2.5628000000000006	7.5246114345382683e-31
38	2.644400000000001	2.2557944635213955e-37
39	2.5112000000000014	0.99999748880315309
39	2.5192000000000019	8.1151147711214807e-40
39	2.5928000000000013	2.5111934889690818e-06
39	2.6744000000000012	3.3579676594392883e-12
39	2.7560000000000016	3.178976239262752e-18
39	2.8376000000000015	2.390684991088625e-24
39	2.9192000000000013	1.5196872107687979e-30
39	3.0008000000000017	7.3108851288163675e-37
40	0.91719999999999979	0.9999990828004206
40	0.9987999999999998	9.171990839010973e-07
40	1.2408000000000001	4.9547082521941822e-13
40	1.3224	2.8588054039398997e-19
40	1.3251999999999997	5.7541168723696516e-33
40	1.4040000000000001	1.1946768179709043e-25
40	1.4856000000000003	3.713967768591549e-32
41	0.30120000000000002	0.99999969880004536
41	0.36280000000000001	3.0119989072466003e-07
41	0.4244	6.3914612874632608e-14
41	0.48600000000000004	1.185703343748037e-20
41	0.54760000000000009	2.0607903232197147e-27
41	0.60919999999999996	3.4571090508976394e-34
42	1.5587999999999997	0.99999844120121495
42	1.6403999999999996	1.5587974429465763e-06
42	1.7219999999999998	1.3421244888596423e-12
42	1.8035999999999999	8.4512085074665853e-19
42	1.8064000000000004	8.1151147711214807e-40
42	1.8851999999999998	4.3516166517166486e-25
42	1.9667999999999997	1.9437892985030344e-31
44	0.18240000000000001	0.99999981760001666
44	0.24399999999999999	1.823999554944056e-07
44	0.30559999999999998	2.7870711482709232e-14
44	0.36720000000000003	4.0990080308439716e-21
44	0.42880000000000001	5.9920818368667549e-28
44	0.4904	8.7911413212962339e-35
45	0.95679999999999987	0.99999904320045774
45	1.0383999999999998	9.5679900645939688e-07
45	1.2804	5.3580731395187684e-13
45	1.3620000000000001	3.1618793278640945e-19
45	1.3647999999999998	7.0530566086766217e-33
45	1.4436	1.3507181665838986e-25
45	1.5251999999999999	4.2449530788835564e-32
46	1.5983999999999998	0.99999840160127751
46	1.6799999999999997	1.5983973146902546e-06
46	1.7615999999999998	1.4078682398971259e-12
46	1.8431999999999999	9.0506202612413514e-19
46	1.8460000000000005	8.1151147711214807e-40
46	1.9247999999999998	4.749306775866179e-25
46	2.0063999999999997	2.1586067118147262e-31
47	1.9548000000000005	0.9999980452019106
47	2.0364000000000004	1.9547960192493355e-06
47	2.2024000000000012	8.1151147711214807e-40
47	2.3576000000000006	2.0701283194597277e-12
47	2.3628000000000005	1.9940253019589599e-32
47	2.4392000000000009	2.0722975040937708e-18
47	2.4444000000000008	4.055388624964914e-38
47	2.5208000000000008	1.4444718499671173e-24
47	2.6024000000000007	8.1491446429644434e-31
47	2.6840000000000011	2.4901739446752987e-37
48	2.5508000000000015	0.9999974492032534
48	2.558800000000002	8.1151147711214807e-40
48	2.6324000000000014	2.5507932852829174e-06
48	2.7140000000000013	3.4614262056765301e-12
48	2.7956000000000016	3.3225689899944812e-18
48	2.8772000000000015	2.5314775014352433e-24
48	2.9588000000000014	1.6291322291988727e-30
48	3.0404000000000018	7.9612367361358324e-37
50	0.99639999999999973	0.99999900360049643
50	1.2383999999999999	9.9639876605900439e-07
50	1.3199999999999998	7.3753430645407284e-13
50	1.4015999999999997	3.7436244599189471e-19
50	1.4043999999999999	6.6822728876213461e-33
50	1.4831999999999999	1.564988941387916e-25
50	1.5648	5.0976071503590373e-32
51	1.0359999999999998	0.99999896400053667
51	1.278	1.0359986759928447e-06
51	1.3595999999999999	7.8735892950607121e-13
51	1.4411999999999998	4.0977539609794033e-19
51	1.444	8.1844017847942579e-33
51	1.5227999999999999	1.7526161900793658e-25
51	1.6044	5.7737081475662965e-32
53	1.9944000000000006	0.99999800560198882
53	2.2420000000000013	8.1151147711214807e-40
53	2.3156000000000008	1.99439538177271e-06
53	2.3972000000000007	2.6294106567692275e-12
53	2.4024000000000005	2.1418105583166458e-32
53	2.478800000000001	2.2784076022602463e-18
53	2.4840000000000009	4.6364146616585396e-38
53	2.5604000000000009	1.5605971521469676e-24
53	2.6420000000000008	8.8528246489676218e-31
53	2.7236000000000011	2.9519258747069767e-37
54	0.46760000000000002	0.99999953240010941
54	0.53520000000000001	4.6759974974054695e-07
54	0.6028	1.4093455504462474e-13
54	0.67040000000000011	3.5026034587871885e-20
54	0.73799999999999999	7.8312669033228946e-27
54	0.80560000000000009	1.6412350713216844e-33
56	1.4379999999999993	0.99999856200103399
56	1.5195999999999992	1.4379978148168605e-06
56	1.6011999999999993	1.1512609565994814e-12
56	1.6827999999999994	6.786907208849608e-19
56	1.6856	8.1151147711214807e-40
56	1.7643999999999993	3.2910768632876e-25
56	1.8459999999999992	1.391565686705931e-31
58	1.6379999999999999	0.99999836200134151
58	1.7195999999999998	1.6379971832976214e-06
58	1.8011999999999999	1.4751801429031329e-12
58	1.8828	9.6776566220909459e-19
58	1.8856000000000006	8.1151147711214807e-40
58	1.9643999999999999	5.1735848831539496e-25
58	2.0459999999999998	2.3919625451009079e-31
61	1.6776	0.99999832240140718
61	1.7591999999999999	1.6775970487686766e-06
61	1.8408	1.5440601976913729e-12
61	1.9224000000000001	1.0332938576899765e-18
61	1.9252000000000007	8.1151147711214807e-40
61	2.004	5.6256078750065093e-25
61	2.0855999999999999	2.6450289782443129e-31
63	1.2379999999999998	0.99999876200076632
63	1.3195999999999999	1.2379983663362776e-06
63	1.4011999999999998	8.6734158468012153e-13
63	1.4827999999999997	4.536635689604958e-19
63	1.4855999999999998	1.0382104335251053e-39
63	1.5643999999999998	1.9749319937307237e-25
63	1.6459999999999999	7.5728278236369348e-32
64	2.0340000000000007	0.99999796600206858
64	2.2816000000000014	8.1151147711214807e-40
64	2.3552000000000008	2.0339952095288402e-06
64	2.4368000000000007	2.7218921672850903e-12
64	2.4420000000000006	2.3259807312245282e-32
64	2.5184000000000011	2.3939473712353483e-18
64	2.523600000000001	5.2852152310471161e-38
64	2.600000000000001	1.6632185493577481e-24
64	2.6816000000000009	9.561218730868887e-31
64	2.7632000000000012	3.2442735576183812e-37
65	2.313200000000001	0.99999768680267531
65	2.3212000000000015	1.0382104335251053e-39
65	2.3948000000000009	2.3131944603552744e-06
65	2.4764000000000008	2.8641971470934124e-12
65	2.4816000000000007	2.5227143931088286e-32
65	2.5580000000000012	2.5226784811135357e-18
65	2.563200000000001	5.9695953279109562e-38
65	2.6396000000000011	1.7726179983861547e-24
65	2.721200000000001	1.0317671488693798e-30
65	2.8028000000000013	3.5426225920667206e-37
65	100.08159999999999	2.2204460492503131e-16
66	0.222	0.99999977800002471
66	0.28360000000000002	2.2199993704080868e-07
66	0.34520000000000001	3.831718677290482e-14
66	0.40680000000000005	6.1229883891678163e-21
66	0.46840000000000004	9.5058769565661992e-28
66	0.53000000000000003	1.4597383507795317e-34
67	0.5072000000000001	0.99999949280012868
67	0.57480000000000009	5.0719970846152378e-07
67	0.64240000000000008	1.6291253534495379e-13
67	0.71000000000000019	4.2613223077934206e-20
67	0.77760000000000007	9.9365682806942837e-27
67	0.84520000000000017	2.1569279522585798e-33
69	1.5191999999999997	0.99999848080115405
69	1.6007999999999996	1.519197568066586e-06
69	1.6823999999999997	1.2779488899769816e-12
69	1.7639999999999998	7.878800373783903e-19
69	1.7668000000000004	8.1151147711214807e-40
69	1.8455999999999997	3.9793822003079664e-25
69	1.9271999999999996	1.7463854582802971e-31
70	2.3528000000000011	0.99999764720276774
70	2.3608000000000016	8.1151147711214807e-40
70	2.434400000000001	2.352794272350651e-06
70	2.5160000000000009	2.9598149530962147e-12
70	2.5212000000000012	2.6126455777465045e-32
70	2.5976000000000012	2.6459228949630991e-18
70	2.6028000000000011	6.8112824298473738e-38
70	2.6792000000000011	1.8853327418612108e-24
70	2.760800000000001	1.1129224942923153e-30
70	2.8424000000000014	3.8975982254910414e-37
70	100.08159999999999	1.1102230246251565e-16
71	2.5904000000000016	0.99999740960335515
71	2.5984000000000016	8.1151147711214807e-40
71	2.6720000000000015	2.5903930784604495e-06
71	2.7536000000000014	3.5664528994017853e-12
71	2.8352000000000017	3.4704177035271215e-18
71	2.9168000000000016	2.6783928495039653e-24
71	2.9984000000000015	1.7447876468790309e-30
71	3.0800000000000018	8.6583435834988672e-37
72	1.2775999999999996	0.99999872240081611
72	1.3591999999999995	1.2775982634872599e-06
72	1.4407999999999996	9.2038171391307242e-13
72	1.5223999999999998	4.9351521010120767e-19
72	1.5251999999999994	8.1151147711214807e-40
72	1.6039999999999996	2.1968280068877288e-25
72	1.6855999999999995	8.5947073638454331e-32
73	1.3171999999999997	0.99999868280086746
73	1.3987999999999996	1.3171981575019276e-06
73	1.4803999999999997	9.7498999662374022e-13
73	1.5619999999999998	5.3562624948447888e-19
73	1.5648	8.1151147711214807e-40
73	1.6435999999999997	2.4368464494785193e-25
73	1.7251999999999996	9.7236116522199211e-32
74	2.5904000000000016	0.99999740960335515
74	2.5984000000000016	8.1151147711214807e-40
74	2.6720000000000015	2.5903930784604495e-06
74	2.7536000000000014	3.5664528994017853e-12
74	2.8352000000000017	3.4704177035271215e-18
74	2.9168000000000016	2.6783928495039653e-24
74	2.9984000000000015	1.7447876468790309e-30
74	3.0800000000000018	8.6583435834988672e-37
75	1.3587999999999993	0.99999864120092308
75	1.4403999999999995	1.3587980427858902e-06
75	1.5219999999999994	1.0340452261819701e-12
75	1.6035999999999992	5.8236556379250067e-19
75	1.6063999999999998	1.312959050936332e-39
75	1.6851999999999994	2.7095546568414051e-25
75	1.7667999999999995	1.1033750720317551e-31
75	10.0816	1.1102230246251565e-16

[frame_wcrt_cdf]
frame_id	response_time_ms	cumulative_probability
0	0.54880000000000007	0.99999945120015066
0	0.61640000000000006	0.99999999999981237
0	0.68400000000000005	1
0	0.75160000000000005	1
0	0.81920000000000015	1
0	0.88680000000000003	1
1	0.34079999999999999	0.99999965920005807
1	0.40239999999999998	0.99999999999992095
1	0.46399999999999997	1
1	0.52560000000000007	1
1	0.58719999999999994	1
1	0.64880000000000004	1
2	0.58840000000000015	0.99999941160017314
2	0.65600000000000014	0.99999999999978717
2	0.72360000000000013	1
2	0.79120000000000013	1
2	0.85880000000000023	1
2	0.92640000000000011	1
3	0.10120000000000001	0.99999989880000517
3	0.1608	0.9999999999999889
3	0.22040000000000001	1
3	0.28000000000000003	1
3	0.33960000000000001	1
3	0.3992	1
4	1.7172000000000001	0.9999982828014744
4	1.7988	0.99999999999838551
4	1.8804000000000001	1
4	1.9620000000000002	1
4	1.9648000000000008	1
4	2.1252	1
4	2.2831999999999999	1
4	2.3648000000000002	1
4	2.4464000000000001	1
5	0.62800000000000011	0.99999937200019728
5	0.69560000000000011	0.99999999999976041
5	0.7632000000000001	1
5	0.8308000000000002	1
5	0.89840000000000009	1
5	0.96600000000000019	1
6	0.66960000000000008	0.99999933040022415
6	0.73720000000000008	0.99999999999973055
6	0.80480000000000007	1
6	0.87240000000000006	1
6	0.94000000000000017	1
6	1.0076000000000001	1
8	2.3924000000000012	0.99999760760286183
8	2.4004000000000016	0.99999760760286183
8	2.4740000000000011	0.999999999996943
8	2.555600000000001	1
8	2.6372000000000013	1
8	2.6424000000000012	1
8	2.7188000000000012	1
8	2.8004000000000011	1
8	2.8820000000000014	1
9	0.70920000000000005	0.99999929080025152
9	0.77680000000000005	0.99999999999970057
9	0.84440000000000004	1
9	0.91200000000000014	1
9	0.97960000000000003	1
9	1.0472000000000001	1
11	1.7568000000000001	0.99999824320154307
11	1.8384	0.99999999999831335
11	1.9200000000000002	0.99999999999999989
11	2.0016000000000003	0.99999999999999989
11	2.0044000000000008	0.99999999999999989
11	2.1648000000000001	0.99999999999999989
11	2.3228	0.99999999999999989
11	2.4044000000000003	0.99999999999999989
11	2.4860000000000002	0.99999999999999989
11	100.08159999999999	1
12	0.26160000000000005	0.9999997384000342
12	0.32320000000000004	0.9999999999999496
12	0.38480000000000003	0.99999999999999989
12	0.44640000000000007	0.99999999999999989
12	0.50800000000000001	0.99999999999999989
12	0.56960000000000011	0.99999999999999989
12	2.0615999999999999	1
13	1.3983999999999994	0.99999860160097775
13	1.4799999999999995	0.9999999999989081
13	1.5615999999999994	1
13	1.6431999999999993	1
13	1.6459999999999999	1
13	1.7247999999999994	1
13	1.8063999999999996	1
14	0.74880000000000013	0.99999925120028044
14	0.81640000000000013	0.99999999999966915
14	0.88400000000000012	1
14	0.95160000000000022	1
14	1.0192000000000001	1
14	1.0868000000000002	1
16	0.14280000000000001	0.99999985720001028
16	0.20440000000000003	0.99999999999998113
16	0.26600000000000001	1
16	0.3276	1
16	0.38919999999999999	1
16	0.45079999999999998	1
18	0.38840000000000002	0.99999961160007544
18	0.45600000000000002	0.9999999999998983
18	0.52360000000000007	1
18	0.59120000000000006	1
18	0.65880000000000005	1
18	0.72640000000000005	1
20	1.4795999999999994	0.9999985204010946
20	1.5611999999999995	0.99999999999878464
20	1.6427999999999994	1
20	1.7243999999999993	1
20	1.7271999999999998	1
20	1.8059999999999994	1
20	1.8875999999999995	1
22	2.4320000000000013	0.99999756800295736
22	2.4400000000000017	0.99999756800295736
22	2.5136000000000012	0.9999999999968443
22	2.5952000000000011	1
22	2.6768000000000014	1
22	2.6820000000000013	1
22	2.7584000000000013	1
22	2.8400000000000012	1
22	2.9216000000000015	1
25	1.7964000000000002	0.99999820360161351
25	1.8780000000000001	0.99999999999823985
25	1.9596000000000002	1
25	2.0440000000000009	1
25	2.2044000000000001	1
25	2.2808000000000006	1
25	2.3624000000000005	1
25	2.4440000000000004	1
25	2.5256000000000007	1
26	0.78839999999999999	0.9999992116003108
26	0.85599999999999998	0.99999999999963596
26	0.92359999999999998	1
26	0.99120000000000008	1
26	1.1264000000000001	1
26	1.2192000000000003	1
26	1.2868000000000004	1
27	0.83199999999999996	0.99999916800034605
27	0.91359999999999997	0.99999999999958589
27	0.99519999999999997	0.99999999999999989
27	1.2372000000000003	0.99999999999999989
27	1.24	0.99999999999999989
27	1.3188000000000004	0.99999999999999989
27	1.4004000000000003	0.99999999999999989
27	10.0816	1
28	1.8360000000000003	0.99999816400168551
28	1.9176000000000002	0.9999999999981648
28	1.9992000000000003	1
28	2.083600000000001	1
28	2.2440000000000002	1
28	2.3204000000000007	1
28	2.4020000000000006	1
28	2.4836000000000005	1
28	2.5652000000000008	1
29	2.4716000000000014	0.99999752840305456
29	2.4796000000000018	0.99999752840305456
29	2.5532000000000012	0.99999999999674405
29	2.6348000000000011	1
29	2.7164000000000015	1
29	2.7980000000000014	1
29	2.8796000000000013	1
29	2.9612000000000016	1
32	0.42800000000000005	0.99999957200009171
32	0.49560000000000004	0.99999999999987954
32	0.56320000000000003	1
32	0.63080000000000003	1
32	0.69840000000000013	1
32	0.76600000000000001	1
35	1.8756000000000004	0.99999812440175895
35	1.9572000000000003	0.99999999999808797
35	2.1232000000000011	0.99999999999808797
35	2.2784000000000004	1
35	2.2836000000000003	1
35	2.3600000000000008	1
35	2.3652000000000006	1
35	2.4416000000000007	1
35	2.5232000000000006	1
35	2.6048000000000009	1
36	0.87359999999999993	0.99999912640038169
36	0.95519999999999994	0.99999999999954725
36	1.0367999999999999	1
36	1.2788000000000004	1
36	1.2816000000000001	1
36	1.3604000000000003	1
36	1.4420000000000002	1
38	1.9152000000000005	0.99999808480183394
38	1.9968000000000004	0.9999999999980097
38	2.1628000000000012	0.9999999999980097
38	2.3180000000000005	1
38	2.3232000000000004	1
38	2.3996000000000008	1
38	2.4048000000000007	1
38	2.4812000000000007	1
38	2.5628000000000006	1
38	2.644400000000001	1
39	2.5112000000000014	0.99999748880315309
39	2.5192000000000019	0.99999748880315309
39	2.5928000000000013	0.99999999999664202
39	2.6744000000000012	1
39	2.7560000000000016	1
39	2.8376000000000015	1
39	2.9192000000000013	1
39	3.0008000000000017	1
40	0.91719999999999979	0.9999990828004206
40	0.9987999999999998	0.99999999999950451
40	1.2408000000000001	1
40	1.3224	1
40	1.3251999999999997	1
40	1.4040000000000001	1
40	1.4856000000000003	1
41	0.30120000000000002	0.99999969880004536
41	0.36280000000000001	0.99999999999993605
41	0.4244	1
41	0.48600000000000004	1
41	0.54760000000000009	1
41	0.60919999999999996	1
42	1.5587999999999997	0.99999844120121495
42	1.6403999999999996	0.99999999999865785
42	1.7219999999999998	1
42	1.8035999999999999	1
42	1.8064000000000004	1
42	1.8851999999999998	1
42	1.9667999999999997	1
44	0.18240000000000001	0.99999981760001666
44	0.24399999999999999	0.99999999999997213
44	0.30559999999999998	1
44	0.36720000000000003	1
44	0.42880000000000001	1
44	0.4904	1
45	0.95679999999999987	0.99999904320045774
45	1.0383999999999998	0.99999999999946421
45	1.2804	1
45	1.3620000000000001	1
45	1.3647999999999998	1
45	1.4436	1
45	1.5251999999999999	1
46	1.5983999999999998	0.99999840160127751
46	1.6799999999999997	0.99999999999859224
46	1.7615999999999998	1
46	1.8431999999999999	1
46	1.8460000000000005	1
46	1.9247999999999998	1
46	2.0063999999999997	1
47	1.9548000000000005	0.9999980452019106
47	2.0364000000000004	0.99999999999792988
47	2.2024000000000012	0.99999999999792988
47	2.3576000000000006	1
47	2.3628000000000005	1
47	2.4392000000000009	1
47	2.4444000000000008	1
47	2.5208000000000008	1
47	2.6024000000000007	1
47	2.6840000000000011	1
48	2.5508000000000015	0.9999974492032534
48	2.558800000000002	0.9999974492032534
48	2.6324000000000014	0.99999999999653866
48	2.7140000000000013	1
48	2.7956000000000016	1
48	2.8772000000000015	1
48	2.9588000000000014	1
48	3.0404000000000018	1
50	0.99639999999999973	0.99999900360049643
50	1.2383999999999999	0.99999999999926248
50	1.3199999999999998	1
50	1.4015999999999997	1
50	1.4043999999999999	1
50	1.4831999999999999	1
50	1.5648	1
51	1.0359999999999998	0.99999896400053667
51	1.278	0.99999999999921263
51	1.3595999999999999	1
51	1.4411999999999998	1
51	1.444	1
51	1.5227999999999999	1
51	1.6044	1
53	1.9944000000000006	0.99999800560198882
53	2.2420000000000013	0.99999800560198882
53	2.3156000000000008	0.99999999999737055
53	2.3972000000000007	1
53	2.4024000000000005	1
53	2.478800000000001	1
53	2.4840000000000009	1
53	2.5604000000000009	1
53	2.6420000000000008	1
53	2.7236000000000011	1
54	0.46760000000000002	0.99999953240010941
54	0.53520000000000001	0.99999999999985911
54	0.6028	1
54	0.67040000000000011	1
54	0.73799999999999999	1
54	0.80560000000000009	1
56	1.4379999999999993	0.99999856200103399
56	1.5195999999999992	0.99999999999884881
56	1.6011999999999993	1
56	1.6827999999999994	1
56	1.6856	1
56	1.7643999999999993	1
56	1.8459999999999992	1
58	1.6379999999999999	0.99999836200134151
58	1.7195999999999998	0.99999999999852485
58	1.8011999999999999	1
58	1.8828	1
58	1.8856000000000006	1
58	1.9643999999999999	1
58	2.0459999999999998	1
61	1.6776	0.99999832240140718
61	1.7591999999999999	0.9999999999984559
61	1.8408	1
61	1.9224000000000001	1
61	1.9252000000000007	1
61	2.004	1
61	2.0855999999999999	1
63	1.2379999999999998	0.99999876200076632
63	1.3195999999999999	0.99999999999913269
63	1.4011999999999998	1
63	1.4827999999999997	1
63	1.4855999999999998	1
63	1.5643999999999998	1
63	1.6459999999999999	1
64	2.0340000000000007	0.99999796600206858
64	2.2816000000000014	0.99999796600206858
64	2.3552000000000008	0.99999999999727807
64	2.4368000000000007	1
64	2.4420000000000006	1
64	2.5184000000000011	1
64	2.523600000000001	1
64	2.600000000000001	1
64	2.6816000000000009	1
64	2.7632000000000012	1
65	2.313200000000001	0.99999768680267531
65	2.3212000000000015	0.99999768680267531
65	2.3948000000000009	0.99999999999713562
65	2.4764000000000008	0.99999999999999978
65	2.4816000000000007	0.99999999999999978
65	2.5580000000000012	0.99999999999999978
65	2.563200000000001	0.99999999999999978
65	2.6396000000000011	0.99999999999999978
65	2.721200000000001	0.99999999999999978
65	2.8028000000000013	0.99999999999999978
65	100.08159999999999	1
66	0.222	0.99999977800002471
66	0.28360000000000002	0.9999999999999617
66	0.34520000000000001	1
66	0.40680000000000005	1
66	0.46840000000000004	1
66	0.53000000000000003	1
67	0.5072000000000001	0.99999949280012868
67	0.57480000000000009	0.99999999999983713
67	0.64240000000000008	1
67	0.71000000000000019	1
67	0.77760000000000007	1
67	0.84520000000000017	1
69	1.5191999999999997	0.99999848080115405
69	1.6007999999999996	0.99999999999872213
69	1.6823999999999997	1
69	1.7639999999999998	1
69	1.7668000000000004	1
69	1.8455999999999997	1
69	1.9271999999999996	1
70	2.3528000000000011	0.99999764720276774
70	2.3608000000000016	0.99999764720276774
70	2.434400000000001	0.99999999999704003
70	2.5160000000000009	0.99999999999999989
70	2.5212000000000012	0.99999999999999989
70	2.5976000000000012	0.99999999999999989
70	2.6028000000000011	0.99999999999999989
70	2.6792000000000011	0.99999999999999989
70	2.760800000000001	0.99999999999999989
70	2.8424000000000014	0.99999999999999989
70	100.08159999999999	1
71	2.5904000000000016	0.99999740960335515
71	2.5984000000000016	0.99999740960335515
71	2.6720000000000015	0.99999999999643363
71	2.7536000000000014	1
71	2.8352000000000017	1
71	2.9168000000000016	1
71	2.9984000000000015	1
71	3.0800000000000018	1
72	1.2775999999999996	0.99999872240081611
72	1.3591999999999995	0.99999999999907963
72	1.4407999999999996	1
72	1.5223999999999998	1
72	1.5251999999999994	1
72	1.6039999999999996	1
72	1.6855999999999995	1
73	1.3171999999999997	0.99999868280086746
73	1.3987999999999996	0.999999999999025
73	1.4803999999999997	1
73	1.5619999999999998	1
73	1.5648	1
73	1.6435999999999997	1
73	1.7251999999999996	1
74	2.5904000000000016	0.99999740960335515
74	2.5984000000000016	0.99999740960335515
74	2.6720000000000015	0.99999999999643363
74	2.7536000000000014	1
74	2.8352000000000017	1
74	2.9168000000000016	1
74	2.9984000000000015	1
74	3.0800000000000018	1
75	1.3587999999999993	0.99999864120092308
75	1.4403999999999995	0.99999999999896583
75	1.5219999999999994	0.99999999999999989
75	1.6035999999999992	0.99999999999999989
75	1.6063999999999998	0.99999999999999989
75	1.6851999999999994	0.99999999999999989
75	1.7667999999999995	0.99999999999999989
75	10.0816	1

[frame_distribution_quantiles]
frame_id	retry_q50	retry_q90	retry_q95	retry_q99	wcrt_q50_ms	wcrt_q90_ms	wcrt_q95_ms	wcrt_q99_ms
0	0	0	0	0	0.54880000000000007	0.54880000000000007	0.54880000000000007	0.54880000000000007
1	0	0	0	0	0.34079999999999999	0.34079999999999999	0.34079999999999999	0.34079999999999999
2	0	0	0	0	0.58840000000000015	0.58840000000000015	0.58840000000000015	0.58840000000000015
3	0	0	0	0	0.10120000000000001	0.10120000000000001	0.10120000000000001	0.10120000000000001
4	0	0	0	0	1.7172000000000001	1.7172000000000001	1.7172000000000001	1.7172000000000001
5	0	0	0	0	0.62800000000000011	0.62800000000000011	0.62800000000000011	0.62800000000000011
6	0	0	0	0	0.66960000000000008	0.66960000000000008	0.66960000000000008	0.66960000000000008
8	0	0	0	0	2.3924000000000012	2.3924000000000012	2.3924000000000012	2.3924000000000012
9	0	0	0	0	0.70920000000000005	0.70920000000000005	0.70920000000000005	0.70920000000000005
11	0	0	0	0	1.7568000000000001	1.7568000000000001	1.7568000000000001	1.7568000000000001
12	0	0	0	0	0.26160000000000005	0.26160000000000005	0.26160000000000005	0.26160000000000005
13	0	0	0	0	1.3983999999999994	1.3983999999999994	1.3983999999999994	1.3983999999999994
14	0	0	0	0	0.74880000000000013	0.74880000000000013	0.74880000000000013	0.74880000000000013
16	0	0	0	0	0.14280000000000001	0.14280000000000001	0.14280000000000001	0.14280000000000001
18	0	0	0	0	0.38840000000000002	0.38840000000000002	0.38840000000000002	0.38840000000000002
20	0	0	0	0	1.4795999999999994	1.4795999999999994	1.4795999999999994	1.4795999999999994
22	0	0	0	0	2.4320000000000013	2.4320000000000013	2.4320000000000013	2.4320000000000013
25	0	0	0	0	1.7964000000000002	1.7964000000000002	1.7964000000000002	1.7964000000000002
26	0	0	0	0	0.78839999999999999	0.78839999999999999	0.78839999999999999	0.78839999999999999
27	0	0	0	0	0.83199999999999996	0.83199999999999996	0.83199999999999996	0.83199999999999996
28	0	0	0	0	1.8360000000000003	1.8360000000000003	1.8360000000000003	1.8360000000000003
29	0	0	0	0	2.4716000000000014	2.4716000000000014	2.4716000000000014	2.4716000000000014
32	0	0	0	0	0.42800000000000005	0.42800000000000005	0.42800000000000005	0.42800000000000005
35	0	0	0	0	1.8756000000000004	1.8756000000000004	1.8756000000000004	1.8756000000000004
36	0	0	0	0	0.87359999999999993	0.87359999999999993	0.87359999999999993	0.87359999999999993
38	0	0	0	0	1.9152000000000005	1.9152000000000005	1.9152000000000005	1.9152000000000005
39	0	0	0	0	2.5112000000000014	2.5112000000000014	2.5112000000000014	2.5112000000000014
40	0	0	0	0	0.91719999999999979	0.91719999999999979	0.91719999999999979	0.91719999999999979
41	0	0	0	0	0.30120000000000002	0.30120000000000002	0.30120000000000002	0.30120000000000002
42	0	0	0	0	1.5587999999999997	1.5587999999999997	1.5587999999999997	1.5587999999999997
44	0	0	0	0	0.18240000000000001	0.18240000000000001	0.18240000000000001	0.18240000000000001
45	0	0	0	0	0.95679999999999987	0.95679999999999987	0.95679999999999987	0.95679999999999987
46	0	0	0	0	1.5983999999999998	1.5983999999999998	1.5983999999999998	1.5983999999999998
47	0	0	0	0	1.9548000000000005	1.9548000000000005	1.9548000000000005	1.9548000000000005
48	0	0	0	0	2.5508000000000015	2.5508000000000015	2.5508000000000015	2.5508000000000015
50	0	0	0	0	0.99639999999999973	0.99639999999999973	0.99639999999999973	0.99639999999999973
51	0	0	0	0	1.0359999999999998	1.0359999999999998	1.0359999999999998	1.0359999999999998
53	0	0	0	0	1.9944000000000006	1.9944000000000006	1.9944000000000006	1.9944000000000006
54	0	0	0	0	0.46760000000000002	0.46760000000000002	0.46760000000000002	0.46760000000000002
56	0	0	0	0	1.4379999999999993	1.4379999999999993	1.4379999999999993	1.4379999999999993
58	0	0	0	0	1.6379999999999999	1.6379999999999999	1.6379999999999999	1.6379999999999999
61	0	0	0	0	1.6776	1.6776	1.6776	1.6776
63	0	0	0	0	1.2379999999999998	1.2379999999999998	1.2379999999999998	1.2379999999999998
64	0	0	0	0	2.0340000000000007	2.0340000000000007	2.0340000000000007	2.0340000000000007
65	0	0	0	0	2.313200000000001	2.313200000000001	2.313200000000001	2.313200000000001
66	0	0	0	0	0.222	0.222	0.222	0.222
67	0	0	0	0	0.5072000000000001	0.5072000000000001	0.5072000000000001	0.5072000000000001
69	0	0	0	0	1.5191999999999997	1.5191999999999997	1.5191999999999997	1.5191999999999997
70	0	0	0	0	2.3528000000000011	2.3528000000000011	2.3528000000000011	2.3528000000000011
71	0	0	0	0	2.5904000000000016	2.5904000000000016	2.5904000000000016	2.5904000000000016
72	0	0	0	0	1.2775999999999996	1.2775999999999996	1.2775999999999996	1.2775999999999996
73	0	0	0	0	1.3171999999999997	1.3171999999999997	1.3171999999999997	1.3171999999999997
74	0	0	0	0	2.5904000000000016	2.5904000000000016	2.5904000000000016	2.5904000000000016
75	0	0	0	0	1.3587999999999993	1.3587999999999993	1.3587999999999993	1.3587999999999993

[signal_summary]
code	frame_id	period_ms	level	type	p_timeout	expected_wcrt_ms	wcrt_p95_ms	threshold_wcrt_ms	expected_retry_count	p_threshold
12662834	45	10	2	0	0	0.95680007807497214	0.95679999999999987	1.2804	9.5680007807497317e-07	2.7777777777777779e-13
13202399	6	20	0	0	0	0.66960004526496308	0.66960000000000008	0.66960000000000008	6.696000452649632e-07	1
54668342	50	10	0	0	0	0.99640024112873982	0.99639999999999973	0.99639999999999973	9.9640024112874057e-07	1
60974605	27	10	0	0	1.1102230246251565e-16	0.83200006789120651	0.83199999999999996	0.83199999999999996	8.3200006855733896e-07	1
119977447	51	20	0	1	0	1.0360002507119341	1.0359999999999998	1.0359999999999998	1.0360002507119329e-06	1
130434729	41	2	0	0	0	0.3012000185539212	0.30120000000000002	0.30120000000000002	3.0120001855392136e-07	1
138516518	72	20	0	0	0	1.2776001042521681	1.2775999999999996	1.2775999999999996	1.2776001042521683e-06	1
200815317	36	20	1	0	0	0.87360007128576578	0.87359999999999993	0.95519999999999994	8.7360007128576693e-07	5.5555555555555559e-13
219826308	4	100	0	0	0	1.7172001401235315	1.7172000000000001	1.7172000000000001	1.7172001401235327e-06	1
223004733	32	10	2	0	0	0.42800002893280209	0.42800000000000005	0.49560000000000004	4.2800002893280198e-07	2.7777777777777779e-13
225045600	3	1	1	0	0	0.10120000603152038	0.10120000000000001	0.1608	1.0120000603152044e-07	2.7777777777777774e-14
315518082	48	1000	2	0	0	2.5508002081452985	2.5508000000000015	2.6324000000000014	2.5508002081452968e-06	2.7777777777777777e-11
417751093	9	20	0	0	0	0.70920004794192326	0.70920000000000005	0.70920000000000005	7.092000479419237e-07	1
417928366	53	100	0	0	0	1.9944006406008563	1.9944000000000006	1.9944000000000006	1.9944006406008586e-06	1
451330501	20	20	0	0	0	1.4796001207353693	1.4795999999999994	1.4795999999999994	1.4796001207353701e-06	1
451717440	0	20	0	0	0	0.54880003709888259	0.54880000000000007	0.54880000000000007	5.488000370988827e-07	1
451722203	65	100	0	0	2.2204460492503131e-16	2.3132001887571585	2.313200000000001	2.313200000000001	2.3132001903114491e-06	1
525046202	1	5	0	0	0	0.34080002099328133	0.34079999999999999	0.34079999999999999	3.408000209932815e-07	1
525798512	16	2	0	0	0	0.14280000879648058	0.14280000000000001	0.14280000000000001	1.4280000879648063e-07	1
537644041	46	50	0	0	0	1.5984001304294504	1.5983999999999998	1.5983999999999998	1.5984001304294496e-06	1
573725535	20	20	0	0	0	1.4796001207353693	1.4795999999999994	1.4795999999999994	1.4796001207353701e-06	1
599581053	11	100	0	0	1.1102230246251565e-16	1.7568001433549028	1.7568000000000001	1.7568000000000001	1.7568001441320484e-06	1
605138069	2	10	0	0	0	0.58840003977584288	0.58840000000000015	0.58840000000000015	5.8840003977584341e-07	1
715510574	61	100	0	0	0	1.6776001368921714	1.6776	1.6776	1.6776001368921719e-06	1
725590962	65	100	2	0	2.2204460492503131e-16	2.3132001887571585	2.313200000000001	2.4764000000000008	2.3132001903114491e-06	2.7777777777777777e-12
725618413	29	1000	0	0	0	2.4716002016825782	2.4716000000000014	2.4716000000000014	2.4716002016825798e-06	1
727545794	2	20	0	0	0	0.58840003977584288	0.58840000000000015	0.58840000000000015	5.8840003977584341e-07	1
752942467	32	5	0	0	0	0.42800002893280209	0.42800000000000005	0.42800000000000005	4.2800002893280198e-07	1
804672607	5	20	0	0	0	0.62800004245280294	0.62800000000000011	0.62800000000000011	6.2800004245280254e-07	1
839717904	65	100	1	0	2.2204460492503131e-16	2.3132001887571585	2.313200000000001	2.4764000000000008	2.3132001903114491e-06	2.7777777777777777e-12
852273309	63	20	0	0	0	1.2380001010208079	1.2379999999999998	1.2379999999999998	1.2380001010208079e-06	1
871744388	61	100	0	0	0	1.6776001368921714	1.6776	1.6776	1.6776001368921719e-06	1
872440044	36	10	0	0	0	0.87360007128576578	0.87359999999999993	0.87359999999999993	8.7360007128576693e-07	1
877095765	1	10	0	0	0	0.34080002099328133	0.34079999999999999	0.34079999999999999	3.408000209932815e-07	1
900136868	6	20	0	0	0	0.66960004526496308	0.66960000000000008	0.66960000000000008	6.696000452649632e-07	1
901221677	6	10	2	0	0	0.66960004526496308	0.66960000000000008	0.73720000000000008	6.696000452649632e-07	2.7777777777777779e-13
955604716	26	20	0	0	0	0.78840005329584362	0.78839999999999999	0.78839999999999999	7.8840005329584407e-07	1
997908839	27	20	1	0	1.1102230246251565e-16	0.83200006789120651	0.83199999999999996	0.91359999999999997	8.3200006855733896e-07	5.5555555555555559e-13
1038819326	45	10	0	0	0	0.95680007807497214	0.95679999999999987	0.95679999999999987	9.5680007807497317e-07	1
1061098123	0	10	2	0	0	0.54880003709888259	0.54880000000000007	0.61640000000000006	5.488000370988827e-07	2.7777777777777779e-13
1072525391	42	100	0	0	0	1.55880012719809	1.5587999999999997	1.5587999999999997	1.5588001271980894e-06	1
1090839482	36	20	2	0	0	0.87360007128576578	0.87359999999999993	0.95519999999999994	8.7360007128576693e-07	5.5555555555555559e-13
1131893478	27	10	0	0	1.1102230246251565e-16	0.83200006789120651	0.83199999999999996	0.83199999999999996	8.3200006855733896e-07	1
1212690843	25	100	0	0	0	1.7964001465862522	1.7964000000000002	1.7964000000000002	1.7964001465862516e-06	1
1238178740	9	10	0	0	0	0.70920004794192326	0.70920000000000005	0.70920000000000005	7.092000479419237e-07	1
1259332601	2	10	0	0	0	0.58840003977584288	0.58840000000000015	0.58840000000000015	5.8840003977584341e-07	1
1404743241	73	10	3	0	0	1.3172001074835282	1.3171999999999997	1.4803999999999997	1.3172001074835276e-06	2.7777777777777781e-14
1411940027	67	10	2	0	0	0.50720003428672245	0.5072000000000001	0.57480000000000009	5.0720003428672225e-07	2.7777777777777779e-13
1427286367	20	20	1	0	0	1.4796001207353693	1.4795999999999994	1.6427999999999994	1.4796001207353701e-06	5.5555555555555559e-13
1555658406	65	100	0	0	2.2204460492503131e-16	2.3132001887571585	2.313200000000001	2.313200000000001	2.3132001903114491e-06	1
1598967592	26	20	0	0	0	0.78840005329584362	0.78839999999999999	0.78839999999999999	7.8840005329584407e-07	1
1628323284	53	100	3	0	0	1.9944006406008563	1.9944000000000006	2.3972000000000007	1.9944006406008586e-06	2.7777777777777779e-13
1651701588	26	10	1	0	0	0.78840005329584362	0.78839999999999999	0.92359999999999998	7.8840005329584407e-07	2.7777777777777779e-13
1653510654	14	20	0	0	0	0.74880005061888355	0.74880000000000013	0.74880000000000013	7.4880005061888314e-07	1
1660394720	3	2	0	0	0	0.10120000603152038	0.10120000000000001	0.10120000000000001	1.0120000603152044e-07	1
1665940588	0	20	0	0	0	0.54880003709888259	0.54880000000000007	0.54880000000000007	5.488000370988827e-07	1
1713195073	64	100	0	0	0	2.0340006533203585	2.0340000000000007	2.0340000000000007	2.0340006533203568e-06	1
1742028219	40	20	0	0	0	0.91720007484360533	0.91719999999999979	0.91719999999999979	9.1720007484360536e-07	1
1744874258	8	1000	0	0	0	2.3924001952198575	2.3924000000000012	2.3924000000000012	2.392400195219856e-06	1
1755332339	9	20	0	0	0	0.70920004794192326	0.70920000000000005	0.70920000000000005	7.092000479419237e-07	1
1840689767	18	10	1	0	0	0.3884000262558418	0.38840000000000002	0.45600000000000002	3.8840002625584196e-07	2.7777777777777779e-13
1856696935	54	10	0	0	0	0.46760003160976216	0.46760000000000002	0.46760000000000002	4.6760003160976212e-07	1
1889129701	11	100	0	0	1.1102230246251565e-16	1.7568001433549028	1.7568000000000001	1.7568000000000001	1.7568001441320484e-06	1
1924092244	35	100	2	0	0	1.8756001530494311	1.8756000000000004	1.9572000000000003	1.87560015304943e-06	2.7777777777777777e-12
1963289637	5	20	0	0	0	0.62800004245280294	0.62800000000000011	0.62800000000000011	6.2800004245280254e-07	1
1970152011	27	20	3	0	1.1102230246251565e-16	0.83200006789120651	0.83199999999999996	0.99519999999999997	8.3200006855733896e-07	5.5555555555555561e-14
1996140548	74	1000	0	0	0	2.5904002113766591	2.5904000000000016	2.5904000000000016	2.5904002113766597e-06	1
2014272812	73	10	0	0	0	1.3172001074835282	1.3171999999999997	1.3171999999999997	1.3172001074835276e-06	1
2052291877	6	10	0	0	0	0.66960004526496308	0.66960000000000008	0.66960000000000008	6.696000452649632e-07	1
2075945713	54	10	0	0	0	0.46760003160976216	0.46760000000000002	0.46760000000000002	4.6760003160976212e-07	1
2099797561	0	20	0	0	0	0.54880003709888259	0.54880000000000007	0.54880000000000007	5.488000370988827e-07	1
2123095104	25	100	0	0	0	1.7964001465862522	1.7964000000000002	1.7964000000000002	1.7964001465862516e-06	1
2124439719	6	10	0	0	0	0.66960004526496308	0.66960000000000008	0.66960000000000008	6.696000452649632e-07	1
2126976104	63	10	0	0	0	1.2380001010208079	1.2379999999999998	1.2379999999999998	1.2380001010208079e-06	1
2172644454	69	20	0	0	0	1.5192001239667299	1.5191999999999997	1.5191999999999997	1.5192001239667296e-06	1
2175817401	36	20	0	0	0	0.87360007128576578	0.87359999999999993	0.87359999999999993	8.7360007128576693e-07	1
2195753659	40	20	0	0	0	0.91720007484360533	0.91719999999999979	0.91719999999999979	9.1720007484360536e-07	1
2204780340	18	5	2	0	0	0.3884000262558418	0.38840000000000002	0.45600000000000002	3.8840002625584196e-07	1.388888888888889e-13
2212415281	50	10	0	0	0	0.99640024112873982	0.99639999999999973	0.99639999999999973	9.9640024112874057e-07	1
2245154208	16	1	0	0	0	0.14280000879648058	0.14280000000000001	0.14280000000000001	1.4280000879648063e-07	1
2247024333	27	20	0	0	1.1102230246251565e-16	0.83200006789120651	0.83199999999999996	0.83199999999999996	8.3200006855733896e-07	1
2298075535	2	20	0	0	0	0.58840003977584288	0.58840000000000015	0.58840000000000015	5.8840003977584341e-07	1
2307837995	63	10	0	0	0	1.2380001010208079	1.2379999999999998	1.2379999999999998	1.2380001010208079e-06	1
2340788832	65	100	0	0	2.2204460492503131e-16	2.3132001887571585	2.313200000000001	2.313200000000001	2.3132001903114491e-06	1
2397029737	16	1	0	0	0	0.14280000879648058	0.14280000000000001	0.14280000000000001	1.4280000879648063e-07	1
2414815388	20	20	0	0	0	1.4796001207353693	1.4795999999999994	1.4795999999999994	1.4796001207353701e-06	1
2448805693	14	10	3	0	0	0.74880005061888355	0.74880000000000013	0.88400000000000012	7.4880005061888314e-07	2.7777777777777781e-14
2455518853	66	1	0	0	0	0.22200001367520086	0.222	0.222	2.2200001367520061e-07	1
2476423591	13	20	0	0	0	1.3984001141094486	1.3983999999999994	1.3983999999999994	1.3984001141094479e-06	1
2508602662	63	10	0	0	0	1.2380001010208079	1.2379999999999998	1.2379999999999998	1.2380001010208079e-06	1
2518998584	70	100	0	0	1.1102230246251565e-16	2.352800191988508	2.3528000000000011	2.3528000000000011	2.3528001927656513e-06	1
2584795096	72	10	0	0	0	1.2776001042521681	1.2775999999999996	1.2775999999999996	1.2776001042521683e-06	1
2616060451	66	1	0	0	0	0.22200001367520086	0.222	0.222	2.2200001367520061e-07	1
2628478466	47	100	0	0	0	1.9548001595121896	1.9548000000000005	1.9548000000000005	1.9548001595121912e-06	1
2633636173	51	10	1	0	0	1.0360002507119341	1.0359999999999998	1.3595999999999999	1.0360002507119329e-06	2.7777777777777779e-13
2655356987	51	20	1	0	0	1.0360002507119341	1.0359999999999998	1.3595999999999999	1.0360002507119329e-06	5.5555555555555559e-13
2667678417	5	10	1	0	0	0.62800004245280294	0.62800000000000011	0.69560000000000011	6.2800004245280254e-07	2.7777777777777779e-13
2681939008	58	50	3	0	0	1.6380001336608108	1.6379999999999999	1.8011999999999999	1.6380001336608104e-06	1.388888888888889e-13
2693501005	64	100	0	0	0	2.0340006533203585	2.0340000000000007	2.0340000000000007	2.0340006533203568e-06	1
2723138501	40	10	0	0	0	0.91720007484360533	0.91719999999999979	0.91719999999999979	9.1720007484360536e-07	1
2725453365	27	20	1	0	1.1102230246251565e-16	0.83200006789120651	0.83199999999999996	0.91359999999999997	8.3200006855733896e-07	5.5555555555555559e-13
2764449609	36	20	0	0	0	0.87360007128576578	0.87359999999999993	0.87359999999999993	8.7360007128576693e-07	1
2765217989	42	50	0	0	0	1.55880012719809	1.5587999999999997	1.5587999999999997	1.5588001271980894e-06	1
2792854720	38	100	0	0	0	1.9152001562808099	1.9152000000000005	1.9152000000000005	1.9152001562808109e-06	1
2830088080	40	10	0	0	0	0.91720007484360533	0.91719999999999979	0.91719999999999979	9.1720007484360536e-07	1
2830168722	71	1000	0	0	0	2.5904002113766591	2.5904000000000016	2.5904000000000016	2.5904002113766597e-06	1
2868447552	47	100	0	0	0	1.9548001595121896	1.9548000000000005	1.9548000000000005	1.9548001595121912e-06	1
2878536378	12	2	0	0	1.1102230246251565e-16	0.2616000161145613	0.26160000000000005	0.26160000000000005	2.6160001678069462e-07	1
2902361781	28	100	0	0	0	1.8360001498176126	1.8360000000000003	1.8360000000000003	1.8360001498176118e-06	1
2918760338	47	100	0	0	0	1.9548001595121896	1.9548000000000005	1.9548000000000005	1.9548001595121912e-06	1
2954447065	72	10	3	0	0	1.2776001042521681	1.2775999999999996	1.4407999999999996	1.2776001042521683e-06	2.7777777777777781e-14
2974479673	0	20	0	0	0	0.54880003709888259	0.54880000000000007	0.54880000000000007	5.488000370988827e-07	1
2978713064	5	20	0	0	0	0.62800004245280294	0.62800000000000011	0.62800000000000011	6.2800004245280254e-07	1
3003769118	39	1000	2	0	0	2.5112002049139379	2.5112000000000014	2.5928000000000013	2.5112002049139372e-06	2.7777777777777777e-11
3136654372	0	10	0	0	0	0.54880003709888259	0.54880000000000007	0.54880000000000007	5.488000370988827e-07	1
3150722863	0	10	0	0	0	0.54880003709888259	0.54880000000000007	0.54880000000000007	5.488000370988827e-07	1
3162866953	50	10	0	0	0	0.99640024112873982	0.99639999999999973	0.99639999999999973	9.9640024112874057e-07	1
3210215182	63	10	0	0	0	1.2380001010208079	1.2379999999999998	1.2379999999999998	1.2380001010208079e-06	1
3339638837	61	50	0	0	0	1.6776001368921714	1.6776	1.6776	1.6776001368921719e-06	1
3385540575	58	100	0	0	0	1.6380001336608108	1.6379999999999999	1.6379999999999999	1.6380001336608104e-06	1
3416394480	13	20	0	0	0	1.3984001141094486	1.3983999999999994	1.3983999999999994	1.3984001141094479e-06	1
3427891185	20	20	0	0	0	1.4796001207353693	1.4795999999999994	1.4795999999999994	1.4796001207353701e-06	1
3446286554	13	20	0	0	0	1.3984001141094486	1.3983999999999994	1.3983999999999994	1.3984001141094479e-06	1
3592474805	54	5	0	0	0	0.46760003160976216	0.46760000000000002	0.46760000000000002	4.6760003160976212e-07	1
3621136800	56	20	0	0	0	1.4380001173408088	1.4379999999999993	1.4379999999999993	1.4380001173408098e-06	1
3636236229	75	20	0	0	1.1102230246251565e-16	1.3588001108780894	1.3587999999999993	1.3587999999999993	1.3588001115442234e-06	1
3637300937	54	10	0	0	0	0.46760003160976216	0.46760000000000002	0.46760000000000002	4.6760003160976212e-07	1
3661001630	67	5	0	0	0	0.50720003428672245	0.5072000000000001	0.5072000000000001	5.0720003428672225e-07	1
3666234125	35	100	0	0	0	1.8756001530494311	1.8756000000000004	1.8756000000000004	1.87560015304943e-06	1
3722656077	45	10	0	0	0	0.95680007807497214	0.95679999999999987	0.95679999999999987	9.5680007807497317e-07	1
3768277632	2	10	0	0	0	0.58840003977584288	0.58840000000000015	0.58840000000000015	5.8840003977584341e-07	1
3815116367	26	10	0	0	0	0.78840005329584362	0.78839999999999999	0.78839999999999999	7.8840005329584407e-07	1
3846278215	11	100	0	0	1.1102230246251565e-16	1.7568001433549028	1.7568000000000001	1.7568000000000001	1.7568001441320484e-06	1
3849322312	22	1000	0	0	0	2.4320001984512176	2.4320000000000013	2.4320000000000013	2.4320001984512164e-06	1
3869633725	20	20	0	0	0	1.4796001207353693	1.4795999999999994	1.4795999999999994	1.4796001207353701e-06	1
3884670249	75	10	1	0	1.1102230246251565e-16	1.3588001108780894	1.3587999999999993	1.5219999999999994	1.3588001115442234e-06	2.7777777777777779e-13
3902968240	70	100	2	0	1.1102230246251565e-16	2.352800191988508	2.3528000000000011	2.5160000000000009	2.3528001927656513e-06	2.7777777777777777e-12
3923792826	63	20	1	0	0	1.2380001010208079	1.2379999999999998	1.4011999999999998	1.2380001010208079e-06	5.5555555555555559e-13
3984054060	16	2	0	0	0	0.14280000879648058	0.14280000000000001	0.14280000000000001	1.4280000879648063e-07	1
3992080291	32	10	1	0	0	0.42800002893280209	0.42800000000000005	0.49560000000000004	4.2800002893280198e-07	2.7777777777777779e-13
4023111465	32	10	2	0	0	0.42800002893280209	0.42800000000000005	0.49560000000000004	4.2800002893280198e-07	2.7777777777777779e-13
4026168961	36	10	0	0	0	0.87360007128576578	0.87359999999999993	0.87359999999999993	8.7360007128576693e-07	1
4035942023	44	1	0	0	0	0.18240001123584071	0.18240000000000001	0.18240000000000001	1.8240001123584087e-07	1
4126642016	46	100	3	0	0	1.5984001304294504	1.5983999999999998	1.7615999999999998	1.5984001304294496e-06	2.7777777777777779e-13
4131680662	9	20	2	0	0	0.70920004794192326	0.70920000000000005	0.77680000000000005	7.092000479419237e-07	5.5555555555555559e-13
4172186205	26	20	1	0	0	0.78840005329584362	0.78839999999999999	0.85599999999999998	7.8840005329584407e-07	5.5555555555555559e-13
4179394048	53	100	0	0	0	1.9944006406008563	1.9944000000000006	1.9944000000000006	1.9944006406008586e-06	1
4188292724	63	10	0	0	0	1.2380001010208079	1.2379999999999998	1.2379999999999998	1.2380001010208079e-06	1
4207353418	6	10	0	0	0	0.66960004526496308	0.66960000000000008	0.66960000000000008	6.696000452649632e-07	1
4222242570	56	20	2	0	0	1.4380001173408088	1.4379999999999993	1.6011999999999993	1.4380001173408098e-06	5.5555555555555559e-13
