base_bandwidth_utilization	0.30279639999999991
expected_bandwidth_utilization	0.30279651065655172

rounded_expected_bandwidth_utilization	0.60559280000000004

bandwidth_utilization_p99	0.30279640000000002

[frame_summary]
frame_id	priority	period_ms	deadline_ms	trans_time_ms	expected_retry_count	expected_tx_count	rounded_expected_retry_count	rounded_expected_tx_count	retry_p99	tx_count_p99	expected_wcrt_ms	p_timeout	wcrt_p95_ms
0	10	10	10	0.039600000000000003	4.8520002988832223e-07	1.0000004852000299	1	2	0	1	0.48520002988832189	0	0.48520000000000002
1	43	1000	1000	0.041599999999999998	1.9704001331995455e-06	1.0000019704001333	1	2	0	1	1.9704001331995467	0	1.9704000000000006
2	31	100	100	0.039600000000000003	1.4932000949675241e-06	1.0000014932000949	1	2	0	1	1.4932000949675257	0	1.4931999999999996
3	23	20	20	0.039600000000000003	1.0100002242199309e-06	1.0000010100002241	1	2	0	1	1.0100002242199317	0	1.0099999999999998
4	32	100	100	0.039600000000000003	1.5328000981522185e-06	1.0000015328000982	1	2	0	1	1.5328000974860969	1.1102230246251565e-16	1.5327999999999997
5	4	2	2	0.039600000000000003	2.476000152521612e-07	1.0000002476000152	1	2	0	1	0.24760001525216097	0	0.24760000000000001
6	11	10	10	0.041599999999999998	5.2680003245088283e-07	1.0000005268000325	1	2	0	1	0.52680003245088214	0	0.52680000000000016
8	0	1	1	0.041599999999999998	8.9200005494720442e-08	1.0000000892000056	1	2	0	1	0.089200005494720347	0	0.089200000000000002
10	12	10	10	0.041599999999999998	5.6840003567957628e-07	1.0000005684000357	1	2	0	1	0.56840003501344327	1.1102230246251565e-16	0.56840000000000002
12	33	100	100	0.039600000000000003	1.5724001000046461e-06	1.0000015724000999	1	2	0	1	1.5724001000046461	0	1.5723999999999998
13	13	10	10	0.039600000000000003	6.0800003745280229e-07	1.0000006080000374	1	2	0	1	0.60800003745280251	0	0.6080000000000001
15	34	100	100	0.039600000000000003	1.6120001025232073e-06	1.0000016120001025	1	2	0	1	1.6120001025232065	0	1.6119999999999999
16	1	1	1	0.039600000000000003	1.2880000793408066e-07	1.000000128800008	1	2	0	1	0.12880000793408047	0	0.1288
17	6	5	5	0.039600000000000003	3.2680002013088126e-07	1.0000003268000202	1	2	0	1	0.32680002013088122	0	0.32679999999999998
19	35	100	100	0.047600000000000003	1.6536001117833676e-06	1.0000016536001117	1	2	0	1	1.6536001117833676	0	1.6536
21	24	20	20	0.039600000000000003	1.2100000752021377e-06	1.0000012100000752	1	2	0	1	1.2100000745360064	1.1102230246251565e-16	1.2099999999999997
22	29	50	50	0.039600000000000003	1.4100000868560044e-06	1.0000014100000869	1	2	0	1	1.410000086856005	0	1.4099999999999995
23	44	1000	1000	0.039600000000000003	2.0100006174715587e-06	1.0000020100006175	1	2	0	1	2.0100006174715586	0	2.0100000000000007
24	45	1000	1000	0.039600000000000003	2.289200155527086e-06	1.0000022892001554	1	2	0	1	2.2892001547500422	1.1102230246251565e-16	2.289200000000001
25	14	10	10	0.041599999999999998	6.4960004001536267e-07	1.00000064960004	1	2	0	1	0.64960004001536265	0	0.64960000000000018
26	15	10	10	0.039600000000000003	6.892000424547227e-07	1.0000006892000424	1	2	0	1	0.68920004245472277	0	0.68920000000000003
27	2	1	1	0.039600000000000003	1.6840001037344066e-07	1.0000001684000104	1	2	0	1	0.16840001037344066	0	0.16839999999999999
28	7	5	5	0.039600000000000003	3.6640002257024098e-07	1.0000003664000225	1	2	0	1	0.36640002257024146	0	0.3664
30	25	20	20	0.039600000000000003	1.2496000769753645e-06	1.000001249600077	1	2	0	1	1.2496000769753646	0	1.2495999999999998
31	36	100	100	0.039600000000000003	1.693200114460328e-06	1.0000016932001146	1	2	0	1	1.6932001144603277	0	1.6932
32	16	10	10	0.041599999999999998	7.3080004501728255e-07	1.0000007308000449	1	2	0	1	0.73080004501728291	0	0.73080000000000012
33	37	100	100	0.039600000000000003	1.7328001171372857e-06	1.0000017328001172	1	2	0	1	1.732800117137288	0	1.7328000000000001
35	17	10	10	0.039600000000000003	7.7040004745664237e-07	1.0000007704000475	1	2	0	1	0.77040004745664303	0	0.77039999999999997
38	18	10	10	0.041599999999999998	8.1200005001920265e-07	1.0000008120000501	1	2	0	1	0.81200005001920317	0	0.81200000000000006
39	26	20	20	0.041599999999999998	1.2912000795379258e-06	1.0000012912000795	1	2	0	1	1.2912000795379246	0	1.2911999999999997
40	38	100	100	0.039600000000000003	1.7724001198142465e-06	1.0000017724001198	1	2	0	1	1.7724001198142483	0	1.7724000000000002
41	19	10	10	0.039600000000000003	8.5160005245856353e-07	1.0000008516000525	1	2	0	1	0.85160005245856329	0	0.85159999999999991
42	46	1000	1000	0.039600000000000003	2.2892001555270864e-06	1.0000022892001554	1	2	0	1	2.2892001547500427	1.1102230246251565e-16	2.2892000000000015
43	39	100	100	0.039600000000000003	1.8120001224912096e-06	1.0000018120001224	1	2	0	1	1.8120001224912086	0	1.8120000000000003
44	20	10	10	0.039600000000000003	8.912000548979244e-07	1.0000008912000549	1	2	0	1	0.8912000548979232	0	0.89119999999999977
46	40	100	100	0.039600000000000003	1.85160012516817e-06	1.0000018516001252	1	2	0	1	1.8516001251681689	0	1.8516000000000004
47	21	10	10	0.039600000000000003	9.3080005733736332e-07	1.0000009308000573	1	2	0	1	0.93080005733736215	0	0.93079999999999985
48	41	100	100	0.039600000000000003	1.8912001278451304e-06	1.0000018912001278	1	2	0	1	1.8912001278451289	0	1.8912000000000004
49	3	1	1	0.039600000000000003	2.080000128128008e-07	1.0000002080000128	1	2	0	1	0.20800001281280081	0	0.20800000000000002
50	8	5	5	0.039600000000000003	4.0600002500960132e-07	1.0000004060000249	1	2	0	1	0.40600002500960158	0	0.40599999999999997
52	27	20	20	0.039600000000000003	1.3308000819772848e-06	1.0000013308000819	1	2	0	1	1.3308000819772845	0	1.3307999999999995
53	30	50	50	0.0436	1.4536000924489639e-06	1.0000014536000925	1	2	0	1	1.4536000924489656	0	1.4535999999999996
55	5	2	2	0.039600000000000003	2.8720001769152144e-07	1.0000002872000178	1	2	0	1	0.28720001769152109	0	0.28720000000000001
56	9	5	5	0.039600000000000003	4.4560002744896173e-07	1.0000004456000275	1	2	0	1	0.44560002744896182	0	0.44560000000000005
57	28	20	20	0.039600000000000003	1.3704000850827793e-06	1.0000013704000852	1	2	0	1	1.3704000844166466	1.1102230246251565e-16	1.3703999999999994
58	42	100	100	0.039600000000000003	1.9308001305225681e-06	1.0000019308001304	1	2	0	1	1.930800130522567	0	1.9308000000000005
61	22	10	10	0.039600000000000003	9.7040005977672769e-07	1.0000009704000599	1	2	0	1	0.97040005977672861	0	0.97039999999999971

[frame_retry_distribution]
frame_id	retry_count	probability
0	0	0.99999951480011773
0	1	4.8519973469271288e-07
0	2	1.4759775020150157e-13
0	3	3.6301022344973515e-20
0	4	7.9164472665191786e-27
0	5	1.600553049628529e-33
1	0	0.99999802960194129
1	1	1.9703959843288915e-06
1	2	2.074432255035774e-12
1	3	2.0479971345545591e-18
1	4	1.3884983508157758e-24
1	5	7.7342916806843103e-31
1	6	2.6332325772750301e-37
2	0	0.99999850680111479
2	1	1.4931976753880477e-06
2	2	1.2097886796568345e-12
2	3	7.0574884138461658e-19
2	4	3.3207187065927434e-25
2	5	1.3390650288620031e-31
3	0	0.99999899000051007
3	1	1.0099987556807654e-06
3	2	7.3426905014894271e-13
3	3	3.5506690414633775e-19
3	4	1.3824102282411284e-25
3	5	4.6528621033132568e-32
4	0	0.99999846720117469
4	1	1.5327975530400317e-06
4	2	1.2722218881099123e-12
4	3	7.5893828860750653e-19
4	4	3.6458008442298308e-25
4	5	1.4987924200848998e-31
4	6	1.1102230246251565e-16
5	0	0.99999975240003069
5	1	2.4759992344209212e-07
5	2	4.590502297841444e-14
5	3	7.7156154264338444e-21
5	4	1.2437125905391631e-27
5	5	1.9661567716953435e-34
6	0	0.99999947320013882
6	1	5.2679969003097199e-07
6	2	1.7120988871353643e-13
6	3	4.4459654730498606e-20
6	4	1.0146347326178855e-26
6	5	2.1320332338193943e-33
8	0	0.99999991080000405
8	1	8.9199986548641114e-08
8	2	9.4730379879265203e-15
8	3	1.1161295608471248e-21
8	4	1.4048156068051373e-28
8	5	1.8502074856119644e-35
10	0	0.99999943160016147
10	1	5.6839964190811313e-07
10	2	1.9655258406418571e-13
10	3	5.3743149589977816e-20
10	4	1.2811368837999608e-26
10	5	2.7943575195971583e-33
10	6	1.1102230246251565e-16
12	0	0.99999842760123625
12	1	1.5723974275557041e-06
12	2	1.3362232489530379e-12
12	3	8.1473087262792678e-19
12	4	3.994146671975292e-25
12	5	1.6733850581589348e-31
13	0	0.99999939200018495
13	1	6.079995928833363e-07
13	2	2.2228463746541393e-13
13	3	6.3691175958949141e-20
13	4	1.5800676647224136e-26
13	5	3.5670063605475764e-33
15	0	0.99999838800129925
15	1	1.6119972989350637e-06
15	2	1.4017927619999112e-12
15	3	8.7318869216067298e-19
15	4	4.3668388213817914e-25
15	5	1.8638556511712209e-31
16	0	0.99999987120000833
16	1	1.2879997547648251e-07
16	2	1.6228795910342932e-14
16	3	2.1111378126137453e-21
16	4	2.8346076018843624e-28
16	5	3.9071940910738619e-35
17	0	0.99999967320005345
17	1	3.2679987307090466e-07
17	2	7.3529966911507543e-14
17	3	1.425580174139663e-20
17	4	2.5644196875451467e-27
17	5	4.4223004260638217e-34
19	0	0.9999983464013672
19	1	1.6535971538261293e-06
19	2	1.4789771944032332e-12
19	3	9.4977673340883954e-19
19	4	4.9071980880778143e-25
19	5	2.1679881902980985e-31
21	0	0.999998790000732
21	1	1.2099984613649775e-06
21	2	8.0658492466026282e-13
21	3	3.9233530583700122e-19
21	4	1.557454998451823e-25
21	5	5.3541510776248617e-32
21	6	1.1102230246251565e-16
22	0	0.999998590000994
22	1	1.4099979250455257e-06
22	2	1.0809043427561916e-12
22	3	5.9769500119525152e-19
22	4	2.6699480858039225e-25
22	5	1.0235989599988863e-31
23	0	0.99999799000202005
23	1	2.0099953424333972e-06
23	2	2.6375157100450408e-12
23	3	2.2471275355376798e-18
23	4	1.4986872073534805e-24
23	5	8.4022709644317444e-31
23	6	3.1345998902984976e-37
24	0	0.99999771080262012
24	1	2.2891946048197974e-06
24	2	2.7749615123751577e-12
24	3	2.3693405137294254e-18
24	4	1.5995126841603682e-24
24	5	9.0881173108812926e-31
24	6	3.4644193355187666e-37
24	7	1.1102230246251565e-16
25	0	0.99999935040021104
25	1	6.4959953800464451e-07
25	2	2.5100524602307141e-13
25	3	7.5377719547471348e-20
25	4	1.9469662102908311e-26
25	5	4.5519864330957225e-33
26	0	0.99999931080023763
26	1	6.8919948254883439e-07
26	2	2.799528125662432e-13
26	3	8.7743813178540809e-20
26	4	2.3518209792978844e-26
26	5	5.6792727375038028e-33
27	0	0.99999983160001427
27	1	1.6839996126800447e-07
27	2	2.4552712840427882e-14
27	3	3.5013221659994534e-21
27	4	5.0077992231697775e-28
27	5	7.2284916839436046e-35
28	0	0.99999963360006727
28	1	3.6639984318083318e-07
28	2	8.9694676085475829e-14
28	3	1.8553352376056018e-20
28	4	3.5131785868440331e-27
28	5	6.3160304925754239e-34
30	0	0.99999875040078079
30	1	1.2495983615255538e-06
30	2	8.5772426251532399e-13
30	3	4.285087517892722e-19
30	4	1.7432268468080173e-25
30	5	6.1293288086898902e-32
31	0	0.99999830680143353
31	1	1.693197018616065e-06
31	2	1.5479206097793722e-12
31	3	1.0144551517912063e-18
31	4	5.341401642055622e-25
31	5	2.4018007356995988e-31
32	0	0.99999926920026705
32	1	7.3079942091430925e-07
32	2	3.1205133350804755e-13
32	3	1.0210769175815455e-19
32	4	2.841431871339575e-26
32	5	7.0916070514100126e-33
33	0	0.99999826720150131
33	1	1.732796880269686e-06
33	2	1.6184321767658721e-12
33	3	1.0820007832452563e-18
33	4	5.8037575572397008e-25
33	5	2.6553331103274943e-31
35	0	0.99999922960029686
35	1	7.7039935902746618e-07
35	2	3.4421441240986359e-13
35	3	1.1715295203144705e-19
35	4	3.3745137606313877e-26
35	5	8.6826868031062873e-33
38	0	0.99999918800032972
38	1	8.1199929063710947e-07
38	2	3.7969084491295581e-13
38	3	1.3446845177511359e-19
38	4	4.0113795094428632e-26
38	5	1.7081723294668715e-32
39	0	0.99999870880083364
39	1	1.2911982532658224e-06
39	2	9.1313534846045131e-13
39	3	4.688288632080894e-19
39	4	1.9557427044760019e-25
39	5	7.0375707587506108e-32
40	0	0.99999822760157075
40	1	1.7723967387869988e-06
40	2	1.6905118951764357e-12
40	3	1.1524757264436948e-18
40	4	6.2954540147116882e-25
40	5	4.4381959088463273e-31
40	6	5.73436104387055e-38
41	0	0.99999914840036275
41	1	8.5159922231923535e-07
41	2	4.1506943539011757e-13
41	3	1.5245397798594847e-19
41	4	4.6971116654309444e-26
41	5	2.0365943761092174e-32
42	0	0.99999771080262012
42	1	2.2891946048197978e-06
42	2	2.7749615123751577e-12
42	3	2.3693405137294254e-18
42	4	1.5995126841603691e-24
42	5	9.0881173108813031e-31
42	6	3.46441933551877e-37
42	7	1.1102230246251565e-16
43	0	0.99999818800164164
43	1	1.8119965941680021e-06
43	2	1.7641597648247692e-12
43	3	1.225942080049416e-18
43	4	6.8177081866123601e-25
43	5	4.8600097165178053e-31
43	6	6.3342182815373136e-38
44	0	0.99999910880039722
44	1	8.9119915086504555e-07
44	2	4.5201618147455403e-13
44	3	1.7196811591182343e-19
44	4	8.2251550261793951e-26
44	5	2.8038986397120765e-32
46	0	0.99999814840171419
46	1	1.8515964464126916e-06
46	2	1.8393757855245624e-12
46	3	1.3024616306455942e-18
46	4	1.0492455409636467e-24
46	5	5.8977886800580094e-31
46	6	1.7356810859420895e-37
47	0	0.99999906920043324
47	1	9.3079907627453945e-07
47	2	4.9053100429878777e-13
47	3	2.7175418446277299e-19
47	4	1.0539553142112231e-25
47	5	3.437000182573928e-32
48	0	0.9999981088017883
48	1	1.8911962955210701e-06
48	2	1.9161599570895317e-12
48	3	1.3820970819344908e-18
48	4	1.1270369962248419e-24
48	5	6.4193274354153947e-31
48	6	1.9431910401258756e-37
49	0	0.99999979200002165
49	1	2.0799994392320759e-07
49	2	3.4444788591884116e-14
49	3	5.3487816856648075e-21
49	4	8.1314288076912431e-28
49	5	1.2287986130041466e-34
50	0	0.99999959400008254
50	1	4.0599981015444418e-07
50	2	1.0742754314932918e-13
50	3	2.3618673352750312e-20
50	4	4.6973872606128742e-27
50	5	8.7930060367036617e-34
52	0	0.99999866920088554
52	1	1.3307981469953699e-06
52	2	9.6749019326823561e-13
52	3	5.0948344507430418e-19
52	4	2.1755104347970427e-25
52	5	7.9989821971102911e-32
53	0	0.99999854640105645
53	1	1.453597794599751e-06
53	2	1.1489236237800986e-12
53	3	6.5510043223463027e-19
53	4	3.017842218555751e-25
53	5	1.1932341256703412e-31
55	0	0.9999997128000413
55	1	2.8719989982465787e-07
55	2	5.8933415813721274e-14
55	3	1.0663922433294109e-20
55	4	1.8181111274257814e-27
55	5	3.00368692691198e-34
56	0	0.99999955440009936
56	1	4.4559977399173735e-07
56	2	1.2672856791677006e-13
56	3	2.9513863677121182e-20
56	4	6.152504262998917e-27
56	5	1.1976425466124034e-33
57	0	0.99999862960093888
57	1	1.3703980375886053e-06
57	2	1.0234131914289155e-12
57	3	5.5241812481466483e-19
57	4	2.4132610731002144e-25
57	5	9.0624857036587075e-32
57	6	1.1102230246251565e-16
58	0	0.99999806920186396
58	1	1.9307961414931367e-06
58	2	1.9945118014482927e-12
58	3	1.9427952341208807e-18
58	4	1.2985801428071806e-24
58	5	7.1327296763586106e-31
58	6	2.170430880765493e-37
61	0	0.99999902960047093
61	1	9.7039899854771567e-07
61	2	5.3061405460955889e-13
61	3	3.0094124243877454e-19
61	4	1.1953238116655795e-25
61	5	3.9882721063324457e-32

[frame_retry_cdf]
frame_id	retry_count	cumulative_probability
0	0	0.99999951480011773
0	1	0.99999999999985245
0	2	1
0	3	1
0	4	1
0	5	1
1	0	0.99999802960194129
1	1	0.99999999999792566
1	2	1
1	3	1
1	4	1
1	5	1
1	6	1
2	0	0.99999850680111479
2	1	0.99999999999879019
2	2	1
2	3	1
2	4	1
2	5	1
3	0	0.99999899000051007
3	1	0.9999999999992657
3	2	1
3	3	1
3	4	1
3	5	1
4	0	0.99999846720117469
4	1	0.99999999999872768
4	2	0.99999999999999989
4	3	0.99999999999999989
4	4	0.99999999999999989
4	5	0.99999999999999989
4	6	1
5	0	0.99999975240003069
5	1	0.99999999999995415
5	2	1
5	3	1
5	4	1
5	5	1
6	0	0.99999947320013882
6	1	0.9999999999998288
6	2	1
6	3	1
6	4	1
6	5	1
8	0	0.99999991080000405
8	1	0.99999999999999056
8	2	1
8	3	1
8	4	1
8	5	1
10	0	0.99999943160016147
10	1	0.99999999999980338
10	2	0.99999999999999989
10	3	0.99999999999999989
10	4	0.99999999999999989
10	5	0.99999999999999989
10	6	1
12	0	0.99999842760123625
12	1	0.99999999999866385
12	2	1
12	3	1
12	4	1
12	5	1
13	0	0.99999939200018495
13	1	0.99999999999977784
13	2	1
13	3	1
13	4	1
13	5	1
15	0	0.99999838800129925
15	1	0.99999999999859823
15	2	1
15	3	1
15	4	1
15	5	1
16	0	0.99999987120000833
16	1	0.99999999999998379
16	2	1
16	3	1
16	4	1
16	5	1
17	0	0.99999967320005345
17	1	0.9999999999999265
17	2	1
17	3	1
17	4	1
17	5	1
19	0	0.9999983464013672
19	1	0.99999999999852107
19	2	1
19	3	1
19	4	1
19	5	1
21	0	0.999998790000732
21	1	0.99999999999919331
21	2	0.99999999999999989
21	3	0.99999999999999989
21	4	0.99999999999999989
21	5	0.99999999999999989
21	6	1
22	0	0.999998590000994
22	1	0.99999999999891909
22	2	1
22	3	1
22	4	1
22	5	1
23	0	0.99999799000202005
23	1	0.99999999999736244
23	2	1
23	3	1
23	4	1
23	5	1
23	6	1
24	0	0.99999771080262012
24	1	0.99999999999722489
24	2	0.99999999999999989
24	3	0.99999999999999989
24	4	0.99999999999999989
24	5	0.99999999999999989
24	6	0.99999999999999989
24	7	1
25	0	0.99999935040021104
25	1	0.99999999999974909
25	2	1
25	3	1
25	4	1
25	5	1
26	0	0.99999931080023763
26	1	0.99999999999972022
26	2	1
26	3	1
26	4	1
26	5	1
27	0	0.99999983160001427
27	1	0.99999999999997558
27	2	1
27	3	1
27	4	1
27	5	1
28	0	0.99999963360006727
28	1	0.99999999999991041
28	2	1
28	3	1
28	4	1
28	5	1
30	0	0.99999875040078079
30	1	0.99999999999914235
30	2	1
30	3	1
30	4	1
30	5	1
31	0	0.99999830680143353
31	1	0.99999999999845213
31	2	1
31	3	1
31	4	1
31	5	1
32	0	0.99999926920026705
32	1	0.99999999999968792
32	2	1
32	3	1
32	4	1
32	5	1
33	0	0.99999826720150131
33	1	0.99999999999838163
33	2	1
33	3	1
33	4	1
33	5	1
35	0	0.99999922960029686
35	1	0.99999999999965583
35	2	1
35	3	1
35	4	1
35	5	1
38	0	0.99999918800032972
38	1	0.9999999999996203
38	2	1
38	3	1
38	4	1
38	5	1
39	0	0.99999870880083364
39	1	0.99999999999908695
39	2	1
39	3	1
39	4	1
39	5	1
40	0	0.99999822760157075
40	1	0.99999999999830957
40	2	1
40	3	1
40	4	1
40	5	1
40	6	1
41	0	0.99999914840036275
41	1	0.99999999999958511
41	2	1
41	3	1
41	4	1
41	5	1
42	0	0.99999771080262012
42	1	0.99999999999722489
42	2	0.99999999999999989
42	3	0.99999999999999989
42	4	0.99999999999999989
42	5	0.99999999999999989
42	6	0.99999999999999989
42	7	1
43	0	0.99999818800164164
43	1	0.99999999999823586
43	2	1
43	3	1
43	4	1
43	5	1
43	6	1
44	0	0.99999910880039722
44	1	0.99999999999954803
44	2	1
44	3	1
44	4	1
44	5	1
46	0	0.99999814840171419
46	1	0.99999999999816058
46	2	1
46	3	1
46	4	1
46	5	1
46	6	1
47	0	0.99999906920043324
47	1	0.9999999999995095
47	2	1
47	3	1
47	4	1
47	5	1
48	0	0.9999981088017883
48	1	0.99999999999808387
48	2	1
48	3	1
48	4	1
48	5	1
48	6	1
49	0	0.99999979200002165
49	1	0.99999999999996558
49	2	1
49	3	1
49	4	1
49	5	1
50	0	0.99999959400008254
50	1	0.99999999999989264
50	2	1
50	3	1
50	4	1
50	5	1
52	0	0.99999866920088554
52	1	0.99999999999903255
52	2	1
52	3	1
52	4	1
52	5	1
53	0	0.99999854640105645
53	1	0.99999999999885103
53	2	1
53	3	1
53	4	1
53	5	1
55	0	0.9999997128000413
55	1	0.99999999999994116
55	2	1
55	3	1
55	4	1
55	5	1
56	0	0.99999955440009936
56	1	0.99999999999987332
56	2	1
56	3	1
56	4	1
56	5	1
57	0	0.99999862960093888
57	1	0.99999999999897649
57	2	0.99999999999999989
57	3	0.99999999999999989
57	4	0.99999999999999989
57	5	0.99999999999999989
57	6	1
58	0	0.99999806920186396
58	1	0.99999999999800548
58	2	1
58	3	1
58	4	1
58	5	1
58	6	1
61	0	0.99999902960047093
61	1	0.99999999999946954
61	2	1
61	3	1
61	4	1
61	5	1

[frame_wcrt_distribution]
frame_id	response_time_ms	probability
0	0.48520000000000002	0.99999951480011773
0	0.54680000000000006	4.8519973469271288e-07
0	0.60840000000000005	1.4759775020150157e-13
0	0.67000000000000004	3.6301022344973515e-20
0	0.73160000000000003	7.9164472665191786e-27
0	0.79320000000000002	1.600553049628529e-33
1	1.9704000000000006	0.99999802960194129
1	2.0380000000000007	1.9703959843288915e-06
1	2.148000000000001	1.0382104335251053e-39
1	2.3084000000000007	2.0915115341966815e-32
1	2.3452000000000006	2.074432255035774e-12
1	2.3760000000000008	4.2476600795418046e-38
1	2.4128000000000003	2.0479971345545591e-18
1	2.4804000000000004	1.3884983508157758e-24
1	2.5480000000000005	7.5251405168825377e-31
1	2.6156000000000006	2.2084665693208498e-37
2	1.4931999999999996	0.99999850680111479
2	1.5567999999999997	1.4931976753880477e-06
2	1.6203999999999996	1.2097886796568345e-12
2	1.6508000000000003	8.1151147711214807e-40
2	1.6839999999999997	7.0574884138461658e-19
2	1.7475999999999996	3.3207187065927434e-25
2	1.8111999999999997	1.3390650207468883e-31
3	1.0099999999999998	0.99999899000051007
3	1.232	1.0099987556807654e-06
3	1.2935999999999999	7.3426905014894271e-13
3	1.3179999999999998	7.1708775039148476e-33
3	1.3552	3.5506690414633775e-19
3	1.4167999999999998	1.3824102282411284e-25
3	1.4783999999999999	3.935774352921771e-32
4	1.5327999999999997	0.99999846720117469
4	1.5963999999999998	1.5327975530400317e-06
4	1.6599999999999997	1.2722218881099123e-12
4	1.6904000000000003	8.1151147711214807e-40
4	1.7235999999999998	7.5893828860750653e-19
4	1.7871999999999997	3.6458008442298308e-25
4	1.8507999999999998	1.4987924119697851e-31
4	100.06359999999999	1.1102230246251565e-16
5	0.24760000000000001	0.99999975240003069
5	0.30920000000000003	2.4759992344209212e-07
5	0.37080000000000002	4.590502297841444e-14
5	0.43240000000000001	7.7156154264338444e-21
5	0.49399999999999999	1.2437125905391631e-27
5	0.55559999999999998	1.9661567716953435e-34
6	0.52680000000000016	0.99999947320013882
6	0.58840000000000015	5.2679969003097199e-07
6	0.65000000000000013	1.7120988871353643e-13
6	0.71160000000000023	4.4459654730498606e-20
6	0.77320000000000011	1.0146347326178855e-26
6	0.83480000000000021	2.1320332338193943e-33
8	0.089200000000000002	0.99999991080000405
8	0.15079999999999999	8.9199986548641114e-08
8	0.21240000000000001	9.4730379879265203e-15
8	0.27400000000000002	1.1161295608471248e-21
8	0.33560000000000001	1.4048156068051373e-28
8	0.3972	1.8502074856119644e-35
10	0.56840000000000002	0.99999943160016147
10	0.63	5.6839964190811313e-07
10	0.69159999999999999	1.9655258406418571e-13
10	0.75320000000000009	5.3743149589977816e-20
10	0.81479999999999997	1.2811368837999608e-26
10	0.87640000000000007	2.7943575195971583e-33
10	10.0616	1.1102230246251565e-16
12	1.5723999999999998	0.99999842760123625
12	1.6359999999999999	1.5723974275557041e-06
12	1.6995999999999998	1.3362232489530379e-12
12	1.7300000000000004	8.1151147711214807e-40
12	1.7631999999999999	8.1473087262792678e-19
12	1.8267999999999998	3.994146671975292e-25
12	1.8903999999999999	1.6733850500438196e-31
13	0.6080000000000001	0.99999939200018495
13	0.66960000000000008	6.079995928833363e-07
13	0.73120000000000007	2.2228463746541393e-13
13	0.79280000000000017	6.3691175958949141e-20
13	0.85440000000000005	1.5800676647224136e-26
13	0.91600000000000015	3.5670063605475764e-33
15	1.6119999999999999	0.99999838800129925
15	1.6756	1.6119972989350637e-06
15	1.7391999999999999	1.4017927619999112e-12
15	1.7696000000000005	8.1151147711214807e-40
15	1.8028	8.7318869216067298e-19
15	1.8663999999999998	4.3668388213817914e-25
15	1.9299999999999999	1.8638556430561057e-31
16	0.1288	0.99999987120000833
16	0.19040000000000001	1.2879997547648251e-07
16	0.252	1.6228795910342932e-14
16	0.31359999999999999	2.1111378126137453e-21
16	0.37519999999999998	2.8346076018843624e-28
16	0.43679999999999997	3.9071940910738619e-35
17	0.32679999999999998	0.99999967320005345
17	0.38839999999999997	3.2679987307090466e-07
17	0.44999999999999996	7.3529966911507543e-14
17	0.51160000000000005	1.425580174139663e-20
17	0.57319999999999993	2.5644196875451467e-27
17	0.63480000000000003	4.4223004260638217e-34
19	1.6536	0.9999983464013672
19	1.7212000000000001	1.6535971538261293e-06
19	1.7887999999999999	1.4789771944032332e-12
19	1.8312000000000006	2.0363550261841613e-39
19	1.8564000000000001	9.4977673340883954e-19
19	1.9239999999999999	4.9071980880778143e-25
19	1.9916	2.1679881699345484e-31
21	1.2099999999999997	0.999998790000732
21	1.2715999999999998	1.2099984613649775e-06
21	1.3331999999999997	8.0658492466026282e-13
21	1.3575999999999997	8.1151147711214807e-40
21	1.3947999999999998	3.9233530583700122e-19
21	1.4563999999999997	1.557454998451823e-25
21	1.5179999999999998	5.3541509964737145e-32
21	20.061599999999999	1.1102230246251565e-16
22	1.4099999999999995	0.999998590000994
22	1.4715999999999996	1.4099979250455257e-06
22	1.5331999999999995	1.0809043427561916e-12
22	1.5576000000000001	8.1151147711214807e-40
22	1.5947999999999996	5.9769500119525152e-19
22	1.6563999999999994	2.6699480858039225e-25
22	1.7179999999999995	1.0235989518837716e-31
23	2.0100000000000007	0.99999799000202005
23	2.1876000000000011	8.1151147711214807e-40
23	2.317200000000001	2.0099953424333972e-06
23	2.3480000000000008	2.1469403828180295e-32
23	2.3848000000000011	2.6375157100450408e-12
23	2.4156000000000009	4.8835782349754712e-38
23	2.4524000000000008	2.2471275355376798e-18
23	2.5200000000000009	1.4986872073534805e-24
23	2.587600000000001	8.1875769180348282e-31
23	2.6552000000000011	2.6462420668009504e-37
24	2.2272000000000012	8.1151147711214807e-40
24	2.289200000000001	0.99999771080262012
24	2.3568000000000011	2.2891946048197974e-06
24	2.3876000000000008	2.3313974632325255e-32
24	2.4244000000000012	2.7749615123751577e-12
24	2.4552000000000009	5.5607527275586568e-38
24	2.4920000000000009	2.3693405137294254e-18
24	2.559600000000001	1.5995126841603682e-24
24	2.6272000000000011	8.8549775564429244e-31
24	2.6948000000000012	2.9083440627629008e-37
24	1000.0676	1.1102230246251565e-16
25	0.64960000000000018	0.99999935040021104
25	0.71120000000000017	6.4959953800464451e-07
25	0.77280000000000015	2.5100524602307141e-13
25	0.83440000000000025	7.5377719547471348e-20
25	0.89600000000000013	1.9469662102908311e-26
25	0.95760000000000023	4.5519864330957225e-33
26	0.68920000000000003	0.99999931080023763
26	0.75080000000000002	6.8919948254883439e-07
26	0.81240000000000001	2.799528125662432e-13
26	0.87400000000000011	8.7743813178540809e-20
26	0.93559999999999999	2.3518209792978844e-26
26	0.99720000000000009	5.6792727375038028e-33
27	0.16839999999999999	0.99999983160001427
27	0.22999999999999998	1.6839996126800447e-07
27	0.29159999999999997	2.4552712840427882e-14
27	0.35320000000000001	3.5013221659994534e-21
27	0.4148	5.0077992231697775e-28
27	0.47639999999999999	7.2284916839436046e-35
28	0.3664	0.99999963360006727
28	0.42799999999999999	3.6639984318083318e-07
28	0.48960000000000004	8.9694676085475829e-14
28	0.55120000000000002	1.8553352376056018e-20
28	0.61280000000000001	3.5131785868440331e-27
28	0.6744	6.3160304925754239e-34
30	1.2495999999999998	0.99999875040078079
30	1.3111999999999999	1.2495983615255538e-06
30	1.3727999999999998	8.5772426251532399e-13
30	1.3971999999999998	8.1151147711214807e-40
30	1.4343999999999999	4.285087517892722e-19
30	1.4959999999999998	1.7432268468080173e-25
30	1.5575999999999999	6.1293287275387431e-32
31	1.6932	0.99999830680143353
31	1.7608000000000001	1.693197018616065e-06
31	1.8284	1.5479206097793722e-12
31	1.8708000000000007	8.1151147711214807e-40
31	1.8960000000000001	1.0144551517912063e-18
31	1.9636	5.341401642055622e-25
31	2.0312000000000001	2.4018007275844837e-31
32	0.73080000000000012	0.99999926920026705
32	0.7924000000000001	7.3079942091430925e-07
32	0.85400000000000009	3.1205133350804755e-13
32	0.91560000000000019	1.0210769175815455e-19
32	0.97720000000000007	2.841431871339575e-26
32	1.0388000000000002	7.0916070514100126e-33
33	1.7328000000000001	0.99999826720150131
33	1.8004000000000002	1.732796880269686e-06
33	1.8680000000000001	1.6184321767658721e-12
33	1.9104000000000008	8.1151147711214807e-40
33	1.9356000000000002	1.0820007832452563e-18
33	2.0032000000000001	5.8037575572397008e-25
33	2.0708000000000002	2.6553331022123796e-31
35	0.77039999999999997	0.99999922960029686
35	0.83199999999999996	7.7039935902746618e-07
35	0.89359999999999995	3.4421441240986359e-13
35	0.95520000000000005	1.1715295203144705e-19
35	1.0167999999999999	3.3745137606313877e-26
35	1.0784	8.6826868031062873e-33
38	0.81200000000000006	0.99999918800032972
38	0.87360000000000004	8.1199929063710947e-07
38	0.93520000000000003	3.7969084491295581e-13
38	0.99680000000000013	1.3446845177511359e-19
38	1.1200000000000001	4.798678192006438e-33
38	1.2188000000000001	4.0113795094428632e-26
38	1.2804000000000002	1.2283045102662284e-32
39	1.2911999999999997	0.99999870880083364
39	1.3527999999999998	1.2911982532658224e-06
39	1.4143999999999997	9.1313534846045131e-13
39	1.4387999999999996	1.0382104335251053e-39
39	1.4759999999999998	4.688288632080894e-19
39	1.5375999999999996	1.9557427044760019e-25
39	1.5991999999999997	7.037570654929568e-32
40	1.7724000000000002	0.99999822760157075
40	1.8400000000000003	1.7723967387869988e-06
40	1.9076000000000002	1.6905118951764357e-12
40	1.9500000000000008	8.1151147711214807e-40
40	1.9752000000000003	1.1524757264436948e-18
40	2.1104000000000003	1.4478253545350233e-31
40	2.2824000000000004	6.2954540147116882e-25
40	2.3500000000000005	2.9903705461961878e-31
40	2.4176000000000006	5.73436104387055e-38
41	0.85159999999999991	0.99999914840036275
41	0.9131999999999999	8.5159922231923535e-07
41	0.97479999999999989	4.1506943539011757e-13
41	1.0364	1.5245397798594847e-19
41	1.1596	5.859659816432988e-33
41	1.2584	4.6971116654309444e-26
41	1.3200000000000001	1.4506283944659182e-32
42	2.2272000000000016	8.1151147711214807e-40
42	2.2892000000000015	0.99999771080262012
42	2.3568000000000016	2.2891946048197978e-06
42	2.3876000000000013	2.3313974632325414e-32
42	2.4244000000000017	2.7749615123751577e-12
42	2.4552000000000014	5.5607527275586568e-38
42	2.4920000000000013	2.3693405137294254e-18
42	2.5596000000000014	1.5995126841603691e-24
42	2.6272000000000015	8.8549775564429332e-31
42	2.6948000000000016	2.9083440627629046e-37
42	1000.0676	1.1102230246251565e-16
43	1.8120000000000003	0.99999818800164164
43	1.8796000000000004	1.8119965941680021e-06
43	1.9472000000000003	1.7641597648247692e-12
43	1.9896000000000009	8.1151147711214807e-40
43	2.0148000000000001	1.225942080049416e-18
43	2.1500000000000004	1.6039130511996585e-31
43	2.3220000000000005	6.8177081866123601e-25
43	2.3896000000000006	3.2560966572030333e-31
43	2.4572000000000007	6.3342182815373136e-38
44	0.89119999999999977	0.99999910880039722
44	0.95279999999999976	8.9119915086504555e-07
44	1.0143999999999997	4.5201618147455403e-13
44	1.1991999999999998	5.117980738920959e-33
44	1.2364000000000002	1.7196811591182343e-19
44	1.298	8.2251550261793951e-26
44	1.3596000000000001	2.292100565819981e-32
46	1.8516000000000004	0.99999814840171419
46	1.9192000000000005	1.8515964464126916e-06
46	1.9868000000000003	1.8393757855245624e-12
46	2.0292000000000008	8.1151147711214807e-40
46	2.1896000000000004	2.1397682441032679e-32
46	2.2572000000000005	2.8190060913717016e-38
46	2.294	1.3024616306455942e-18
46	2.3616000000000001	1.0492455409636467e-24
46	2.4292000000000002	5.6838118475325677e-31
46	2.4968000000000004	1.4537804768049193e-37
47	0.93079999999999985	0.99999906920043324
47	0.99239999999999984	9.3079907627453945e-07
47	1.2143999999999999	4.9053100429878777e-13
47	1.2387999999999999	6.0452182657788721e-33
47	1.276	2.7175418446277299e-19
47	1.3375999999999999	1.0539553142112231e-25
47	1.3992	2.8324783559960407e-32
48	1.8912000000000004	0.9999981088017883
48	1.9588000000000005	1.8911962955210701e-06
48	2.0264000000000006	1.9161599570895317e-12
48	2.0688000000000009	8.1151147711214807e-40
48	2.2292000000000005	2.3116730010418934e-32
48	2.2968000000000006	3.2496498756888177e-38
48	2.3336000000000001	1.3820970819344908e-18
48	2.4012000000000002	1.1270369962248419e-24
48	2.4688000000000003	6.1881601271960909e-31
48	2.5364000000000004	1.618226052556994e-37
49	0.20800000000000002	0.99999979200002165
49	0.26960000000000001	2.0799994392320759e-07
49	0.33120000000000005	3.4444788591884116e-14
49	0.39280000000000004	5.3487816856648075e-21
49	0.45440000000000003	8.1314288076912431e-28
49	0.51600000000000001	1.2287986130041466e-34
50	0.40599999999999997	0.99999959400008254
50	0.46759999999999996	4.0599981015444418e-07
50	0.5292	1.0742754314932918e-13
50	0.59079999999999999	2.3618673352750312e-20
50	0.65239999999999998	4.6973872606128742e-27
50	0.71399999999999997	8.7930060367036617e-34
52	1.3307999999999995	0.99999866920088554
52	1.3923999999999996	1.3307981469953699e-06
52	1.4539999999999995	9.6749019326823561e-13
52	1.4783999999999999	8.1151147711214807e-40
52	1.5155999999999996	5.0948344507430418e-19
52	1.5771999999999995	2.1755104347970427e-25
52	1.6387999999999996	7.9989821159591428e-32
53	1.4535999999999996	0.99999854640105645
53	1.5171999999999997	1.453597794599751e-06
53	1.5807999999999995	1.1489236237800986e-12
53	1.6112000000000002	1.312959050936332e-39
53	1.6443999999999996	6.5510043223463027e-19
53	1.7079999999999995	3.017842218555751e-25
53	1.7715999999999996	1.1932341125407508e-31
55	0.28720000000000001	0.9999997128000413
55	0.3488	2.8719989982465787e-07
55	0.41039999999999999	5.8933415813721274e-14
55	0.47200000000000003	1.0663922433294109e-20
55	0.53360000000000007	1.8181111274257814e-27
55	0.59519999999999995	3.00368692691198e-34
56	0.44560000000000005	0.99999955440009936
56	0.5072000000000001	4.4559977399173735e-07
56	0.56880000000000008	1.2672856791677006e-13
56	0.63040000000000007	2.9513863677121182e-20
56	0.69200000000000006	6.152504262998917e-27
56	0.75360000000000005	1.1976425466124034e-33
57	1.3703999999999994	0.99999862960093888
57	1.4319999999999995	1.3703980375886053e-06
57	1.4935999999999994	1.0234131914289155e-12
57	1.518	8.1151147711214807e-40
57	1.5551999999999995	5.5241812481466483e-19
57	1.6167999999999993	2.4132610731002144e-25
57	1.6783999999999994	9.0624856225075603e-32
57	20.061599999999999	1.1102230246251565e-16
58	1.9308000000000005	0.99999806920186396
58	1.9984000000000006	1.9307961414931367e-06
58	2.1084000000000009	8.1151147711214807e-40
58	2.2688000000000006	1.8324921548996047e-32
58	2.3056000000000005	1.9945118014482927e-12
58	2.3364000000000007	3.7337742292835614e-38
58	2.3732000000000002	1.9427952341208807e-18
58	2.4408000000000003	1.2985801428071806e-24
58	2.5084000000000004	6.949480452753536e-31
58	2.5760000000000005	1.7970534578371366e-37
61	0.97039999999999971	0.99999902960047093
61	1.0319999999999998	9.7039899854771567e-07
61	1.254	5.3061405460955889e-13
61	1.2783999999999998	7.4233419510224719e-33
61	1.3156000000000001	3.0094124243877454e-19
61	1.3772	1.1953238116655795e-25
61	1.4388000000000001	3.2459379112301992e-32

[frame_wcrt_cdf]
frame_id	response_time_ms	cumulative_probability
0	0.48520000000000002	0.99999951480011773
0	0.54680000000000006	0.99999999999985245
0	0.60840000000000005	1
0	0.67000000000000004	1
0	0.73160000000000003	1
0	0.79320000000000002	1
1	1.9704000000000006	0.99999802960194129
1	2.0380000000000007	0.99999999999792566
1	2.148000000000001	0.99999999999792566
1	2.3084000000000007	0.99999999999792566
1	2.3452000000000006	1
1	2.3760000000000008	1
1	2.4128000000000003	1
1	2.4804000000000004	1
1	2.5480000000000005	1
1	2.6156000000000006	1
2	1.4931999999999996	0.99999850680111479
2	1.5567999999999997	0.99999999999879019
2	1.6203999999999996	1
2	1.6508000000000003	1
2	1.6839999999999997	1
2	1.7475999999999996	1
2	1.8111999999999997	1
3	1.0099999999999998	0.99999899000051007
3	1.232	0.9999999999992657
3	1.2935999999999999	1
3	1.3179999999999998	1
3	1.3552	1
3	1.4167999999999998	1
3	1.4783999999999999	1
4	1.5327999999999997	0.99999846720117469
4	1.5963999999999998	0.99999999999872768
4	1.6599999999999997	0.99999999999999989
4	1.6904000000000003	0.99999999999999989
4	1.7235999999999998	0.99999999999999989
4	1.7871999999999997	0.99999999999999989
4	1.8507999999999998	0.99999999999999989
4	100.06359999999999	1
5	0.24760000000000001	0.99999975240003069
5	0.30920000000000003	0.99999999999995415
5	0.37080000000000002	1
5	0.43240000000000001	1
5	0.49399999999999999	1
5	0.55559999999999998	1
6	0.52680000000000016	0.99999947320013882
6	0.58840000000000015	0.9999999999998288
6	0.65000000000000013	1
6	0.71160000000000023	1
6	0.77320000000000011	1
6	0.83480000000000021	1
8	0.089200000000000002	0.99999991080000405
8	0.15079999999999999	0.99999999999999056
8	0.21240000000000001	1
8	0.27400000000000002	1
8	0.33560000000000001	1
8	0.3972	1
10	0.56840000000000002	0.99999943160016147
10	0.63	0.99999999999980338
10	0.69159999999999999	0.99999999999999989
10	0.75320000000000009	0.99999999999999989
10	0.81479999999999997	0.99999999999999989
10	0.87640000000000007	0.99999999999999989
10	10.0616	1
12	1.5723999999999998	0.99999842760123625
12	1.6359999999999999	0.99999999999866385
12	1.6995999999999998	1
12	1.7300000000000004	1
12	1.7631999999999999	1
12	1.8267999999999998	1
12	1.8903999999999999	1
13	0.6080000000000001	0.99999939200018495
13	0.66960000000000008	0.99999999999977784
13	0.73120000000000007	1
13	0.79280000000000017	1
13	0.85440000000000005	1
13	0.91600000000000015	1
15	1.6119999999999999	0.99999838800129925
15	1.6756	0.99999999999859823
15	1.7391999999999999	1
15	1.7696000000000005	1
15	1.8028	1
15	1.8663999999999998	1
15	1.9299999999999999	1
16	0.1288	0.99999987120000833
16	0.19040000000000001	0.99999999999998379
16	0.252	1
16	0.31359999999999999	1
16	0.37519999999999998	1
16	0.43679999999999997	1
17	0.32679999999999998	0.99999967320005345
17	0.38839999999999997	0.9999999999999265
17	0.44999999999999996	1
17	0.51160000000000005	1
17	0.57319999999999993	1
17	0.63480000000000003	1
19	1.6536	0.9999983464013672
19	1.7212000000000001	0.99999999999852107
19	1.7887999999999999	1
19	1.8312000000000006	1
19	1.8564000000000001	1
19	1.9239999999999999	1
19	1.9916	1
21	1.2099999999999997	0.999998790000732
21	1.2715999999999998	0.99999999999919331
21	1.3331999999999997	0.99999999999999989
21	1.3575999999999997	0.99999999999999989
21	1.3947999999999998	0.99999999999999989
21	1.4563999999999997	0.99999999999999989
21	1.5179999999999998	0.99999999999999989
21	20.061599999999999	1
22	1.4099999999999995	0.999998590000994
22	1.4715999999999996	0.99999999999891909
22	1.5331999999999995	1
22	1.5576000000000001	1
22	1.5947999999999996	1
22	1.6563999999999994	1
22	1.7179999999999995	1
23	2.0100000000000007	0.99999799000202005
23	2.1876000000000011	0.99999799000202005
23	2.317200000000001	0.99999999999736244
23	2.3480000000000008	0.99999999999736244
23	2.3848000000000011	1
23	2.4156000000000009	1
23	2.4524000000000008	1
23	2.5200000000000009	1
23	2.587600000000001	1
23	2.6552000000000011	1
24	2.2272000000000012	8.1151147711214807e-40
24	2.289200000000001	0.99999771080262012
24	2.3568000000000011	0.99999999999722489
24	2.3876000000000008	0.99999999999722489
24	2.4244000000000012	0.99999999999999989
24	2.4552000000000009	0.99999999999999989
24	2.4920000000000009	0.99999999999999989
24	2.559600000000001	0.99999999999999989
24	2.6272000000000011	0.99999999999999989
24	2.6948000000000012	0.99999999999999989
24	1000.0676	1
25	0.64960000000000018	0.99999935040021104
25	0.71120000000000017	0.99999999999974909
25	0.77280000000000015	1
25	0.83440000000000025	1
25	0.89600000000000013	1
25	0.95760000000000023	1
26	0.68920000000000003	0.99999931080023763
26	0.75080000000000002	0.99999999999972022
26	0.81240000000000001	1
26	0.87400000000000011	1
26	0.93559999999999999	1
26	0.99720000000000009	1
27	0.16839999999999999	0.99999983160001427
27	0.22999999999999998	0.99999999999997558
27	0.29159999999999997	1
27	0.35320000000000001	1
27	0.4148	1
27	0.47639999999999999	1
28	0.3664	0.99999963360006727
28	0.42799999999999999	0.99999999999991041
28	0.48960000000000004	1
28	0.55120000000000002	1
28	0.61280000000000001	1
28	0.6744	1
30	1.2495999999999998	0.99999875040078079
30	1.3111999999999999	0.99999999999914235
30	1.3727999999999998	1
30	1.3971999999999998	1
30	1.4343999999999999	1
30	1.4959999999999998	1
30	1.5575999999999999	1
31	1.6932	0.99999830680143353
31	1.7608000000000001	0.99999999999845213
31	1.8284	1
31	1.8708000000000007	1
31	1.8960000000000001	1
31	1.9636	1
31	2.0312000000000001	1
32	0.73080000000000012	0.99999926920026705
32	0.7924000000000001	0.99999999999968792
32	0.85400000000000009	1
32	0.91560000000000019	1
32	0.97720000000000007	1
32	1.0388000000000002	1
33	1.7328000000000001	0.99999826720150131
33	1.8004000000000002	0.99999999999838163
33	1.8680000000000001	1
33	1.9104000000000008	1
33	1.9356000000000002	1
33	2.0032000000000001	1
33	2.0708000000000002	1
35	0.77039999999999997	0.99999922960029686
35	0.83199999999999996	0.99999999999965583
35	0.89359999999999995	1
35	0.95520000000000005	1
35	1.0167999999999999	1
35	1.0784	1
38	0.81200000000000006	0.99999918800032972
38	0.87360000000000004	0.9999999999996203
38	0.93520000000000003	1
38	0.99680000000000013	1
38	1.1200000000000001	1
38	1.2188000000000001	1
38	1.2804000000000002	1
39	1.2911999999999997	0.99999870880083364
39	1.3527999999999998	0.99999999999908695
39	1.4143999999999997	1
39	1.4387999999999996	1
39	1.4759999999999998	1
39	1.5375999999999996	1
39	1.5991999999999997	1
40	1.7724000000000002	0.99999822760157075
40	1.8400000000000003	0.99999999999830957
40	1.9076000000000002	1
40	1.9500000000000008	1
40	1.9752000000000003	1
40	2.1104000000000003	1
40	2.2824000000000004	1
40	2.3500000000000005	1
40	2.4176000000000006	1
41	0.85159999999999991	0.99999914840036275
41	0.9131999999999999	0.99999999999958511
41	0.97479999999999989	1
41	1.0364	1
41	1.1596	1
41	1.2584	1
41	1.3200000000000001	1
42	2.2272000000000016	8.1151147711214807e-40
42	2.2892000000000015	0.99999771080262012
42	2.3568000000000016	0.99999999999722489
42	2.3876000000000013	0.99999999999722489
42	2.4244000000000017	0.99999999999999989
42	2.4552000000000014	0.99999999999999989
42	2.4920000000000013	0.99999999999999989
42	2.5596000000000014	0.99999999999999989
42	2.6272000000000015	0.99999999999999989
42	2.6948000000000016	0.99999999999999989
42	1000.0676	1
43	1.8120000000000003	0.99999818800164164
43	1.8796000000000004	0.99999999999823586
43	1.9472000000000003	1
43	1.9896000000000009	1
43	2.0148000000000001	1
43	2.1500000000000004	1
43	2.3220000000000005	1
43	2.3896000000000006	1
43	2.4572000000000007	1
44	0.89119999999999977	0.99999910880039722
44	0.95279999999999976	0.99999999999954803
44	1.0143999999999997	1
44	1.1991999999999998	1
44	1.2364000000000002	1
44	1.298	1
44	1.3596000000000001	1
46	1.8516000000000004	0.99999814840171419
46	1.9192000000000005	0.99999999999816058
46	1.9868000000000003	1
46	2.0292000000000008	1
46	2.1896000000000004	1
46	2.2572000000000005	1
46	2.294	1
46	2.3616000000000001	1
46	2.4292000000000002	1
46	2.4968000000000004	1
47	0.93079999999999985	0.99999906920043324
47	0.99239999999999984	0.9999999999995095
47	1.2143999999999999	1
47	1.2387999999999999	1
47	1.276	1
47	1.3375999999999999	1
47	1.3992	1
48	1.8912000000000004	0.9999981088017883
48	1.9588000000000005	0.99999999999808387
48	2.0264000000000006	1
48	2.0688000000000009	1
48	2.2292000000000005	1
48	2.2968000000000006	1
48	2.3336000000000001	1
48	2.4012000000000002	1
48	2.4688000000000003	1
48	2.5364000000000004	1
49	0.20800000000000002	0.99999979200002165
49	0.26960000000000001	0.99999999999996558
49	0.33120000000000005	1
49	0.39280000000000004	1
49	0.45440000000000003	1
49	0.51600000000000001	1
50	0.40599999999999997	0.99999959400008254
50	0.46759999999999996	0.99999999999989264
50	0.5292	1
50	0.59079999999999999	1
50	0.65239999999999998	1
50	0.71399999999999997	1
52	1.3307999999999995	0.99999866920088554
52	1.3923999999999996	0.99999999999903255
52	1.4539999999999995	1
52	1.4783999999999999	1
52	1.5155999999999996	1
52	1.5771999999999995	1
52	1.6387999999999996	1
53	1.4535999999999996	0.99999854640105645
53	1.5171999999999997	0.99999999999885103
53	1.5807999999999995	1
53	1.6112000000000002	1
53	1.6443999999999996	1
53	1.7079999999999995	1
53	1.7715999999999996	1
55	0.28720000000000001	0.9999997128000413
55	0.3488	0.99999999999994116
55	0.41039999999999999	1
55	0.47200000000000003	1
55	0.53360000000000007	1
55	0.59519999999999995	1
56	0.44560000000000005	0.99999955440009936
56	0.5072000000000001	0.99999999999987332
56	0.56880000000000008	1
56	0.63040000000000007	1
56	0.69200000000000006	1
56	0.75360000000000005	1
57	1.3703999999999994	0.99999862960093888
57	1.4319999999999995	0.99999999999897649
57	1.4935999999999994	0.99999999999999989
57	1.518	0.99999999999999989
57	1.5551999999999995	0.99999999999999989
57	1.6167999999999993	0.99999999999999989
57	1.6783999999999994	0.99999999999999989
57	20.061599999999999	1
58	1.9308000000000005	0.99999806920186396
58	1.9984000000000006	0.99999999999800548
58	2.1084000000000009	0.99999999999800548
58	2.2688000000000006	0.99999999999800548
58	2.3056000000000005	1
58	2.3364000000000007	1
58	2.3732000000000002	1
58	2.4408000000000003	1
58	2.5084000000000004	1
58	2.5760000000000005	1
61	0.97039999999999971	0.99999902960047093
61	1.0319999999999998	0.99999999999946954
61	1.254	1
61	1.2783999999999998	1
61	1.3156000000000001	1
61	1.3772	1
61	1.4388000000000001	1

[frame_distribution_quantiles]
frame_id	retry_q50	retry_q90	retry_q95	retry_q99	wcrt_q50_ms	wcrt_q90_ms	wcrt_q95_ms	wcrt_q99_ms
0	0	0	0	0	0.48520000000000002	0.48520000000000002	0.48520000000000002	0.48520000000000002
1	0	0	0	0	1.9704000000000006	1.9704000000000006	1.9704000000000006	1.9704000000000006
2	0	0	0	0	1.4931999999999996	1.4931999999999996	1.4931999999999996	1.4931999999999996
3	0	0	0	0	1.0099999999999998	1.0099999999999998	1.0099999999999998	1.0099999999999998
4	0	0	0	0	1.5327999999999997	1.5327999999999997	1.5327999999999997	1.5327999999999997
5	0	0	0	0	0.24760000000000001	0.24760000000000001	0.24760000000000001	0.24760000000000001
6	0	0	0	0	0.52680000000000016	0.52680000000000016	0.52680000000000016	0.52680000000000016
8	0	0	0	0	0.089200000000000002	0.089200000000000002	0.089200000000000002	0.089200000000000002
10	0	0	0	0	0.56840000000000002	0.56840000000000002	0.56840000000000002	0.56840000000000002
12	0	0	0	0	1.5723999999999998	1.5723999999999998	1.5723999999999998	1.5723999999999998
13	0	0	0	0	0.6080000000000001	0.6080000000000001	0.6080000000000001	0.6080000000000001
15	0	0	0	0	1.6119999999999999	1.6119999999999999	1.6119999999999999	1.6119999999999999
16	0	0	0	0	0.1288	0.1288	0.1288	0.1288
17	0	0	0	0	0.32679999999999998	0.32679999999999998	0.32679999999999998	0.32679999999999998
19	0	0	0	0	1.6536	1.6536	1.6536	1.6536
21	0	0	0	0	1.2099999999999997	1.2099999999999997	1.2099999999999997	1.2099999999999997
22	0	0	0	0	1.4099999999999995	1.4099999999999995	1.4099999999999995	1.4099999999999995
23	0	0	0	0	2.0100000000000007	2.0100000000000007	2.0100000000000007	2.0100000000000007
24	0	0	0	0	2.289200000000001	2.289200000000001	2.289200000000001	2.289200000000001
25	0	0	0	0	0.64960000000000018	0.64960000000000018	0.64960000000000018	0.64960000000000018
26	0	0	0	0	0.68920000000000003	0.68920000000000003	0.68920000000000003	0.68920000000000003
27	0	0	0	0	0.16839999999999999	0.16839999999999999	0.16839999999999999	0.16839999999999999
28	0	0	0	0	0.3664	0.3664	0.3664	0.3664
30	0	0	0	0	1.2495999999999998	1.2495999999999998	1.2495999999999998	1.2495999999999998
31	0	0	0	0	1.6932	1.6932	1.6932	1.6932
32	0	0	0	0	0.73080000000000012	0.73080000000000012	0.73080000000000012	0.73080000000000012
33	0	0	0	0	1.7328000000000001	1.7328000000000001	1.7328000000000001	1.7328000000000001
35	0	0	0	0	0.77039999999999997	0.77039999999999997	0.77039999999999997	0.77039999999999997
38	0	0	0	0	0.81200000000000006	0.81200000000000006	0.81200000000000006	0.81200000000000006
39	0	0	0	0	1.2911999999999997	1.2911999999999997	1.2911999999999997	1.2911999999999997
40	0	0	0	0	1.7724000000000002	1.7724000000000002	1.7724000000000002	1.7724000000000002
41	0	0	0	0	0.85159999999999991	0.85159999999999991	0.85159999999999991	0.85159999999999991
42	0	0	0	0	2.2892000000000015	2.2892000000000015	2.2892000000000015	2.2892000000000015
43	0	0	0	0	1.8120000000000003	1.8120000000000003	1.8120000000000003	1.8120000000000003
44	0	0	0	0	0.89119999999999977	0.89119999999999977	0.89119999999999977	0.89119999999999977
46	0	0	0	0	1.8516000000000004	1.8516000000000004	1.8516000000000004	1.8516000000000004
47	0	0	0	0	0.93079999999999985	0.93079999999999985	0.93079999999999985	0.93079999999999985
48	0	0	0	0	1.8912000000000004	1.8912000000000004	1.8912000000000004	1.8912000000000004
49	0	0	0	0	0.20800000000000002	0.20800000000000002	0.20800000000000002	0.20800000000000002
50	0	0	0	0	0.40599999999999997	0.40599999999999997	0.40599999999999997	0.40599999999999997
52	0	0	0	0	1.3307999999999995	1.3307999999999995	1.3307999999999995	1.3307999999999995
53	0	0	0	0	1.4535999999999996	1.4535999999999996	1.4535999999999996	1.4535999999999996
55	0	0	0	0	0.28720000000000001	0.28720000000000001	0.28720000000000001	0.28720000000000001
56	0	0	0	0	0.44560000000000005	0.44560000000000005	0.44560000000000005	0.44560000000000005
57	0	0	0	0	1.3703999999999994	1.3703999999999994	1.3703999999999994	1.3703999999999994
58	0	0	0	0	1.9308000000000005	1.9308000000000005	1.9308000000000005	1.9308000000000005
61	0	0	0	0	0.97039999999999971	0.97039999999999971	0.97039999999999971	0.97039999999999971

[signal_summary]
code	frame_id	period_ms	level	type	p_timeout	expected_wcrt_ms	wcrt_p95_ms	threshold_wcrt_ms	expected_retry_count	p_threshold
17566585	10	10	0	0	1.1102230246251565e-16	0.56840003501344327	0.56840000000000002	0.56840000000000002	5.6840003567957628e-07	1
23990410	38	10	2	0	0	0.81200005001920317	0.81200000000000006	0.93520000000000003	8.1200005001920265e-07	2.7777777777777779e-13
68303935	25	10	0	0	0	0.64960004001536265	0.64960000000000018	0.64960000000000018	6.4960004001536267e-07	1
112037232	43	100	0	0	0	1.8120001224912086	1.8120000000000003	1.8120000000000003	1.8120001224912096e-06	1
192747092	57	20	3	0	1.1102230246251565e-16	1.3704000844166466	1.3703999999999994	1.4935999999999994	1.3704000850827793e-06	5.5555555555555561e-14
207079047	44	10	0	0	0	0.8912000548979232	0.89119999999999977	0.89119999999999977	8.912000548979244e-07	1
395129126	28	10	0	0	0	0.36640002257024146	0.3664	0.3664	3.6640002257024098e-07	1
399845003	55	2	0	0	0	0.28720001769152109	0.28720000000000001	0.28720000000000001	2.8720001769152144e-07	1
499858843	6	20	2	0	0	0.52680003245088214	0.52680000000000016	0.58840000000000015	5.2680003245088283e-07	5.5555555555555559e-13
540882193	17	5	0	0	0	0.32680002013088122	0.32679999999999998	0.32679999999999998	3.2680002013088126e-07	1
622610627	21	20	0	0	1.1102230246251565e-16	1.2100000745360064	1.2099999999999997	1.2099999999999997	1.2100000752021377e-06	1
648228515	33	100	0	0	0	1.732800117137288	1.7328000000000001	1.7328000000000001	1.7328001171372857e-06	1
656504429	22	50	0	0	0	1.410000086856005	1.4099999999999995	1.4099999999999995	1.4100000868560044e-06	1
690241632	50	5	0	0	0	0.40600002500960158	0.40599999999999997	0.40599999999999997	4.0600002500960132e-07	1
755330079	6	20	0	0	0	0.52680003245088214	0.52680000000000016	0.52680000000000016	5.2680003245088283e-07	1
788815000	57	20	0	0	1.1102230246251565e-16	1.3704000844166466	1.3703999999999994	1.3703999999999994	1.3704000850827793e-06	1
793433979	27	1	1	0	0	0.16840001037344066	0.16839999999999999	0.22999999999999998	1.6840001037344066e-07	2.7777777777777774e-14
794178244	46	100	0	0	0	1.8516001251681689	1.8516000000000004	1.8516000000000004	1.85160012516817e-06	1
839988974	0	20	0	0	0	0.48520002988832189	0.48520000000000002	0.48520000000000002	4.8520002988832223e-07	1
875425011	52	20	0	0	0	1.3308000819772845	1.3307999999999995	1.3307999999999995	1.3308000819772848e-06	1
987160486	44	10	0	0	0	0.8912000548979232	0.89119999999999977	0.89119999999999977	8.912000548979244e-07	1
1000734434	41	10	0	0	0	0.85160005245856329	0.85159999999999991	0.85159999999999991	8.5160005245856353e-07	1
1002041712	48	100	0	0	0	1.8912001278451289	1.8912000000000004	1.8912000000000004	1.8912001278451304e-06	1
1062303655	35	10	1	0	0	0.77040004745664303	0.77039999999999997	0.89359999999999995	7.7040004745664237e-07	2.7777777777777779e-13
1072594180	0	10	0	0	0	0.48520002988832189	0.48520000000000002	0.48520000000000002	4.8520002988832223e-07	1
1082896437	56	5	0	0	0	0.44560002744896182	0.44560000000000005	0.44560000000000005	4.4560002744896173e-07	1
1125677782	6	20	2	0	0	0.52680003245088214	0.52680000000000016	0.58840000000000015	5.2680003245088283e-07	5.5555555555555559e-13
1154315462	3	20	0	0	0	1.0100002242199317	1.0099999999999998	1.0099999999999998	1.0100002242199309e-06	1
1181352755	39	20	0	0	0	1.2912000795379246	1.2911999999999997	1.2911999999999997	1.2912000795379258e-06	1
1244759218	26	20	0	0	0	0.68920004245472277	0.68920000000000003	0.68920000000000003	6.892000424547227e-07	1
1289965545	6	10	0	0	0	0.52680003245088214	0.52680000000000016	0.52680000000000016	5.2680003245088283e-07	1
1309153723	57	20	0	0	1.1102230246251565e-16	1.3704000844166466	1.3703999999999994	1.3703999999999994	1.3704000850827793e-06	1
1350338709	3	20	0	0	0	1.0100002242199317	1.0099999999999998	1.0099999999999998	1.0100002242199309e-06	1
1356446203	13	20	1	0	0	0.60800003745280251	0.6080000000000001	0.66960000000000008	6.0800003745280229e-07	5.5555555555555559e-13
1393590699	28	5	0	0	0	0.36640002257024146	0.3664	0.3664	3.6640002257024098e-07	1
1419908638	47	10	0	0	0	0.93080005733736215	0.93079999999999985	0.93079999999999985	9.3080005733736332e-07	1
1428189939	44	10	2	0	0	0.8912000548979232	0.89119999999999977	1.0143999999999997	8.912000548979244e-07	2.7777777777777779e-13
1486723789	10	20	0	0	1.1102230246251565e-16	0.56840003501344327	0.56840000000000002	0.56840000000000002	5.6840003567957628e-07	1
1562328567	41	20	0	0	0	0.85160005245856329	0.85159999999999991	0.85159999999999991	8.5160005245856353e-07	1
1601949728	42	1000	0	0	1.1102230246251565e-16	2.2892001547500427	2.2892000000000015	2.2272000000000016	2.2892001555270864e-06	1
1617624346	19	100	0	0	0	1.6536001117833676	1.6536	1.6536	1.6536001117833676e-06	1
1688313060	44	20	1	0	0	0.8912000548979232	0.89119999999999977	0.95279999999999976	8.912000548979244e-07	5.5555555555555559e-13
1694438904	57	20	1	0	1.1102230246251565e-16	1.3704000844166466	1.3703999999999994	1.4935999999999994	1.3704000850827793e-06	5.5555555555555559e-13
1713503435	8	2	2	0	0	0.089200005494720347	0.089200000000000002	0.15079999999999999	8.9200005494720442e-08	5.5555555555555549e-14
1752189102	39	20	0	0	0	1.2912000795379246	1.2911999999999997	1.2911999999999997	1.2912000795379258e-06	1
1754292871	8	1	0	0	0	0.089200005494720347	0.089200000000000002	0.089200000000000002	8.9200005494720442e-08	1
1782793359	58	100	0	0	0	1.930800130522567	1.9308000000000005	1.9308000000000005	1.9308001305225681e-06	1
1793879474	35	10	0	0	0	0.77040004745664303	0.77039999999999997	0.77039999999999997	7.7040004745664237e-07	1
1818125811	26	10	0	0	0	0.68920004245472277	0.68920000000000003	0.68920000000000003	6.892000424547227e-07	1
1883303538	35	10	1	0	0	0.77040004745664303	0.77039999999999997	0.89359999999999995	7.7040004745664237e-07	2.7777777777777779e-13
1958666457	10	10	0	0	1.1102230246251565e-16	0.56840003501344327	0.56840000000000002	0.56840000000000002	5.6840003567957628e-07	1
1993417286	26	10	0	0	0	0.68920004245472277	0.68920000000000003	0.68920000000000003	6.892000424547227e-07	1
1999386804	19	100	1	0	0	1.6536001117833676	1.6536	1.7212000000000001	1.6536001117833676e-06	2.7777777777777777e-12
2036860945	40	100	0	0	0	1.7724001198142483	1.7724000000000002	1.7724000000000002	1.7724001198142465e-06	1
2068361620	47	10	0	0	0	0.93080005733736215	0.93079999999999985	0.93079999999999985	9.3080005733736332e-07	1
2076667128	39	20	0	0	0	1.2912000795379246	1.2911999999999997	1.2911999999999997	1.2912000795379258e-06	1
2097183021	39	20	2	0	0	1.2912000795379246	1.2911999999999997	1.4143999999999997	1.2912000795379258e-06	5.5555555555555559e-13
2247474150	44	10	0	0	0	0.8912000548979232	0.89119999999999977	0.89119999999999977	8.912000548979244e-07	1
2272849596	47	10	2	0	0	0.93080005733736215	0.93079999999999985	1.2143999999999999	9.3080005733736332e-07	2.7777777777777779e-13
2279458354	5	2	0	0	0	0.24760001525216097	0.24760000000000001	0.24760000000000001	2.476000152521612e-07	1
2309061738	1	1000	0	0	0	1.9704001331995467	1.9704000000000006	1.9704000000000006	1.9704001331995455e-06	1
2333186871	15	100	0	0	0	1.6120001025232065	1.6119999999999999	1.6119999999999999	1.6120001025232073e-06	1
2334980963	0	20	0	0	0	0.48520002988832189	0.48520000000000002	0.48520000000000002	4.8520002988832223e-07	1
2367133318	30	20	0	0	0	1.2496000769753646	1.2495999999999998	1.2495999999999998	1.2496000769753645e-06	1
2388246676	25	10	1	0	0	0.64960004001536265	0.64960000000000018	0.71120000000000017	6.4960004001536267e-07	2.7777777777777779e-13
2394241391	35	10	0	0	0	0.77040004745664303	0.77039999999999997	0.77039999999999997	7.7040004745664237e-07	1
2420806978	2	100	0	0	0	1.4932000949675257	1.4931999999999996	1.4931999999999996	1.4932000949675241e-06	1
2461269860	24	1000	0	0	1.1102230246251565e-16	2.2892001547500422	2.289200000000001	2.2272000000000012	2.289200155527086e-06	1
2521578422	13	10	0	0	0	0.60800003745280251	0.6080000000000001	0.6080000000000001	6.0800003745280229e-07	1
2523998913	53	50	0	0	0	1.4536000924489656	1.4535999999999996	1.4535999999999996	1.4536000924489639e-06	1
2535669436	53	100	0	0	0	1.4536000924489656	1.4535999999999996	1.4535999999999996	1.4536000924489639e-06	1
2552638503	41	20	2	0	0	0.85160005245856329	0.85159999999999991	0.9131999999999999	8.5160005245856353e-07	5.5555555555555559e-13
2575343019	12	100	0	0	0	1.5724001000046461	1.5723999999999998	1.5723999999999998	1.5724001000046461e-06	1
2645356901	48	100	2	0	0	1.8912001278451289	1.8912000000000004	1.9588000000000005	1.8912001278451304e-06	2.7777777777777777e-12
2646330322	61	10	0	0	0	0.97040005977672861	0.97039999999999971	0.97039999999999971	9.7040005977672769e-07	1
2677061369	26	20	3	0	0	0.68920004245472277	0.68920000000000003	0.81240000000000001	6.892000424547227e-07	5.5555555555555561e-14
2693358612	52	20	0	0	0	1.3308000819772845	1.3307999999999995	1.3307999999999995	1.3308000819772848e-06	1
2788940750	32	20	1	0	0	0.73080004501728291	0.73080000000000012	0.7924000000000001	7.3080004501728255e-07	5.5555555555555559e-13
2822374128	52	20	0	0	0	1.3308000819772845	1.3307999999999995	1.3307999999999995	1.3308000819772848e-06	1
2879930998	30	20	0	0	0	1.2496000769753646	1.2495999999999998	1.2495999999999998	1.2496000769753645e-06	1
2914679926	53	100	0	0	0	1.4536000924489656	1.4535999999999996	1.4535999999999996	1.4536000924489639e-06	1
2953476949	61	10	0	0	0	0.97040005977672861	0.97039999999999971	0.97039999999999971	9.7040005977672769e-07	1
2957203346	12	100	0	0	0	1.5724001000046461	1.5723999999999998	1.5723999999999998	1.5724001000046461e-06	1
2987342558	22	100	2	0	0	1.410000086856005	1.4099999999999995	1.4715999999999996	1.4100000868560044e-06	2.7777777777777777e-12
3052708180	25	20	0	0	0	0.64960004001536265	0.64960000000000018	0.64960000000000018	6.4960004001536267e-07	1
3078460345	2	100	2	0	0	1.4932000949675257	1.4931999999999996	1.5567999999999997	1.4932000949675241e-06	2.7777777777777777e-12
3091474390	8	1	3	0	0	0.089200005494720347	0.089200000000000002	0.21240000000000001	8.9200005494720442e-08	2.7777777777777776e-15
3194267643	6	20	0	0	0	0.52680003245088214	0.52680000000000016	0.52680000000000016	5.2680003245088283e-07	1
3247544659	25	10	0	0	0	0.64960004001536265	0.64960000000000018	0.64960000000000018	6.4960004001536267e-07	1
3261788141	32	20	0	0	0	0.73080004501728291	0.73080000000000012	0.73080000000000012	7.3080004501728255e-07	1
3318265195	38	10	0	0	0	0.81200005001920317	0.81200000000000006	0.81200000000000006	8.1200005001920265e-07	1
3325305210	50	10	0	1	0	0.40600002500960158	0.40599999999999997	0.40599999999999997	4.0600002500960132e-07	1
3339009332	31	100	0	0	0	1.6932001144603277	1.6932	1.6932	1.693200114460328e-06	1
3341345280	48	100	0	0	0	1.8912001278451289	1.8912000000000004	1.8912000000000004	1.8912001278451304e-06	1
3341673932	40	100	2	0	0	1.7724001198142483	1.7724000000000002	1.8400000000000003	1.7724001198142465e-06	2.7777777777777777e-12
3352192368	31	100	0	0	0	1.6932001144603277	1.6932	1.6932	1.693200114460328e-06	1
3407093131	1	1000	0	0	0	1.9704001331995467	1.9704000000000006	1.9704000000000006	1.9704001331995455e-06	1
3424256549	4	100	0	0	1.1102230246251565e-16	1.5328000974860969	1.5327999999999997	1.5327999999999997	1.5328000981522185e-06	1
3434129220	32	10	0	0	0	0.73080004501728291	0.73080000000000012	0.73080000000000012	7.3080004501728255e-07	1
3444972425	32	10	1	0	0	0.73080004501728291	0.73080000000000012	0.85400000000000009	7.3080004501728255e-07	2.7777777777777779e-13
3450582752	38	10	0	0	0	0.81200005001920317	0.81200000000000006	0.81200000000000006	8.1200005001920265e-07	1
3546840938	8	2	3	0	0	0.089200005494720347	0.089200000000000002	0.21240000000000001	8.9200005494720442e-08	5.5555555555555552e-15
3547838476	10	10	0	0	1.1102230246251565e-16	0.56840003501344327	0.56840000000000002	0.56840000000000002	5.6840003567957628e-07	1
3574104963	19	100	0	0	0	1.6536001117833676	1.6536	1.6536	1.6536001117833676e-06	1
3660690293	23	1000	3	0	0	2.0100006174715586	2.0100000000000007	2.317200000000001	2.0100006174715587e-06	2.7777777777777777e-12
3667826740	28	10	0	0	0	0.36640002257024146	0.3664	0.3664	3.6640002257024098e-07	1
3723345167	16	1	1	0	0	0.12880000793408047	0.1288	0.19040000000000001	1.2880000793408066e-07	2.7777777777777774e-14
3742694814	32	10	0	0	0	0.73080004501728291	0.73080000000000012	0.73080000000000012	7.3080004501728255e-07	1
3750439839	31	100	0	0	0	1.6932001144603277	1.6932	1.6932	1.693200114460328e-06	1
3767368877	24	1000	0	0	1.1102230246251565e-16	2.2892001547500422	2.289200000000001	2.2272000000000012	2.289200155527086e-06	1
3780599488	32	10	0	0	0	0.73080004501728291	0.73080000000000012	0.73080000000000012	7.3080004501728255e-07	1
3821142712	49	1	3	0	0	0.20800001281280081	0.20800000000000002	0.33120000000000005	2.080000128128008e-07	2.7777777777777776e-15
3823498486	38	10	0	0	0	0.81200005001920317	0.81200000000000006	0.81200000000000006	8.1200005001920265e-07	1
3892319425	38	10	0	0	0	0.81200005001920317	0.81200000000000006	0.81200000000000006	8.1200005001920265e-07	1
4004603749	0	20	0	0	0	0.48520002988832189	0.48520000000000002	0.48520000000000002	4.8520002988832223e-07	1
4026116061	32	20	1	0	0	0.73080004501728291	0.73080000000000012	0.7924000000000001	7.3080004501728255e-07	5.5555555555555559e-13
4050102117	25	20	0	0	0	0.64960004001536265	0.64960000000000018	0.64960000000000018	6.4960004001536267e-07	1
4123672355	38	20	0	0	0	0.81200005001920317	0.81200000000000006	0.81200000000000006	8.1200005001920265e-07	1
4164476846	0	20	0	0	0	0.48520002988832189	0.48520000000000002	0.48520000000000002	4.8520002988832223e-07	1
4279313614	53	50	0	0	0	1.4536000924489656	1.4535999999999996	1.4535999999999996	1.4536000924489639e-06	1
