base_bandwidth_utilization	0.25680959999999997
expected_bandwidth_utilization	0.25680969033851381

rounded_expected_bandwidth_utilization	0.51361919999999972

bandwidth_utilization_p99	0.25680959999999986

[frame_summary]
frame_id	priority	period_ms	deadline_ms	trans_time_ms	expected_retry_count	expected_tx_count	rounded_expected_retry_count	rounded_expected_tx_count	retry_p99	tx_count_p99	expected_wcrt_ms	p_timeout	wcrt_p95_ms
0	6	10	10	0.039600000000000003	3.288000202540813e-07	1.0000003288000203	1	2	0	1	0.32880002025408123	0	0.32879999999999998
3	40	1000	1000	0.039600000000000003	1.8516001251681696e-06	1.0000018516001252	1	2	0	1	1.8516001251681691	0	1.8516000000000004
4	7	10	10	0.039600000000000003	3.6840002269344143e-07	1.0000003684000227	1	2	0	1	0.36840002269344146	0	0.36840000000000001
5	29	100	100	0.039600000000000003	1.4140000899304051e-06	1.0000014140000899	1	2	0	1	1.414000089930405	0	1.4139999999999993
7	8	10	10	0.039600000000000003	4.0800002513280173e-07	1.0000004080000251	1	2	0	1	0.40800002513280159	0	0.40800000000000003
8	23	20	20	0.039600000000000003	1.0160002262180657e-06	1.0000010160002262	1	2	0	1	1.0160002255519347	1.1102230246251565e-16	1.0159999999999998
9	41	1000	1000	0.039600000000000003	1.8912001278451294e-06	1.0000018912001278	1	2	0	1	1.8912001278451289	0	1.8912000000000004
10	9	10	10	0.039600000000000003	4.476000275721616e-07	1.0000004476000275	1	2	0	1	0.44760002757216183	0	0.44760000000000005
11	30	100	100	0.039600000000000003	1.4536000924489635e-06	1.0000014536000925	1	2	0	1	1.4536000924489656	0	1.4535999999999996
12	26	50	50	0.039600000000000003	1.2932000822475255e-06	1.0000012932000824	1	2	0	1	1.2932000822475249	0	1.2931999999999997
13	10	10	10	0.041599999999999998	4.8920003013472219e-07	1.00000048920003	1	2	0	1	0.48920003013472196	0	0.48920000000000008
14	24	20	20	0.039600000000000003	1.2140000772104035e-06	1.0000012140000771	1	2	0	1	1.2140000772104047	0	1.214
15	11	10	10	0.039600000000000003	5.2880003257408265e-07	1.0000005288000327	1	2	0	1	0.52880003257408204	0	0.52880000000000016
17	31	100	100	0.039600000000000003	1.4932000949675247e-06	1.0000014932000949	1	2	0	1	1.4932000949675257	0	1.4931999999999996
18	12	10	10	0.039600000000000003	5.6840003501344268e-07	1.000000568400035	1	2	0	1	0.56840003501344216	0	0.56840000000000002
19	32	100	100	0.039600000000000003	1.5328000974860849e-06	1.0000015328000975	1	2	0	1	1.532800097486086	0	1.5327999999999997
20	0	1	1	0.039600000000000003	8.7200005197120374e-08	1.0000000872000052	1	2	0	1	0.087200005197120331	0	0.0872
22	13	10	10	0.041599999999999998	6.1000003757600232e-07	1.0000006100000376	1	2	0	1	0.61000003757600252	0	0.6100000000000001
23	33	100	100	0.039600000000000003	1.5724001000046461e-06	1.0000015724000999	1	2	0	1	1.5724001000046461	0	1.5723999999999998
24	14	10	10	0.039600000000000003	6.4960004001536161e-07	1.00000064960004	1	2	0	1	0.64960004001536242	0	0.64959999999999996
28	42	1000	1000	0.039600000000000003	1.9308001305224064e-06	1.0000019308001304	1	2	0	1	1.9308001305224054	0	1.9308000000000005
30	1	1	1	0.039600000000000003	1.2680000755728044e-07	1.0000001268000076	1	2	0	1	0.12680000755728044	0	0.1268
31	15	10	10	0.039600000000000003	6.892000424547227e-07	1.0000006892000424	1	2	0	1	0.68920004245472277	0	0.68920000000000003
33	27	50	50	0.039600000000000003	1.3328000847660836e-06	1.0000013328000847	1	2	0	1	1.3328000847660848	0	1.3327999999999993
34	34	100	100	0.047600000000000003	1.6140001091064077e-06	1.0000016140001091	1	2	0	1	1.6140001091064076	0	1.6139999999999999
35	16	10	10	0.039600000000000003	7.2880004489408263e-07	1.000000728800045	1	2	0	1	0.72880004489408279	0	0.72879999999999989
37	43	1000	1000	0.039600000000000003	1.9704001331993795e-06	1.0000019704001333	1	2	0	1	1.9704001331993781	0	1.9704000000000006
38	17	10	10	0.041599999999999998	7.704000481227765e-07	1.0000007704000482	1	2	0	1	0.77040004745664403	1.1102230246251565e-16	0.77039999999999997
39	35	100	100	0.039600000000000003	1.6536001117833678e-06	1.0000016536001117	1	2	0	1	1.6536001117833676	0	1.6536
40	2	1	1	0.039600000000000003	1.6640000991744056e-07	1.00000016640001	1	2	0	1	0.16640000991744061	0	0.16639999999999999
41	25	20	20	0.039600000000000003	1.2536000797289643e-06	1.0000012536000797	1	2	0	1	1.2536000797289648	0	1.2535999999999996
42	4	5	5	0.041599999999999998	2.4760001525216131e-07	1.0000002476000152	1	2	0	1	0.24760001525216097	0	0.24760000000000001
46	44	1000	1000	0.039600000000000003	2.0100004542597113e-06	1.0000020100004543	1	2	0	1	2.0100004542597114	0	2.0100000000000007
47	45	1000	1000	0.039600000000000003	2.0100004542597109e-06	1.0000020100004543	1	2	0	1	2.0100004542597114	0	2.0100000000000007
49	28	50	50	0.041599999999999998	1.3744000874118449e-06	1.0000013744000875	1	2	0	1	1.3744000874118449	0	1.3743999999999994
50	18	10	10	0.041599999999999998	8.1200005001920265e-07	1.0000008120000501	1	2	0	1	0.81200005001920295	0	0.81199999999999983
51	19	10	10	0.0436	8.556000544161638e-07	1.0000008556000544	1	2	0	1	0.85560005441616349	0	0.85559999999999992
53	36	100	100	0.039600000000000003	1.6932001144603299e-06	1.0000016932001146	1	2	0	1	1.6932001144603277	0	1.6932
54	20	10	10	0.039600000000000003	8.9520005693472406e-07	1.000000895200057	1	2	0	1	0.89520005693472349	0	0.89519999999999977
56	37	100	100	0.039600000000000003	1.7328001171372882e-06	1.0000017328001172	1	2	0	1	1.732800117137288	0	1.7328000000000001
57	21	10	10	0.041599999999999998	9.3680005958056377e-07	1.0000009368000595	1	2	0	1	0.93680005958056256	0	0.93679999999999986
58	38	100	100	0.039600000000000003	1.7724001198142478e-06	1.0000017724001198	1	2	0	1	1.7724001198142485	0	1.7724000000000002
59	22	10	10	0.039600000000000003	9.7640021676073958e-07	1.0000009764002167	1	2	0	1	0.97640021676073785	0	0.97639999999999971
60	39	100	100	0.041599999999999998	1.8120001224912099e-06	1.0000018120001224	1	2	0	1	1.8120001224912086	0	1.8120000000000003
61	3	1	1	0.039600000000000003	2.0600001227760079e-07	1.0000002060000124	1	2	0	1	0.20600001227760073	0	0.20600000000000002
62	5	5	5	0.041599999999999998	2.8920001781472153e-07	1.0000002892000177	1	2	0	1	0.2892000178147211	0	0.28920000000000001

[frame_retry_distribution]
frame_id	retry_count	probability
0	0	0.99999967120005406
0	1	3.2879987163650512e-07
0	2	7.4308766412430109e-14
0	3	1.4455408383700375e-20
0	4	2.6072156207387494e-27
0	5	4.5057028792792569e-34
3	0	0.9999981484017143
3	1	1.8515964464126912e-06
3	2	1.8393757855245669e-12
3	3	1.3024617364054843e-18
3	4	9.4348574031563266e-25
3	5	5.0172464467961776e-31
3	6	1.5469228553874651e-37
4	0	0.99999963160006788
4	1	3.6839984158803409e-07
4	2	9.055267548429391e-14
4	3	1.8790246341232876e-20
4	4	3.567054043681706e-27
4	5	6.4261746262912705e-34
5	0	0.99999858600099978
5	1	1.413997910675143e-06
5	2	1.0896267206660027e-12
5	3	6.0693096242307513e-19
5	4	2.7361379306597632e-25
5	5	1.0603739273399613e-31
7	0	0.99999959200008326
7	1	4.0799980840324517e-07
7	2	1.0836474243663378e-13
7	3	2.3895990954452407e-20
7	4	4.7640741145168833e-27
7	5	8.9357444930451118e-34
8	0	0.99999898400051612
8	1	1.0159987421927779e-06
8	2	7.4167903462994124e-13
8	3	3.61582391700715e-19
8	4	1.4226680336371243e-25
8	5	4.848043809889957e-32
8	6	1.1102230246251565e-16
9	0	0.9999981088017883
9	1	1.891196295521069e-06
9	2	1.9161599570895297e-12
9	3	1.3820971941607791e-18
9	4	1.0148108031608939e-24
9	5	5.4738726434815154e-31
9	6	1.7334024645087043e-37
10	0	0.9999995524001003
10	1	4.4759977208213793e-07
10	2	1.2774496708315221e-13
10	3	2.9834741228503733e-20
10	4	6.2338585853006411e-27
10	5	1.2158397806095226e-33
11	0	0.99999854640105657
11	1	1.4535977945997506e-06
11	2	1.1489236237800978e-12
11	3	6.5510043223462921e-19
11	4	3.0178422185557464e-25
11	5	1.1932341258358078e-31
12	0	0.99999870680083625
12	1	1.2931982453874306e-06
12	2	9.1842933546204808e-13
12	3	4.7465887213904495e-19
12	4	1.9972385739010278e-25
12	5	7.2624246149417146e-32
13	0	0.99999951080011973
13	1	4.891997305487146e-07
13	2	1.4979294826677048e-13
13	3	3.7038611569300701e-20
13	4	8.1133469655125747e-27
13	5	1.6465467490059889e-33
14	0	0.99999878600073688
14	1	1.2139984489945893e-06
14	2	8.1410730811854669e-13
14	3	3.9929679416080327e-19
14	4	1.6015479091694285e-25
14	5	5.572780122158848e-32
15	0	0.99999947120013977
15	1	5.2879968779657281e-07
15	2	1.7238868760253921e-13
15	3	4.4879661115195836e-20
15	4	1.0264106750870983e-26
15	5	2.1607104583645695e-33
17	0	0.99999850680111479
17	1	1.4931976753880483e-06
17	2	1.2097886796568353e-12
17	3	7.0574884138461561e-19
17	4	3.3207187065927424e-25
17	5	1.339065029026577e-31
18	0	0.99999943160016158
18	1	5.6839964190811334e-07
18	2	1.9655258406418598e-13
18	3	5.3743149589977864e-20
18	4	1.2811368837999622e-26
18	5	2.7943575195952866e-33
19	0	0.9999984672011748
19	1	1.5327975530400319e-06
19	2	1.2722218881099123e-12
19	3	7.5893828860750701e-19
19	4	3.6458008442298354e-25
19	5	1.4987924202538386e-31
20	0	0.99999991280000389
20	1	8.7199987199041009e-08
20	2	8.9990381425983224e-15
20	3	1.0283202598001051e-21
20	4	1.2541754358217418e-28
20	5	1.5998535258010157e-35
22	0	0.99999939000018612
22	1	6.0999959032413757e-07
22	2	2.2362583603747717e-13
22	3	6.4223498021810283e-20
22	4	1.5964238127713979e-26
22	5	3.6100978118626781e-33
23	0	0.99999842760123614
23	1	1.5723974275557041e-06
23	2	1.3362232489530379e-12
23	3	8.1473087262792476e-19
23	4	3.9941466719752861e-25
23	5	1.6733850583297465e-31
24	0	0.99999935040021104
24	1	6.4959953800464345e-07
24	2	2.5100524602307065e-13
24	3	7.5377719547471071e-20
24	4	1.946966210290821e-26
24	5	4.5519864331800098e-33
28	0	0.99999806920186407
28	1	1.9307961414931367e-06
28	2	1.9945119634026569e-12
28	3	1.7808410313956789e-18
28	4	1.1364525056584444e-24
28	5	6.0316978986191326e-31
28	6	1.9378106405605573e-37
30	0	0.99999987320000805
30	1	1.2679997636448218e-07
30	2	1.5596396163286044e-14
30	3	1.9736701381796416e-21
30	4	2.5733577113989201e-28
30	5	3.440930441920735e-35
31	0	0.99999931080023763
31	1	6.8919948254883439e-07
31	2	2.799528125662432e-13
31	3	8.7743813178540809e-20
31	4	2.3518209792978844e-26
31	5	5.6792727375038028e-33
33	0	0.99999866720088826
33	1	1.3327981388793777e-06
33	2	9.7294257950279499e-13
33	3	5.1564997373643215e-19
33	4	2.2204858882609074e-25
33	5	8.248233325240845e-32
34	0	0.99999838600130264
34	1	1.6139972858998822e-06
34	2	1.4116019308237444e-12
34	3	8.8790342941558152e-19
34	4	4.4999817968565303e-25
34	5	1.952723612052041e-31
35	0	0.99999927120026566
35	1	7.2879942395670745e-07
35	2	3.1046853548069521e-13
35	3	1.0138387785031347e-19
35	4	2.8162926163643905e-26
35	5	7.0178919852056444e-33
37	0	0.99999802960194129
37	1	1.9703959843288936e-06
37	2	2.0744324234796791e-12
37	3	1.8795533994521946e-18
37	4	1.2176531089440247e-24
37	5	6.5577800385802571e-31
37	6	2.1614653879509861e-37
38	0	0.99999922960029675
38	1	7.7039935902746649e-07
38	2	3.4421441240986385e-13
38	3	1.1715295203144669e-19
38	4	3.3745137606313728e-26
38	5	8.6826868027331273e-33
38	6	1.1102230246251565e-16
39	0	0.9999983464013672
39	1	1.6535971538261295e-06
39	2	1.478977194403231e-12
39	3	9.4977673340883761e-19
39	4	4.9071980880777987e-25
39	5	2.1679881906321839e-31
40	0	0.99999983360001388
40	1	1.6639996239360422e-07
40	2	2.3761913213596612e-14
40	3	3.304787168520601e-21
40	4	4.5990000673697175e-28
40	5	6.4497184613701909e-35
41	0	0.9999987464007859
41	1	1.2535983487591669e-06
41	2	8.654842449385311e-13
41	3	4.3589517854188244e-19
41	4	1.7912289982592963e-25
41	5	6.3730189283146689e-32
42	0	0.99999975240003069
42	1	2.4759992344209223e-07
42	2	4.590502297841444e-14
42	3	7.7156154264338519e-21
42	4	1.2437125905391636e-27
42	5	1.966156771813812e-34
46	0	0.99999799000202005
46	1	2.0099955056450252e-06
46	2	2.4743043001860552e-12
46	3	2.0285547258853394e-18
46	4	1.3100358585250577e-24
46	5	7.1303329885130923e-31
46	6	2.4057541820261112e-37
47	0	0.99999799000202005
47	1	2.0099955056450248e-06
47	2	2.4743043001860552e-12
47	3	2.0285547258853386e-18
47	4	1.3100358585250564e-24
47	5	7.130332988513087e-31
47	6	2.4057541820261112e-37
49	0	0.99999862560094455
49	1	1.3743980236142205e-06
49	2	1.0318979705008432e-12
49	3	5.6117833320565111e-19
49	4	2.4745969844998411e-25
49	5	9.3960065186673843e-32
50	0	0.99999918800032972
50	1	8.1199929063710947e-07
50	2	3.7969084491295576e-13
50	3	1.3446845177511352e-19
50	4	4.0113795174656213e-26
50	5	1.7001495717187913e-32
51	0	0.99999914440036608
51	1	8.5559921353284176e-07
51	2	4.2044142678996325e-13
51	3	1.5614010397828918e-19
51	4	7.348857420503961e-26
51	5	2.478076485658098e-32
53	0	0.99999830680143353
53	1	1.6931970186160669e-06
53	2	1.5479206097793748e-12
53	3	1.0144551517912088e-18
53	4	5.3414016420556385e-25
53	5	2.4018007358979206e-31
54	0	0.99999910480040077
54	1	8.9519914168265189e-07
54	2	4.5762577212317218e-13
54	3	1.7596566422819142e-19
54	4	8.4542348304628982e-26
54	5	2.9117680056534452e-32
56	0	0.99999826720150131
56	1	1.7327968802696886e-06
56	2	1.6184321767658758e-12
56	3	1.0820007832452603e-18
56	4	5.8037575572397311e-25
56	5	2.6553331105171653e-31
57	0	0.99999906320043874
57	1	9.3679906282574982e-07
57	2	4.9837699078359555e-13
57	3	2.7746334048324856e-19
57	4	1.0869515604142195e-25
57	5	3.5899165446841295e-32
58	0	0.99999822760157087
58	1	1.7723967387870001e-06
58	2	1.6905118951764373e-12
58	3	1.1524757264436979e-18
58	4	6.2954545259025909e-25
58	5	3.9270052129920185e-31
58	6	4.8344851669382114e-38
59	0	0.99999902360047666
59	1	9.7639882988294245e-07
59	2	6.9343840488018296e-13
59	3	3.2912832923253159e-19
59	4	1.263014525287816e-25
59	5	4.2059039106130537e-32
60	0	0.99999818800164164
60	1	1.8119965941680023e-06
60	2	1.7641597648247692e-12
60	3	1.2259420800494156e-18
60	4	6.8177087402102923e-25
60	5	4.3064119992184543e-31
60	6	5.3131250842283019e-38
61	0	0.99999979400002126
61	1	2.0599994528640733e-07
61	2	3.349558910723266e-14
61	3	5.0837704170981005e-21
61	4	7.5331729185505456e-28
61	5	1.1076637453442581e-34
62	0	0.99999971080004191
62	1	2.891998985486582e-07
62	2	5.9633015407339474e-14
62	3	1.08293780668736e-20
62	4	1.8514352124638396e-27
62	5	3.0654626054048769e-34

[frame_retry_cdf]
frame_id	retry_count	cumulative_probability
0	0	0.99999967120005406
0	1	0.99999999999992573
0	2	1
0	3	1
0	4	1
0	5	1
3	0	0.9999981484017143
3	1	0.99999999999816069
3	2	1
3	3	1
3	4	1
3	5	1
3	6	1
4	0	0.99999963160006788
4	1	0.99999999999990952
4	2	1
4	3	1
4	4	1
4	5	1
5	0	0.99999858600099978
5	1	0.99999999999891043
5	2	1
5	3	1
5	4	1
5	5	1
7	0	0.99999959200008326
7	1	0.99999999999989164
7	2	1
7	3	1
7	4	1
7	5	1
8	0	0.99999898400051612
8	1	0.99999999999925826
8	2	0.99999999999999989
8	3	0.99999999999999989
8	4	0.99999999999999989
8	5	0.99999999999999989
8	6	1
9	0	0.9999981088017883
9	1	0.99999999999808387
9	2	1
9	3	1
9	4	1
9	5	1
9	6	1
10	0	0.9999995524001003
10	1	0.99999999999987244
10	2	1
10	3	1
10	4	1
10	5	1
11	0	0.99999854640105657
11	1	0.99999999999885114
11	2	1
11	3	1
11	4	1
11	5	1
12	0	0.99999870680083625
12	1	0.99999999999908162
12	2	1
12	3	1
12	4	1
12	5	1
13	0	0.99999951080011973
13	1	0.99999999999985023
13	2	1
13	3	1
13	4	1
13	5	1
14	0	0.99999878600073688
14	1	0.99999999999918587
14	2	1
14	3	1
14	4	1
14	5	1
15	0	0.99999947120013977
15	1	0.99999999999982758
15	2	1
15	3	1
15	4	1
15	5	1
17	0	0.99999850680111479
17	1	0.99999999999879019
17	2	1
17	3	1
17	4	1
17	5	1
18	0	0.99999943160016158
18	1	0.99999999999980349
18	2	1
18	3	1
18	4	1
18	5	1
19	0	0.9999984672011748
19	1	0.9999999999987278
19	2	1
19	3	1
19	4	1
19	5	1
20	0	0.99999991280000389
20	1	0.99999999999999112
20	2	1
20	3	1
20	4	1
20	5	1
22	0	0.99999939000018612
22	1	0.9999999999997764
22	2	1
22	3	1
22	4	1
22	5	1
23	0	0.99999842760123614
23	1	0.99999999999866374
23	2	1
23	3	1
23	4	1
23	5	1
24	0	0.99999935040021104
24	1	0.99999999999974909
24	2	1
24	3	1
24	4	1
24	5	1
28	0	0.99999806920186407
28	1	0.9999999999980056
28	2	1
28	3	1
28	4	1
28	5	1
28	6	1
30	0	0.99999987320000805
30	1	0.99999999999998446
30	2	1
30	3	1
30	4	1
30	5	1
31	0	0.99999931080023763
31	1	0.99999999999972022
31	2	1
31	3	1
31	4	1
31	5	1
33	0	0.99999866720088826
33	1	0.99999999999902711
33	2	1
33	3	1
33	4	1
33	5	1
34	0	0.99999838600130264
34	1	0.99999999999858857
34	2	1
34	3	1
34	4	1
34	5	1
35	0	0.99999927120026566
35	1	0.99999999999968958
35	2	1
35	3	1
35	4	1
35	5	1
37	0	0.99999802960194129
37	1	0.99999999999792566
37	2	1
37	3	1
37	4	1
37	5	1
37	6	1
38	0	0.99999922960029675
38	1	0.99999999999965572
38	2	0.99999999999999989
38	3	0.99999999999999989
38	4	0.99999999999999989
38	5	0.99999999999999989
38	6	1
39	0	0.9999983464013672
39	1	0.99999999999852107
39	2	1
39	3	1
39	4	1
39	5	1
40	0	0.99999983360001388
40	1	0.99999999999997624
40	2	1
40	3	1
40	4	1
40	5	1
41	0	0.9999987464007859
41	1	0.99999999999913469
41	2	1
41	3	1
41	4	1
41	5	1
42	0	0.99999975240003069
42	1	0.99999999999995415
42	2	1
42	3	1
42	4	1
42	5	1
46	0	0.99999799000202005
46	1	0.99999999999752565
46	2	1
46	3	1
46	4	1
46	5	1
46	6	1
47	0	0.99999799000202005
47	1	0.99999999999752565
47	2	1
47	3	1
47	4	1
47	5	1
47	6	1
49	0	0.99999862560094455
49	1	0.99999999999896816
49	2	1
49	3	1
49	4	1
49	5	1
50	0	0.99999918800032972
50	1	0.9999999999996203
50	2	1
50	3	1
50	4	1
50	5	1
51	0	0.99999914440036608
51	1	0.99999999999957956
51	2	1
51	3	1
51	4	1
51	5	1
53	0	0.99999830680143353
53	1	0.99999999999845213
53	2	1
53	3	1
53	4	1
53	5	1
54	0	0.99999910480040077
54	1	0.99999999999954248
54	2	1
54	3	1
54	4	1
54	5	1
56	0	0.99999826720150131
56	1	0.99999999999838163
56	2	1
56	3	1
56	4	1
56	5	1
57	0	0.99999906320043874
57	1	0.99999999999950162
57	2	1
57	3	1
57	4	1
57	5	1
58	0	0.99999822760157087
58	1	0.99999999999830969
58	2	1
58	3	1
58	4	1
58	5	1
58	6	1
59	0	0.99999902360047666
59	1	0.99999999999930655
59	2	1
59	3	1
59	4	1
59	5	1
60	0	0.99999818800164164
60	1	0.99999999999823586
60	2	1
60	3	1
60	4	1
60	5	1
60	6	1
61	0	0.99999979400002126
61	1	0.99999999999996658
61	2	1
61	3	1
61	4	1
61	5	1
62	0	0.99999971080004191
62	1	0.99999999999994049
62	2	1
62	3	1
62	4	1
62	5	1

[frame_wcrt_distribution]
frame_id	response_time_ms	probability
0	0.32879999999999998	0.99999967120005406
0	0.39039999999999997	3.2879987163650512e-07
0	0.45199999999999996	7.4308766412430109e-14
0	0.51360000000000006	1.4455408383700375e-20
0	0.57519999999999993	2.6072156207387494e-27
0	0.63680000000000003	4.5057028792792569e-34
3	1.8516000000000004	0.9999981484017143
3	1.9192000000000005	1.8515964464126912e-06
3	1.9868000000000003	1.8393757855245669e-12
3	2.031200000000001	8.1151147711214807e-40
3	2.1896000000000004	2.1352992226419269e-32
3	2.2128000000000005	1.3024617364054843e-18
3	2.2572000000000005	2.8395501935899509e-38
3	2.2804000000000006	9.4348574031563266e-25
3	2.3480000000000008	4.8037165164168699e-31
3	2.4156000000000009	1.2629678360284702e-37
4	0.36840000000000001	0.99999963160006788
4	0.42999999999999999	3.6839984158803409e-07
4	0.49160000000000004	9.055267548429391e-14
4	0.55320000000000003	1.8790246341232876e-20
4	0.61480000000000001	3.567054043681706e-27
4	0.6764	6.4261746262912705e-34
5	1.4139999999999993	0.99999858600099978
5	1.4775999999999994	1.413997910675143e-06
5	1.5411999999999992	1.0896267206660027e-12
5	1.5735999999999999	8.1151147711214807e-40
5	1.6047999999999993	6.0693096242307513e-19
5	1.6683999999999992	2.7361379306597632e-25
5	1.7319999999999993	1.0603739192248466e-31
7	0.40800000000000003	0.99999959200008326
7	0.46960000000000002	4.0799980840324517e-07
7	0.53120000000000001	1.0836474243663378e-13
7	0.59279999999999999	2.3895990954452407e-20
7	0.65440000000000009	4.7640741145168833e-27
7	0.71599999999999997	8.9357444930451118e-34
8	1.0159999999999998	0.99999898400051612
8	1.238	1.0159987421927779e-06
8	1.3015999999999999	7.4167903462994124e-13
8	1.3339999999999999	7.3953241407039667e-33
8	1.3652	3.61582391700715e-19
8	1.4287999999999998	1.4226680336371243e-25
8	1.4923999999999999	4.1085113958195603e-32
8	20.063600000000001	1.1102230246251565e-16
9	1.8912000000000004	0.9999981088017883
9	1.9588000000000005	1.891196295521069e-06
9	2.0264000000000006	1.9161599570895297e-12
9	2.0708000000000011	8.1151147711214807e-40
9	2.2292000000000005	2.3071251244916455e-32
9	2.2524000000000006	1.3820971941607791e-18
9	2.2968000000000006	3.272776211846751e-38
9	2.3200000000000007	1.0148108031608939e-24
9	2.3876000000000008	5.2431601229172363e-31
9	2.4552000000000009	1.406124843324029e-37
10	0.44760000000000005	0.9999995524001003
10	0.5092000000000001	4.4759977208213793e-07
10	0.57080000000000009	1.2774496708315221e-13
10	0.63240000000000007	2.9834741228503733e-20
10	0.69400000000000006	6.2338585853006411e-27
10	0.75560000000000005	1.2158397806095226e-33
11	1.4535999999999996	0.99999854640105657
11	1.5171999999999997	1.4535977945997506e-06
11	1.5807999999999995	1.1489236237800978e-12
11	1.6132000000000002	8.1151147711214807e-40
11	1.6443999999999996	6.5510043223462921e-19
11	1.7079999999999995	3.0178422185557464e-25
11	1.7715999999999996	1.1932341177206929e-31
12	1.2931999999999997	0.99999870680083625
12	1.3567999999999998	1.2931982453874306e-06
12	1.4203999999999997	9.1842933546204808e-13
12	1.4527999999999999	8.1151147711214807e-40
12	1.4839999999999998	4.7465887213904495e-19
12	1.5475999999999996	1.9972385739010278e-25
12	1.6111999999999997	7.2624245337905663e-32
13	0.48920000000000008	0.99999951080011973
13	0.55080000000000007	4.891997305487146e-07
13	0.61240000000000006	1.4979294826677048e-13
13	0.67400000000000015	3.7038611569300701e-20
13	0.73560000000000003	8.1133469655125747e-27
13	0.79720000000000013	1.6465467490059889e-33
14	1.214	0.99999878600073688
14	1.2776000000000001	1.2139984489945893e-06
14	1.3411999999999999	8.1410730811854669e-13
14	1.3735999999999999	8.1151147711214807e-40
14	1.4048	3.9929679416080327e-19
14	1.4683999999999999	1.6015479091694285e-25
14	1.532	5.5727800410076998e-32
15	0.52880000000000016	0.99999947120013977
15	0.59040000000000015	5.2879968779657281e-07
15	0.65200000000000014	1.7238868760253921e-13
15	0.71360000000000023	4.4879661115195836e-20
15	0.77520000000000011	1.0264106750870983e-26
15	0.83680000000000021	2.1607104583645695e-33
17	1.4931999999999996	0.99999850680111479
17	1.5567999999999997	1.4931976753880483e-06
17	1.6203999999999996	1.2097886796568353e-12
17	1.6528000000000003	8.1151147711214807e-40
17	1.6839999999999997	7.0574884138461561e-19
17	1.7475999999999996	3.3207187065927424e-25
17	1.8111999999999997	1.3390650209114623e-31
18	0.56840000000000002	0.99999943160016158
18	0.63	5.6839964190811334e-07
18	0.69159999999999999	1.9655258406418598e-13
18	0.75320000000000009	5.3743149589977864e-20
18	0.81479999999999997	1.2811368837999622e-26
18	0.87640000000000007	2.7943575195952866e-33
19	1.5327999999999997	0.9999984672011748
19	1.5963999999999998	1.5327975530400319e-06
19	1.6599999999999997	1.2722218881099123e-12
19	1.6924000000000003	8.1151147711214807e-40
19	1.7235999999999998	7.5893828860750701e-19
19	1.7871999999999997	3.6458008442298354e-25
19	1.8507999999999998	1.4987924121387237e-31
20	0.0872	0.99999991280000389
20	0.14679999999999999	8.7199987199041009e-08
20	0.2064	8.9990381425983224e-15
20	0.26600000000000001	1.0283202598001051e-21
20	0.3256	1.2541754358217418e-28
20	0.38519999999999999	1.5998535258010157e-35
22	0.6100000000000001	0.99999939000018612
22	0.67160000000000009	6.0999959032413757e-07
22	0.73320000000000007	2.2362583603747717e-13
22	0.79480000000000017	6.4223498021810283e-20
22	0.85640000000000005	1.5964238127713979e-26
22	0.91800000000000015	3.6100978118626781e-33
23	1.5723999999999998	0.99999842760123614
23	1.6359999999999999	1.5723974275557041e-06
23	1.6995999999999998	1.3362232489530379e-12
23	1.7320000000000004	8.1151147711214807e-40
23	1.7631999999999999	8.1473087262792476e-19
23	1.8267999999999998	3.9941466719752861e-25
23	1.8903999999999999	1.6733850502146315e-31
24	0.64959999999999996	0.99999935040021104
24	0.71119999999999994	6.4959953800464345e-07
24	0.77279999999999993	2.5100524602307065e-13
24	0.83440000000000003	7.5377719547471071e-20
24	0.89599999999999991	1.946966210290821e-26
24	0.95760000000000001	4.5519864331800098e-33
28	1.9308000000000005	0.99999806920186407
28	1.9984000000000006	1.9307961414931367e-06
28	2.1104000000000012	8.1151147711214807e-40
28	2.224400000000001	1.9945119634026569e-12
28	2.2688000000000006	1.839795977308872e-32
28	2.2920000000000007	1.7808410313956789e-18
28	2.3364000000000007	3.7597361616487314e-38
28	2.3596000000000008	1.1364525056584444e-24
28	2.4272000000000009	5.8477182927731312e-31
28	2.494800000000001	1.5618370243956842e-37
30	0.1268	0.99999987320000805
30	0.18640000000000001	1.2679997636448218e-07
30	0.246	1.5596396163286044e-14
30	0.30559999999999998	1.9736701381796416e-21
30	0.36519999999999997	2.5733577113989201e-28
30	0.42479999999999996	3.440930441920735e-35
31	0.68920000000000003	0.99999931080023763
31	0.75080000000000002	6.8919948254883439e-07
31	0.81240000000000001	2.799528125662432e-13
31	0.87400000000000011	8.7743813178540809e-20
31	0.93559999999999999	2.3518209792978844e-26
31	0.99720000000000009	5.6792727375038028e-33
33	1.3327999999999993	0.99999866720088826
33	1.3963999999999994	1.3327981388793777e-06
33	1.4599999999999993	9.7294257950279499e-13
33	1.4923999999999997	8.1151147711214807e-40
33	1.5235999999999994	5.1564997373643215e-19
33	1.5871999999999993	2.2204858882609074e-25
33	1.6507999999999994	8.2482332440896956e-32
34	1.6139999999999999	0.99999838600130264
34	1.6816	1.6139972858998822e-06
34	1.7491999999999999	1.4116019308237444e-12
34	1.7936000000000005	2.0363550261841613e-39
34	1.8168	8.8790342941558152e-19
34	1.8843999999999999	4.4999817968565303e-25
34	1.952	1.9527235916884908e-31
35	0.72879999999999989	0.99999927120026566
35	0.79039999999999988	7.2879942395670745e-07
35	0.85199999999999987	3.1046853548069521e-13
35	0.91359999999999997	1.0138387785031347e-19
35	0.97519999999999984	2.8162926163643905e-26
35	1.0367999999999999	7.0178919852056444e-33
37	1.9704000000000006	0.99999802960194129
37	2.0380000000000007	1.9703959843288936e-06
37	2.1500000000000012	8.1151147711214807e-40
37	2.2640000000000011	2.0744324234796791e-12
37	2.3084000000000007	2.0034723454778633e-32
37	2.3316000000000008	1.8795533994521946e-18
37	2.3760000000000008	4.3056345441683464e-38
37	2.3992000000000009	1.2176531089440247e-24
37	2.466800000000001	6.3574327959173554e-31
37	2.5344000000000011	1.7309019335341519e-37
38	0.77039999999999997	0.99999922960029675
38	0.83199999999999996	7.7039935902746649e-07
38	0.89359999999999995	3.4421441240986385e-13
38	0.95520000000000005	1.1715295203144669e-19
38	1.0167999999999999	3.3745137606313728e-26
38	1.0784	8.6826868027331273e-33
38	10.0616	1.1102230246251565e-16
39	1.6536	0.9999983464013672
39	1.7212000000000001	1.6535971538261295e-06
39	1.7887999999999999	1.478977194403231e-12
39	1.8332000000000006	8.1151147711214807e-40
39	1.8564000000000001	9.4977673340883761e-19
39	1.9239999999999999	4.9071980880777987e-25
39	1.9916	2.1679881825170692e-31
40	0.16639999999999999	0.99999983360001388
40	0.22599999999999998	1.6639996239360422e-07
40	0.28559999999999997	2.3761913213596612e-14
40	0.34520000000000001	3.304787168520601e-21
40	0.40479999999999999	4.5990000673697175e-28
40	0.46439999999999998	6.4497184613701909e-35
41	1.2535999999999996	0.9999987464007859
41	1.3171999999999997	1.2535983487591669e-06
41	1.3807999999999996	8.654842449385311e-13
41	1.4131999999999998	8.1151147711214807e-40
41	1.4443999999999997	4.3589517854188244e-19
41	1.5079999999999996	1.7912289982592963e-25
41	1.5715999999999997	6.3730188471635207e-32
42	0.24760000000000001	0.99999975240003069
42	0.30920000000000003	2.4759992344209223e-07
42	0.37080000000000002	4.590502297841444e-14
42	0.43240000000000001	7.7156154264338519e-21
42	0.49399999999999999	1.2437125905391636e-27
42	0.55559999999999998	1.966156771813812e-34
46	2.0100000000000007	0.99999799000202005
46	2.1896000000000013	8.1151147711214807e-40
46	2.2360000000000011	2.0099955056450252e-06
46	2.3036000000000012	2.4743043001860552e-12
46	2.3480000000000008	2.155983355819115e-32
46	2.3712000000000009	2.0285547258853394e-18
46	2.4156000000000009	4.9160451113841634e-38
46	2.438800000000001	1.3100358585250577e-24
46	2.5064000000000011	6.9147346448160659e-31
46	2.5740000000000012	1.9141496708876949e-37
47	2.0100000000000007	0.99999799000202005
47	2.1896000000000013	8.1151147711214807e-40
47	2.2360000000000011	2.0099955056450248e-06
47	2.3036000000000012	2.4743043001860552e-12
47	2.3480000000000008	2.155983355819115e-32
47	2.3712000000000009	2.0285547258853386e-18
47	2.4156000000000009	4.9160451113841634e-38
47	2.438800000000001	1.3100358585250564e-24
47	2.5064000000000011	6.9147346448160606e-31
47	2.5740000000000012	1.9141496708876949e-37
49	1.3743999999999994	0.99999862560094455
49	1.4379999999999995	1.3743980236142205e-06
49	1.5015999999999994	1.0318979705008432e-12
49	1.534	1.0382104335251053e-39
49	1.5651999999999995	5.6117833320565111e-19
49	1.6287999999999994	2.4745969844998411e-25
49	1.6923999999999995	9.3960064148463404e-32
50	0.81199999999999983	0.99999918800032972
50	0.87359999999999982	8.1199929063710947e-07
50	0.93519999999999981	3.7969084491295576e-13
50	0.99679999999999991	1.3446845177511352e-19
50	1.1199999999999999	4.7986781920064325e-33
50	1.2168000000000001	4.0113795174656213e-26
50	1.2784000000000002	1.2202817525181491e-32
51	0.85559999999999992	0.99999914440036608
51	0.91919999999999991	8.5559921353284176e-07
51	0.9827999999999999	4.2044142678996325e-13
51	1.1736	4.2582479004650772e-33
51	1.2048000000000003	1.5614010397828918e-19
51	1.2684000000000002	7.348857420503961e-26
51	1.3320000000000003	2.0522516956115902e-32
53	1.6932	0.99999830680143353
53	1.7608000000000001	1.6931970186160669e-06
53	1.8284	1.5479206097793748e-12
53	1.8728000000000007	8.1151147711214807e-40
53	1.8960000000000001	1.0144551517912088e-18
53	1.9636	5.3414016420556385e-25
53	2.0312000000000001	2.4018007277828059e-31
54	0.89519999999999977	0.99999910480040077
54	0.95879999999999976	8.9519914168265189e-07
54	1.0223999999999998	4.5762577212317218e-13
54	1.2131999999999998	5.2529803694169475e-33
54	1.2444000000000002	1.7596566422819142e-19
54	1.3080000000000001	8.4542348304628982e-26
54	1.3716000000000002	2.3864699687117505e-32
56	1.7328000000000001	0.99999826720150131
56	1.8004000000000002	1.7327968802696886e-06
56	1.8680000000000001	1.6184321767658758e-12
56	1.9124000000000008	8.1151147711214807e-40
56	1.9356000000000002	1.0820007832452603e-18
56	2.0032000000000001	5.8037575572397311e-25
56	2.0708000000000002	2.6553331024020506e-31
57	0.93679999999999986	0.99999906320043874
57	1.0004	9.3679906282574982e-07
57	1.2223999999999999	4.9837699078359555e-13
57	1.2547999999999999	6.2563811012785456e-33
57	1.286	2.7746334048324856e-19
57	1.3495999999999999	1.0869515604142195e-25
57	1.4132	2.964278434556275e-32
58	1.7724000000000002	0.99999822760157087
58	1.8400000000000003	1.7723967387870001e-06
58	1.9076000000000002	1.6905118951764373e-12
58	1.9520000000000008	8.1151147711214807e-40
58	1.9752000000000003	1.1524757264436979e-18
58	2.1104000000000003	1.4490505773210614e-31
58	2.2012000000000005	6.2954545259025909e-25
58	2.2688000000000006	2.4779546275558422e-31
58	2.3364000000000007	4.8344851669382114e-38
59	0.97639999999999971	0.99999902360047666
59	1.1984000000000001	9.7639882988294245e-07
59	1.262	6.9343840488018296e-13
59	1.2943999999999998	6.0124682892357237e-33
59	1.3256000000000001	3.2912832923253159e-19
59	1.3892	1.263014525287816e-25
59	1.4528000000000001	3.6046570816894819e-32
60	1.8120000000000003	0.99999818800164164
60	1.8796000000000004	1.8119965941680023e-06
60	1.9472000000000003	1.7641597648247692e-12
60	1.9916000000000009	1.0382104335251053e-39
60	2.0148000000000001	1.2259420800494156e-18
60	2.1500000000000004	1.6058687471921713e-31
60	2.2408000000000006	6.8177087402102923e-25
60	2.3084000000000007	2.70054324164418e-31
60	2.3760000000000008	5.3131250842283019e-38
61	0.20600000000000002	0.99999979400002126
61	0.2656	2.0599994528640733e-07
61	0.32520000000000004	3.349558910723266e-14
61	0.38480000000000003	5.0837704170981005e-21
61	0.44440000000000002	7.5331729185505456e-28
61	0.504	1.1076637453442581e-34
62	0.28920000000000001	0.99999971080004191
62	0.3508	2.891998985486582e-07
62	0.41239999999999999	5.9633015407339474e-14
62	0.47400000000000003	1.08293780668736e-20
62	0.53560000000000008	1.8514352124638396e-27
62	0.59719999999999995	3.0654626054048769e-34

[frame_wcrt_cdf]
frame_id	response_time_ms	cumulative_probability
0	0.32879999999999998	0.99999967120005406
0	0.39039999999999997	0.99999999999992573
0	0.45199999999999996	1
0	0.51360000000000006	1
0	0.57519999999999993	1
0	0.63680000000000003	1
3	1.8516000000000004	0.9999981484017143
3	1.9192000000000005	0.99999999999816069
3	1.9868000000000003	1
3	2.031200000000001	1
3	2.1896000000000004	1
3	2.2128000000000005	1
3	2.2572000000000005	1
3	2.2804000000000006	1
3	2.3480000000000008	1
3	2.4156000000000009	1
4	0.36840000000000001	0.99999963160006788
4	0.42999999999999999	0.99999999999990952
4	0.49160000000000004	1
4	0.55320000000000003	1
4	0.61480000000000001	1
4	0.6764	1
5	1.4139999999999993	0.99999858600099978
5	1.4775999999999994	0.99999999999891043
5	1.5411999999999992	1
5	1.5735999999999999	1
5	1.6047999999999993	1
5	1.6683999999999992	1
5	1.7319999999999993	1
7	0.40800000000000003	0.99999959200008326
7	0.46960000000000002	0.99999999999989164
7	0.53120000000000001	1
7	0.59279999999999999	1
7	0.65440000000000009	1
7	0.71599999999999997	1
8	1.0159999999999998	0.99999898400051612
8	1.238	0.99999999999925826
8	1.3015999999999999	0.99999999999999989
8	1.3339999999999999	0.99999999999999989
8	1.3652	0.99999999999999989
8	1.4287999999999998	0.99999999999999989
8	1.4923999999999999	0.99999999999999989
8	20.063600000000001	1
9	1.8912000000000004	0.9999981088017883
9	1.9588000000000005	0.99999999999808387
9	2.0264000000000006	1
9	2.0708000000000011	1
9	2.2292000000000005	1
9	2.2524000000000006	1
9	2.2968000000000006	1
9	2.3200000000000007	1
9	2.3876000000000008	1
9	2.4552000000000009	1
10	0.44760000000000005	0.9999995524001003
10	0.5092000000000001	0.99999999999987244
10	0.57080000000000009	1
10	0.63240000000000007	1
10	0.69400000000000006	1
10	0.75560000000000005	1
11	1.4535999999999996	0.99999854640105657
11	1.5171999999999997	0.99999999999885114
11	1.5807999999999995	1
11	1.6132000000000002	1
11	1.6443999999999996	1
11	1.7079999999999995	1
11	1.7715999999999996	1
12	1.2931999999999997	0.99999870680083625
12	1.3567999999999998	0.99999999999908162
12	1.4203999999999997	1
12	1.4527999999999999	1
12	1.4839999999999998	1
12	1.5475999999999996	1
12	1.6111999999999997	1
13	0.48920000000000008	0.99999951080011973
13	0.55080000000000007	0.99999999999985023
13	0.61240000000000006	1
13	0.67400000000000015	1
13	0.73560000000000003	1
13	0.79720000000000013	1
14	1.214	0.99999878600073688
14	1.2776000000000001	0.99999999999918587
14	1.3411999999999999	1
14	1.3735999999999999	1
14	1.4048	1
14	1.4683999999999999	1
14	1.532	1
15	0.52880000000000016	0.99999947120013977
15	0.59040000000000015	0.99999999999982758
15	0.65200000000000014	1
15	0.71360000000000023	1
15	0.77520000000000011	1
15	0.83680000000000021	1
17	1.4931999999999996	0.99999850680111479
17	1.5567999999999997	0.99999999999879019
17	1.6203999999999996	1
17	1.6528000000000003	1
17	1.6839999999999997	1
17	1.7475999999999996	1
17	1.8111999999999997	1
18	0.56840000000000002	0.99999943160016158
18	0.63	0.99999999999980349
18	0.69159999999999999	1
18	0.75320000000000009	1
18	0.81479999999999997	1
18	0.87640000000000007	1
19	1.5327999999999997	0.9999984672011748
19	1.5963999999999998	0.9999999999987278
19	1.6599999999999997	1
19	1.6924000000000003	1
19	1.7235999999999998	1
19	1.7871999999999997	1
19	1.8507999999999998	1
20	0.0872	0.99999991280000389
20	0.14679999999999999	0.99999999999999112
20	0.2064	1
20	0.26600000000000001	1
20	0.3256	1
20	0.38519999999999999	1
22	0.6100000000000001	0.99999939000018612
22	0.67160000000000009	0.9999999999997764
22	0.73320000000000007	1
22	0.79480000000000017	1
22	0.85640000000000005	1
22	0.91800000000000015	1
23	1.5723999999999998	0.99999842760123614
23	1.6359999999999999	0.99999999999866374
23	1.6995999999999998	1
23	1.7320000000000004	1
23	1.7631999999999999	1
23	1.8267999999999998	1
23	1.8903999999999999	1
24	0.64959999999999996	0.99999935040021104
24	0.71119999999999994	0.99999999999974909
24	0.77279999999999993	1
24	0.83440000000000003	1
24	0.89599999999999991	1
24	0.95760000000000001	1
28	1.9308000000000005	0.99999806920186407
28	1.9984000000000006	0.9999999999980056
28	2.1104000000000012	0.9999999999980056
28	2.224400000000001	1
28	2.2688000000000006	1
28	2.2920000000000007	1
28	2.3364000000000007	1
28	2.3596000000000008	1
28	2.4272000000000009	1
28	2.494800000000001	1
30	0.1268	0.99999987320000805
30	0.18640000000000001	0.99999999999998446
30	0.246	1
30	0.30559999999999998	1
30	0.36519999999999997	1
30	0.42479999999999996	1
31	0.68920000000000003	0.99999931080023763
31	0.75080000000000002	0.99999999999972022
31	0.81240000000000001	1
31	0.87400000000000011	1
31	0.93559999999999999	1
31	0.99720000000000009	1
33	1.3327999999999993	0.99999866720088826
33	1.3963999999999994	0.99999999999902711
33	1.4599999999999993	1
33	1.4923999999999997	1
33	1.5235999999999994	1
33	1.5871999999999993	1
33	1.6507999999999994	1
34	1.6139999999999999	0.99999838600130264
34	1.6816	0.99999999999858857
34	1.7491999999999999	1
34	1.7936000000000005	1
34	1.8168	1
34	1.8843999999999999	1
34	1.952	1
35	0.72879999999999989	0.99999927120026566
35	0.79039999999999988	0.99999999999968958
35	0.85199999999999987	1
35	0.91359999999999997	1
35	0.97519999999999984	1
35	1.0367999999999999	1
37	1.9704000000000006	0.99999802960194129
37	2.0380000000000007	0.99999999999792566
37	2.1500000000000012	0.99999999999792566
37	2.2640000000000011	1
37	2.3084000000000007	1
37	2.3316000000000008	1
37	2.3760000000000008	1
37	2.3992000000000009	1
37	2.466800000000001	1
37	2.5344000000000011	1
38	0.77039999999999997	0.99999922960029675
38	0.83199999999999996	0.99999999999965572
38	0.89359999999999995	0.99999999999999989
38	0.95520000000000005	0.99999999999999989
38	1.0167999999999999	0.99999999999999989
38	1.0784	0.99999999999999989
38	10.0616	1
39	1.6536	0.9999983464013672
39	1.7212000000000001	0.99999999999852107
39	1.7887999999999999	1
39	1.8332000000000006	1
39	1.8564000000000001	1
39	1.9239999999999999	1
39	1.9916	1
40	0.16639999999999999	0.99999983360001388
40	0.22599999999999998	0.99999999999997624
40	0.28559999999999997	1
40	0.34520000000000001	1
40	0.40479999999999999	1
40	0.46439999999999998	1
41	1.2535999999999996	0.9999987464007859
41	1.3171999999999997	0.99999999999913469
41	1.3807999999999996	1
41	1.4131999999999998	1
41	1.4443999999999997	1
41	1.5079999999999996	1
41	1.5715999999999997	1
42	0.24760000000000001	0.99999975240003069
42	0.30920000000000003	0.99999999999995415
42	0.37080000000000002	1
42	0.43240000000000001	1
42	0.49399999999999999	1
42	0.55559999999999998	1
46	2.0100000000000007	0.99999799000202005
46	2.1896000000000013	0.99999799000202005
46	2.2360000000000011	0.99999999999752565
46	2.3036000000000012	1
46	2.3480000000000008	1
46	2.3712000000000009	1
46	2.4156000000000009	1
46	2.438800000000001	1
46	2.5064000000000011	1
46	2.5740000000000012	1
47	2.0100000000000007	0.99999799000202005
47	2.1896000000000013	0.99999799000202005
47	2.2360000000000011	0.99999999999752565
47	2.3036000000000012	1
47	2.3480000000000008	1
47	2.3712000000000009	1
47	2.4156000000000009	1
47	2.438800000000001	1
47	2.5064000000000011	1
47	2.5740000000000012	1
49	1.3743999999999994	0.99999862560094455
49	1.4379999999999995	0.99999999999896816
49	1.5015999999999994	1
49	1.534	1
49	1.5651999999999995	1
49	1.6287999999999994	1
49	1.6923999999999995	1
50	0.81199999999999983	0.99999918800032972
50	0.87359999999999982	0.9999999999996203
50	0.93519999999999981	1
50	0.99679999999999991	1
50	1.1199999999999999	1
50	1.2168000000000001	1
50	1.2784000000000002	1
51	0.85559999999999992	0.99999914440036608
51	0.91919999999999991	0.99999999999957956
51	0.9827999999999999	1
51	1.1736	1
51	1.2048000000000003	1
51	1.2684000000000002	1
51	1.3320000000000003	1
53	1.6932	0.99999830680143353
53	1.7608000000000001	0.99999999999845213
53	1.8284	1
53	1.8728000000000007	1
53	1.8960000000000001	1
53	1.9636	1
53	2.0312000000000001	1
54	0.89519999999999977	0.99999910480040077
54	0.95879999999999976	0.99999999999954248
54	1.0223999999999998	1
54	1.2131999999999998	1
54	1.2444000000000002	1
54	1.3080000000000001	1
54	1.3716000000000002	1
56	1.7328000000000001	0.99999826720150131
56	1.8004000000000002	0.99999999999838163
56	1.8680000000000001	1
56	1.9124000000000008	1
56	1.9356000000000002	1
56	2.0032000000000001	1
56	2.0708000000000002	1
57	0.93679999999999986	0.99999906320043874
57	1.0004	0.99999999999950162
57	1.2223999999999999	1
57	1.2547999999999999	1
57	1.286	1
57	1.3495999999999999	1
57	1.4132	1
58	1.7724000000000002	0.99999822760157087
58	1.8400000000000003	0.99999999999830969
58	1.9076000000000002	1
58	1.9520000000000008	1
58	1.9752000000000003	1
58	2.1104000000000003	1
58	2.2012000000000005	1
58	2.2688000000000006	1
58	2.3364000000000007	1
59	0.97639999999999971	0.99999902360047666
59	1.1984000000000001	0.99999999999930655
59	1.262	1
59	1.2943999999999998	1
59	1.3256000000000001	1
59	1.3892	1
59	1.4528000000000001	1
60	1.8120000000000003	0.99999818800164164
60	1.8796000000000004	0.99999999999823586
60	1.9472000000000003	1
60	1.9916000000000009	1
60	2.0148000000000001	1
60	2.1500000000000004	1
60	2.2408000000000006	1
60	2.3084000000000007	1
60	2.3760000000000008	1
61	0.20600000000000002	0.99999979400002126
61	0.2656	0.99999999999996658
61	0.32520000000000004	1
61	0.38480000000000003	1
61	0.44440000000000002	1
61	0.504	1
62	0.28920000000000001	0.99999971080004191
62	0.3508	0.99999999999994049
62	0.41239999999999999	1
62	0.47400000000000003	1
62	0.53560000000000008	1
62	0.59719999999999995	1

[frame_distribution_quantiles]
frame_id	retry_q50	retry_q90	retry_q95	retry_q99	wcrt_q50_ms	wcrt_q90_ms	wcrt_q95_ms	wcrt_q99_ms
0	0	0	0	0	0.32879999999999998	0.32879999999999998	0.32879999999999998	0.32879999999999998
3	0	0	0	0	1.8516000000000004	1.8516000000000004	1.8516000000000004	1.8516000000000004
4	0	0	0	0	0.36840000000000001	0.36840000000000001	0.36840000000000001	0.36840000000000001
5	0	0	0	0	1.4139999999999993	1.4139999999999993	1.4139999999999993	1.4139999999999993
7	0	0	0	0	0.40800000000000003	0.40800000000000003	0.40800000000000003	0.40800000000000003
8	0	0	0	0	1.0159999999999998	1.0159999999999998	1.0159999999999998	1.0159999999999998
9	0	0	0	0	1.8912000000000004	1.8912000000000004	1.8912000000000004	1.8912000000000004
10	0	0	0	0	0.44760000000000005	0.44760000000000005	0.44760000000000005	0.44760000000000005
11	0	0	0	0	1.4535999999999996	1.4535999999999996	1.4535999999999996	1.4535999999999996
12	0	0	0	0	1.2931999999999997	1.2931999999999997	1.2931999999999997	1.2931999999999997
13	0	0	0	0	0.48920000000000008	0.48920000000000008	0.48920000000000008	0.48920000000000008
14	0	0	0	0	1.214	1.214	1.214	1.214
15	0	0	0	0	0.52880000000000016	0.52880000000000016	0.52880000000000016	0.52880000000000016
17	0	0	0	0	1.4931999999999996	1.4931999999999996	1.4931999999999996	1.4931999999999996
18	0	0	0	0	0.56840000000000002	0.56840000000000002	0.56840000000000002	0.56840000000000002
19	0	0	0	0	1.5327999999999997	1.5327999999999997	1.5327999999999997	1.5327999999999997
20	0	0	0	0	0.0872	0.0872	0.0872	0.0872
22	0	0	0	0	0.6100000000000001	0.6100000000000001	0.6100000000000001	0.6100000000000001
23	0	0	0	0	1.5723999999999998	1.5723999999999998	1.5723999999999998	1.5723999999999998
24	0	0	0	0	0.64959999999999996	0.64959999999999996	0.64959999999999996	0.64959999999999996
28	0	0	0	0	1.9308000000000005	1.9308000000000005	1.9308000000000005	1.9308000000000005
30	0	0	0	0	0.1268	0.1268	0.1268	0.1268
31	0	0	0	0	0.68920000000000003	0.68920000000000003	0.68920000000000003	0.68920000000000003
33	0	0	0	0	1.3327999999999993	1.3327999999999993	1.3327999999999993	1.3327999999999993
34	0	0	0	0	1.6139999999999999	1.6139999999999999	1.6139999999999999	1.6139999999999999
35	0	0	0	0	0.72879999999999989	0.72879999999999989	0.72879999999999989	0.72879999999999989
37	0	0	0	0	1.9704000000000006	1.9704000000000006	1.9704000000000006	1.9704000000000006
38	0	0	0	0	0.77039999999999997	0.77039999999999997	0.77039999999999997	0.77039999999999997
39	0	0	0	0	1.6536	1.6536	1.6536	1.6536
40	0	0	0	0	0.16639999999999999	0.16639999999999999	0.16639999999999999	0.16639999999999999
41	0	0	0	0	1.2535999999999996	1.2535999999999996	1.2535999999999996	1.2535999999999996
42	0	0	0	0	0.24760000000000001	0.24760000000000001	0.24760000000000001	0.24760000000000001
46	0	0	0	0	2.0100000000000007	2.0100000000000007	2.0100000000000007	2.0100000000000007
47	0	0	0	0	2.0100000000000007	2.0100000000000007	2.0100000000000007	2.0100000000000007
49	0	0	0	0	1.3743999999999994	1.3743999999999994	1.3743999999999994	1.3743999999999994
50	0	0	0	0	0.81199999999999983	0.81199999999999983	0.81199999999999983	0.81199999999999983
51	0	0	0	0	0.85559999999999992	0.85559999999999992	0.85559999999999992	0.85559999999999992
53	0	0	0	0	1.6932	1.6932	1.6932	1.6932
54	0	0	0	0	0.89519999999999977	0.89519999999999977	0.89519999999999977	0.89519999999999977
56	0	0	0	0	1.7328000000000001	1.7328000000000001	1.7328000000000001	1.7328000000000001
57	0	0	0	0	0.93679999999999986	0.93679999999999986	0.93679999999999986	0.93679999999999986
58	0	0	0	0	1.7724000000000002	1.7724000000000002	1.7724000000000002	1.7724000000000002
59	0	0	0	0	0.97639999999999971	0.97639999999999971	0.97639999999999971	0.97639999999999971
60	0	0	0	0	1.8120000000000003	1.8120000000000003	1.8120000000000003	1.8120000000000003
61	0	0	0	0	0.20600000000000002	0.20600000000000002	0.20600000000000002	0.20600000000000002
62	0	0	0	0	0.28920000000000001	0.28920000000000001	0.28920000000000001	0.28920000000000001

[signal_summary]
code	frame_id	period_ms	level	type	p_timeout	expected_wcrt_ms	wcrt_p95_ms	threshold_wcrt_ms	expected_retry_count	p_threshold
119034337	4	10	0	0	0	0.36840002269344146	0.36840000000000001	0.36840000000000001	3.6840002269344143e-07	1
171271747	46	1000	0	0	0	2.0100004542597114	2.0100000000000007	2.0100000000000007	2.0100004542597113e-06	1
204965666	15	10	0	0	0	0.52880003257408204	0.52880000000000016	0.52880000000000016	5.2880003257408265e-07	1
213686508	62	5	0	0	0	0.2892000178147211	0.28920000000000001	0.28920000000000001	2.8920001781472153e-07	1
239085362	19	100	0	0	0	1.532800097486086	1.5327999999999997	1.5327999999999997	1.5328000974860849e-06	1
259102081	49	100	0	0	0	1.3744000874118449	1.3743999999999994	1.3743999999999994	1.3744000874118449e-06	1
278005465	3	1000	0	0	0	1.8516001251681691	1.8516000000000004	1.8516000000000004	1.8516001251681696e-06	1
370850632	35	10	2	0	0	0.72880004489408279	0.72879999999999989	0.85199999999999987	7.2880004489408263e-07	2.7777777777777779e-13
456430706	49	100	1	0	0	1.3744000874118449	1.3743999999999994	1.4379999999999995	1.3744000874118449e-06	2.7777777777777777e-12
459403179	60	100	0	0	0	1.8120001224912086	1.8120000000000003	1.8120000000000003	1.8120001224912099e-06	1
492802078	22	20	0	0	0	0.61000003757600252	0.6100000000000001	0.6100000000000001	6.1000003757600232e-07	1
502858919	10	20	0	0	0	0.44760002757216183	0.44760000000000005	0.44760000000000005	4.476000275721616e-07	1
514743934	31	20	0	0	0	0.68920004245472277	0.68920000000000003	0.68920000000000003	6.892000424547227e-07	1
543059594	59	10	0	0	0	0.97640021676073785	0.97639999999999971	0.97639999999999971	9.7640021676073958e-07	1
632366912	15	20	0	0	0	0.52880003257408204	0.52880000000000016	0.52880000000000016	5.2880003257408265e-07	1
661319227	24	10	0	0	0	0.64960004001536242	0.64959999999999996	0.64959999999999996	6.4960004001536161e-07	1
753411428	33	100	1	0	0	1.3328000847660848	1.3327999999999993	1.3963999999999994	1.3328000847660836e-06	2.7777777777777777e-12
760098249	60	100	0	0	0	1.8120001224912086	1.8120000000000003	1.8120000000000003	1.8120001224912099e-06	1
917342738	22	20	0	0	0	0.61000003757600252	0.6100000000000001	0.6100000000000001	6.1000003757600232e-07	1
925109605	61	1	0	0	0	0.20600001227760073	0.20600000000000002	0.20600000000000002	2.0600001227760079e-07	1
936783935	13	20	0	0	0	0.48920003013472196	0.48920000000000008	0.48920000000000008	4.8920003013472219e-07	1
942299282	42	5	0	0	0	0.24760001525216097	0.24760000000000001	0.24760000000000001	2.4760001525216131e-07	1
984910922	30	1	0	0	0	0.12680000755728044	0.1268	0.1268	1.2680000755728044e-07	1
1020891006	10	20	0	0	0	0.44760002757216183	0.44760000000000005	0.44760000000000005	4.476000275721616e-07	1
1040401114	4	10	2	0	0	0.36840002269344146	0.36840000000000001	0.42999999999999999	3.6840002269344143e-07	2.7777777777777779e-13
1130968860	54	20	0	0	0	0.89520005693472349	0.89519999999999977	0.89519999999999977	8.9520005693472406e-07	1
1169269782	22	10	0	0	0	0.61000003757600252	0.6100000000000001	0.6100000000000001	6.1000003757600232e-07	1
1172410632	50	10	0	0	0	0.81200005001920295	0.81199999999999983	0.81199999999999983	8.1200005001920265e-07	1
1177008253	24	20	0	0	0	0.64960004001536242	0.64959999999999996	0.64959999999999996	6.4960004001536161e-07	1
1187012864	13	10	1	0	0	0.48920003013472196	0.48920000000000008	0.55080000000000007	4.8920003013472219e-07	2.7777777777777779e-13
1266461668	51	10	0	0	0	0.85560005441616349	0.85559999999999992	0.85559999999999992	8.556000544161638e-07	1
1306129978	12	100	1	0	0	1.2932000822475249	1.2931999999999997	1.3567999999999998	1.2932000822475255e-06	2.7777777777777777e-12
1312836182	59	10	2	1	0	0.97640021676073785	0.97639999999999971	1.262	9.7640021676073958e-07	2.7777777777777779e-13
1322982459	57	20	0	0	0	0.93680005958056256	0.93679999999999986	0.93679999999999986	9.3680005958056377e-07	1
1342328691	56	100	0	0	0	1.732800117137288	1.7328000000000001	1.7328000000000001	1.7328001171372882e-06	1
1406097121	57	10	0	0	0	0.93680005958056256	0.93679999999999986	0.93679999999999986	9.3680005958056377e-07	1
1418663752	0	20	2	0	0	0.32880002025408123	0.32879999999999998	0.39039999999999997	3.288000202540813e-07	5.5555555555555559e-13
1433310937	40	2	2	0	0	0.16640000991744061	0.16639999999999999	0.22599999999999998	1.6640000991744056e-07	5.5555555555555549e-14
1438027101	18	10	2	0	0	0.56840003501344216	0.56840000000000002	0.63	5.6840003501344268e-07	2.7777777777777779e-13
1458937704	35	10	0	0	0	0.72880004489408279	0.72879999999999989	0.72879999999999989	7.2880004489408263e-07	1
1480251703	34	100	0	0	0	1.6140001091064076	1.6139999999999999	1.6139999999999999	1.6140001091064077e-06	1
1727261289	22	20	0	0	0	0.61000003757600252	0.6100000000000001	0.6100000000000001	6.1000003757600232e-07	1
1743176788	37	1000	0	0	0	1.9704001331993781	1.9704000000000006	1.9704000000000006	1.9704001331993795e-06	1
1768183936	13	10	3	0	0	0.48920003013472196	0.48920000000000008	0.61240000000000006	4.8920003013472219e-07	2.7777777777777781e-14
1780649572	15	20	1	0	0	0.52880003257408204	0.52880000000000016	0.59040000000000015	5.2880003257408265e-07	5.5555555555555559e-13
1781038996	22	20	0	0	0	0.61000003757600252	0.6100000000000001	0.6100000000000001	6.1000003757600232e-07	1
1844059649	40	2	0	0	0	0.16640000991744061	0.16639999999999999	0.16639999999999999	1.6640000991744056e-07	1
1861305577	62	10	0	0	0	0.2892000178147211	0.28920000000000001	0.28920000000000001	2.8920001781472153e-07	1
1899348218	62	10	0	0	0	0.2892000178147211	0.28920000000000001	0.28920000000000001	2.8920001781472153e-07	1
1900672369	62	5	0	0	0	0.2892000178147211	0.28920000000000001	0.28920000000000001	2.8920001781472153e-07	1
1936005046	20	1	0	0	0	0.087200005197120331	0.0872	0.0872	8.7200005197120374e-08	1
1960917948	35	10	0	0	0	0.72880004489408279	0.72879999999999989	0.72879999999999989	7.2880004489408263e-07	1
1973483793	24	20	0	0	0	0.64960004001536242	0.64959999999999996	0.64959999999999996	6.4960004001536161e-07	1
2054060112	58	100	0	0	0	1.7724001198142485	1.7724000000000002	1.7724000000000002	1.7724001198142478e-06	1
2090213936	31	10	0	0	0	0.68920004245472277	0.68920000000000003	0.68920000000000003	6.892000424547227e-07	1
2102429818	50	20	1	0	0	0.81200005001920295	0.81199999999999983	0.87359999999999982	8.1200005001920265e-07	5.5555555555555559e-13
2243321210	49	100	0	0	0	1.3744000874118449	1.3743999999999994	1.3743999999999994	1.3744000874118449e-06	1
2271545142	42	10	0	0	0	0.24760001525216097	0.24760000000000001	0.24760000000000001	2.4760001525216131e-07	1
2299617089	50	20	2	0	0	0.81200005001920295	0.81199999999999983	0.87359999999999982	8.1200005001920265e-07	5.5555555555555559e-13
2322056365	5	100	0	0	0	1.414000089930405	1.4139999999999993	1.4139999999999993	1.4140000899304051e-06	1
2324817462	38	10	0	0	1.1102230246251565e-16	0.77040004745664403	0.77039999999999997	0.77039999999999997	7.704000481227765e-07	1
2325471798	24	10	0	0	0	0.64960004001536242	0.64959999999999996	0.64959999999999996	6.4960004001536161e-07	1
2325576279	42	10	2	0	0	0.24760001525216097	0.24760000000000001	0.30920000000000003	2.4760001525216131e-07	2.7777777777777779e-13
2330290352	8	20	1	0	1.1102230246251565e-16	1.0160002255519347	1.0159999999999998	1.3015999999999999	1.0160002262180657e-06	5.5555555555555559e-13
2386794719	61	2	0	0	0	0.20600001227760073	0.20600000000000002	0.20600000000000002	2.0600001227760079e-07	1
2392254362	14	20	0	0	0	1.2140000772104047	1.214	1.214	1.2140000772104035e-06	1
2402751313	22	20	1	0	0	0.61000003757600252	0.6100000000000001	0.67160000000000009	6.1000003757600232e-07	5.5555555555555559e-13
2416073116	9	1000	3	0	0	1.8912001278451289	1.8912000000000004	1.9588000000000005	1.8912001278451294e-06	2.7777777777777777e-12
2457609327	58	100	2	0	0	1.7724001198142485	1.7724000000000002	1.8400000000000003	1.7724001198142478e-06	2.7777777777777777e-12
2476950705	38	10	0	0	1.1102230246251565e-16	0.77040004745664403	0.77039999999999997	0.77039999999999997	7.704000481227765e-07	1
2505393174	11	100	0	0	0	1.4536000924489656	1.4535999999999996	1.4535999999999996	1.4536000924489635e-06	1
2564922316	23	100	0	0	0	1.5724001000046461	1.5723999999999998	1.5723999999999998	1.5724001000046461e-06	1
2620336184	35	20	0	0	0	0.72880004489408279	0.72879999999999989	0.72879999999999989	7.2880004489408263e-07	1
2658007129	12	50	0	0	0	1.2932000822475249	1.2931999999999997	1.2931999999999997	1.2932000822475255e-06	1
2700093652	18	20	0	0	0	0.56840003501344216	0.56840000000000002	0.56840000000000002	5.6840003501344268e-07	1
2740426676	17	100	0	0	0	1.4932000949675257	1.4931999999999996	1.4931999999999996	1.4932000949675247e-06	1
2744458065	47	1000	0	0	0	2.0100004542597114	2.0100000000000007	2.0100000000000007	2.0100004542597109e-06	1
2787855796	28	1000	1	0	0	1.9308001305224054	1.9308000000000005	1.9984000000000006	1.9308001305224064e-06	2.7777777777777777e-11
2816477576	38	10	0	0	1.1102230246251565e-16	0.77040004745664403	0.77039999999999997	0.77039999999999997	7.704000481227765e-07	1
2851770942	40	2	0	0	0	0.16640000991744061	0.16639999999999999	0.16639999999999999	1.6640000991744056e-07	1
2864049009	12	100	0	0	0	1.2932000822475249	1.2931999999999997	1.2931999999999997	1.2932000822475255e-06	1
2868925558	49	50	0	0	0	1.3744000874118449	1.3743999999999994	1.3743999999999994	1.3744000874118449e-06	1
2882475163	7	10	2	0	0	0.40800002513280159	0.40800000000000003	0.46960000000000002	4.0800002513280173e-07	2.7777777777777779e-13
2914259732	18	20	0	0	0	0.56840003501344216	0.56840000000000002	0.56840000000000002	5.6840003501344268e-07	1
2923200038	62	5	0	0	0	0.2892000178147211	0.28920000000000001	0.28920000000000001	2.8920001781472153e-07	1
2931226563	22	20	0	0	0	0.61000003757600252	0.6100000000000001	0.6100000000000001	6.1000003757600232e-07	1
2983808147	14	20	0	0	0	1.2140000772104047	1.214	1.214	1.2140000772104035e-06	1
3063307234	56	100	3	0	0	1.732800117137288	1.7328000000000001	1.8680000000000001	1.7328001171372882e-06	2.7777777777777779e-13
3099660020	50	10	3	0	0	0.81200005001920295	0.81199999999999983	0.93519999999999981	8.1200005001920265e-07	2.7777777777777781e-14
3103581837	51	20	0	0	0	0.85560005441616349	0.85559999999999992	0.85559999999999992	8.556000544161638e-07	1
3156616395	57	20	0	0	0	0.93680005958056256	0.93679999999999986	0.93679999999999986	9.3680005958056377e-07	1
3255014193	57	20	0	0	0	0.93680005958056256	0.93679999999999986	0.93679999999999986	9.3680005958056377e-07	1
3298169849	49	100	0	0	0	1.3744000874118449	1.3743999999999994	1.3743999999999994	1.3744000874118449e-06	1
3315460118	54	10	1	0	0	0.89520005693472349	0.89519999999999977	1.0223999999999998	8.9520005693472406e-07	2.7777777777777779e-13
3364203437	57	20	2	0	0	0.93680005958056256	0.93679999999999986	1.0004	9.3680005958056377e-07	5.5555555555555559e-13
3371552759	54	20	0	0	0	0.89520005693472349	0.89519999999999977	0.89519999999999977	8.9520005693472406e-07	1
3373403431	54	20	0	0	0	0.89520005693472349	0.89519999999999977	0.89519999999999977	8.9520005693472406e-07	1
3409734220	7	10	0	0	0	0.40800002513280159	0.40800000000000003	0.40800000000000003	4.0800002513280173e-07	1
3426586619	31	20	0	0	0	0.68920004245472277	0.68920000000000003	0.68920000000000003	6.892000424547227e-07	1
3462225283	19	100	0	0	0	1.532800097486086	1.5327999999999997	1.5327999999999997	1.5328000974860849e-06	1
3504859639	41	20	0	0	0	1.2536000797289648	1.2535999999999996	1.2535999999999996	1.2536000797289643e-06	1
3513222532	22	10	2	0	0	0.61000003757600252	0.6100000000000001	0.67160000000000009	6.1000003757600232e-07	2.7777777777777779e-13
3518819172	40	1	0	0	0	0.16640000991744061	0.16639999999999999	0.16639999999999999	1.6640000991744056e-07	1
3655115619	33	50	0	0	0	1.3328000847660848	1.3327999999999993	1.3327999999999993	1.3328000847660836e-06	1
3677793982	38	10	0	0	1.1102230246251565e-16	0.77040004745664403	0.77039999999999997	0.77039999999999997	7.704000481227765e-07	1
3680576150	39	100	0	0	0	1.6536001117833676	1.6536	1.6536	1.6536001117833678e-06	1
3720948214	51	10	0	0	0	0.85560005441616349	0.85559999999999992	0.85559999999999992	8.556000544161638e-07	1
3737130478	18	10	0	0	0	0.56840003501344216	0.56840000000000002	0.56840000000000002	5.6840003501344268e-07	1
3776895941	50	20	0	0	0	0.81200005001920295	0.81199999999999983	0.81199999999999983	8.1200005001920265e-07	1
3843496651	11	100	0	0	0	1.4536000924489656	1.4535999999999996	1.4535999999999996	1.4536000924489635e-06	1
3868735474	10	10	0	0	0	0.44760002757216183	0.44760000000000005	0.44760000000000005	4.476000275721616e-07	1
3879100978	53	100	3	0	0	1.6932001144603277	1.6932	1.8284	1.6932001144603299e-06	2.7777777777777779e-13
3896645020	31	20	1	0	0	0.68920004245472277	0.68920000000000003	0.75080000000000002	6.892000424547227e-07	5.5555555555555559e-13
3904766769	34	100	0	0	0	1.6140001091064076	1.6139999999999999	1.6139999999999999	1.6140001091064077e-06	1
3990439153	20	1	0	0	0	0.087200005197120331	0.0872	0.0872	8.7200005197120374e-08	1
4098374517	0	10	0	0	0	0.32880002025408123	0.32879999999999998	0.32879999999999998	3.288000202540813e-07	1
4144406616	13	10	0	0	0	0.48920003013472196	0.48920000000000008	0.48920000000000008	4.8920003013472219e-07	1
4185692001	51	20	3	0	0	0.85560005441616349	0.85559999999999992	0.9827999999999999	8.556000544161638e-07	5.5555555555555561e-14
4242566308	42	10	1	0	0	0.24760001525216097	0.24760000000000001	0.30920000000000003	2.4760001525216131e-07	2.7777777777777779e-13
4285494974	0	20	0	0	0	0.32880002025408123	0.32879999999999998	0.32879999999999998	3.288000202540813e-07	1
