base_bandwidth_utilization	0.29265360000000001
expected_bandwidth_utilization	0.29265371798875722

rounded_expected_bandwidth_utilization	0.58530720000000003

bandwidth_utilization_p99	0.29265360000000001

[frame_summary]
frame_id	priority	period_ms	deadline_ms	trans_time_ms	expected_retry_count	expected_tx_count	rounded_expected_retry_count	rounded_expected_tx_count	retry_p99	tx_count_p99	expected_wcrt_ms	p_timeout	wcrt_p95_ms
1	32	100	100	0.039600000000000003	1.5608001273612899e-06	1.0000015608001274	1	2	0	1	1.5608001273612901	0	1.5607999999999997
2	9	10	10	0.039600000000000003	4.5760002727296157e-07	1.0000004576000272	1	2	0	1	0.45760002727296167	0	0.45760000000000006
3	33	100	100	0.039600000000000003	1.6004001312587829e-06	1.0000016004001313	1	2	0	1	1.6004001305926616	1.1102230246251565e-16	1.6003999999999998
5	10	10	10	0.0436	5.0120003187632173e-07	1.0000005012000319	1	2	0	1	0.50120003187632212	0	0.50120000000000009
6	45	1000	1000	0.039600000000000003	2.2736001855257731e-06	1.0000022736001855	1	2	0	1	2.2736001855257757	0	2.273600000000001
7	28	50	50	0.039600000000000003	1.3984001141094485e-06	1.0000013984001141	1	2	0	1	1.3984001141094486	0	1.3983999999999994
8	11	10	10	0.041599999999999998	5.4280003452208192e-07	1.0000005428000345	1	2	0	1	0.54280003452208225	0	0.54280000000000006
9	0	1	1	0.039600000000000003	1.0120000603152044e-07	1.0000001012000059	1	2	0	1	0.10120000603152038	0	0.10120000000000001
10	25	20	20	0.039600000000000003	1.2796001044153669e-06	1.0000012796001043	1	2	0	1	1.2796001044153684	0	1.2795999999999996
11	34	100	100	0.039600000000000003	1.6400001338240116e-06	1.0000016400001339	1	2	0	1	1.6400001338240109	0	1.6399999999999999
13	29	50	50	0.0436	1.442000118333343e-06	1.0000014420001184	1	2	0	1	1.4420001176672146	1.1102230246251565e-16	1.4419999999999995
15	5	5	5	0.039600000000000003	2.9920001783232087e-07	1.0000002992000179	1	2	0	1	0.29920001783232114	0	0.29920000000000002
16	4	2	2	0.039600000000000003	2.5960001547216091e-07	1.0000002596000155	1	2	0	1	0.25960001547216099	0	0.25960000000000005
17	6	5	5	0.039600000000000003	3.3880002019248105e-07	1.0000003388000203	1	2	0	1	0.33880002019248118	0	0.33879999999999999
22	1	1	1	0.039600000000000003	1.4080000839168057e-07	1.0000001408000083	1	2	0	1	0.1408000083916805	0	0.14080000000000001
24	35	100	100	0.039600000000000003	1.6796001377215045e-06	1.0000016796001376	1	2	0	1	1.6796001370553821	1.1102230246251565e-16	1.6796
26	36	100	100	0.039600000000000003	1.7192001402867324e-06	1.0000017192001402	1	2	0	1	1.7192001402867316	0	1.7192000000000001
27	46	1000	1000	0.039600000000000003	2.3132001895342901e-06	1.0000023132001896	1	2	0	1	2.3132001887572473	1.1102230246251565e-16	2.313200000000001
28	12	10	10	0.041599999999999998	5.8440003716784254e-07	1.0000005844000373	1	2	0	1	0.5844000371678425	0	0.58440000000000014
29	37	100	100	0.0436	1.7588001442952485e-06	1.0000017588001442	1	2	0	1	1.7588001435181027	1.1102230246251565e-16	1.7588000000000001
30	13	10	10	0.041599999999999998	6.2600003981360284e-07	1.0000006260000398	1	2	0	1	0.62600003981360264	0	0.62600000000000011
31	38	100	100	0.039600000000000003	1.7984001467494532e-06	1.0000017984001468	1	2	0	1	1.7984001467494521	0	1.7984000000000002
32	30	50	50	0.039600000000000003	1.4816001208985704e-06	1.0000014816001208	1	2	0	1	1.4816001208985696	0	1.4815999999999996
33	14	10	10	0.039600000000000003	6.6560004299829617e-07	1.0000006656000431	1	2	0	1	0.66560004233216397	1.1102230246251565e-16	0.66560000000000019
34	15	10	10	0.039600000000000003	7.0520004485072293e-07	1.0000007052000448	1	2	0	1	0.70520004485072296	0	0.70520000000000005
35	39	100	100	0.039600000000000003	1.8380001499808127e-06	1.0000018380001501	1	2	0	1	1.8380001499808125	0	1.8380000000000003
37	16	10	10	0.061600000000000002	7.5680006175488509e-07	1.0000007568000617	1	2	0	1	0.75680006175488512	0	0.75680000000000003
38	47	1000	1000	0.039600000000000003	2.3528001919884977e-06	1.000002352800192	1	2	0	1	2.3528001919884978	0	2.352800000000002
39	31	50	50	0.039600000000000003	1.5212001241299304e-06	1.0000015212001241	1	2	0	1	1.5212001241299298	0	1.5211999999999997
41	7	5	5	0.039600000000000003	3.7840002255264154e-07	1.0000003784000226	1	2	0	1	0.37840002255264138	0	0.37840000000000001
43	17	10	10	0.041599999999999998	7.9840006514944486e-07	1.0000007984000652	1	2	0	1	0.79840006514944539	0	0.7984
44	18	10	10	0.039600000000000003	8.3800006838080483e-07	1.0000008380000684	1	2	0	1	0.83800006838080554	0	0.83799999999999986
45	40	100	100	0.039600000000000003	1.8776001532125509e-06	1.0000018776001531	1	2	0	1	1.8776001532125521	0	1.8776000000000004
46	41	100	100	0.039600000000000003	1.9172001564439297e-06	1.0000019172001564	1	2	0	1	1.917200156443928	0	1.9172000000000005
47	2	1	1	0.039600000000000003	1.804000107518408e-07	1.0000001804000107	1	2	0	1	0.18040001075184064	0	0.1804
49	8	5	5	0.039600000000000003	4.1800002491280155e-07	1.0000004180000248	1	2	0	1	0.41800002491280158	0	0.41800000000000004
51	26	20	20	0.039600000000000003	1.3192001076467275e-06	1.0000013192001076	1	2	0	1	1.3192001076467286	0	1.3191999999999997
52	19	10	10	0.039600000000000003	8.7760007161223797e-07	1.0000008776000715	1	2	0	1	0.87760007161223796	0	0.87759999999999971
53	3	1	1	0.039600000000000003	2.2000001311200084e-07	1.0000002200000131	1	2	0	1	0.22000001311200082	0	0.22000000000000003
54	42	100	100	0.039600000000000003	1.956800159675305e-06	1.0000019568001597	1	2	0	1	1.9568001596753044	0	1.9568000000000005
56	20	10	10	0.039600000000000003	9.1720007484360451e-07	1.0000009172000748	1	2	0	1	0.91720007484360455	0	0.91719999999999979
57	43	100	100	0.039600000000000003	1.9964005589702506e-06	1.0000019964005589	1	2	0	1	1.9964005581931026	1.1102230246251565e-16	1.9964000000000006
58	21	10	10	0.039600000000000003	9.5680007807497211e-07	1.0000009568000781	1	2	0	1	0.95680007807497092	0	0.95679999999999965
59	48	1000	1000	0.039600000000000003	2.3924001952198573e-06	1.0000023924001953	1	2	0	1	2.3924001952198584	0	2.3924000000000021
60	22	10	10	0.041599999999999998	9.9840023961594093e-07	1.0000009984002396	1	2	0	1	0.99840023961594049	0	0.99839999999999973
62	44	100	100	0.039600000000000003	2.0360005692652364e-06	1.0000020360005692	1	2	0	1	2.0360005692652372	0	2.0360000000000009
64	23	10	10	0.039600000000000003	1.0380002491199352e-06	1.0000010380002491	1	2	0	1	1.0380002491199345	0	1.0379999999999996
66	49	1000	1000	0.039600000000000003	2.4320001984512185e-06	1.0000024320001986	1	2	0	1	2.4320001984512185	0	2.4320000000000022
67	50	1000	1000	0.039600000000000003	2.4320001984512185e-06	1.0000024320001986	1	2	0	1	2.4320001984512185	0	2.4320000000000022
68	24	10	10	0.0516	1.2400001018501422e-06	1.0000012400001019	1	2	0	1	1.2400001011840092	1.1102230246251565e-16	1.2399999999999998
71	27	20	20	0.039600000000000003	1.3588001108780873e-06	1.0000013588001109	1	2	0	1	1.3588001108780885	0	1.3587999999999993

[frame_retry_distribution]
frame_id	retry_count	probability
1	0	0.99999843920121811
1	1	1.5607974365441845e-06
1	2	1.3454072805158522e-12
1	3	8.4808291448144206e-19
1	4	4.3710822508672806e-25
1	5	1.9542118905258642e-31
2	0	0.99999954240010469
2	1	4.5759976332934119e-07
2	2	1.3197176387866494e-13
2	3	3.0888358625309113e-20
2	4	6.4283896122392982e-27
2	5	1.2430033125033568e-33
3	0	0.99999839960128056
3	1	1.6003973081294624e-06
3	2	1.4112302311521711e-12
3	3	9.081621191270443e-19
3	4	4.7700878464100049e-25
3	5	2.1699382236499923e-31
3	6	1.1102230246251565e-16
5	0	0.99999949880012562
5	1	5.0119971692231966e-07
5	2	1.5747694104145934e-13
5	3	4.0001078452577459e-20
5	4	9.0089741382640265e-27
5	5	1.881002124540142e-33
6	0	0.99999772640258466
6	1	2.2735946452235838e-06
6	2	2.7701474896963746e-12
6	3	2.4033174391470711e-18
6	4	1.6650287375863193e-24
6	5	9.7973285633797501e-31
6	6	3.8660138229725372e-37
7	0	0.99999860160097775
7	1	1.3983979303695308e-06
7	2	1.0918690149360149e-12
7	3	6.2930372692993384e-19
7	4	2.9897553728728236e-25
7	5	1.2408096731464186e-31
8	0	0.99999945720014738
8	1	5.4279967084617955e-07
8	2	1.8183787816858109e-13
8	3	4.8686316198372034e-20
8	4	1.1458562057282951e-26
8	5	2.4835179590696293e-33
9	0	0.99999989880000517
9	1	1.0119998372704138e-07
9	2	1.1152237542046581e-14
9	3	1.3223462964096524e-21
9	4	1.651475624726784e-28
9	5	2.1417129426682251e-35
10	0	0.99999872040081883
10	1	1.2795982582096638e-06
10	2	9.2310210814731703e-13
10	3	4.9558733496875771e-19
10	4	2.2085076861644749e-25
10	5	8.6490897224367371e-32
11	0	0.99999836000134479
11	1	1.6399971765784311e-06
11	2	1.4786213337476119e-12
11	3	9.710069207777678e-19
11	4	5.1957392648333481e-25
11	5	2.4042610346649439e-31
13	0	0.99999855800103965
13	1	1.4419978029704732e-06
13	2	1.1573473422245551e-12
13	3	6.8381789554833303e-19
13	4	3.322727833009877e-25
13	5	1.4075706856973569e-31
13	6	1.1102230246251565e-16
15	0	0.99999970080004486
15	1	2.9919989264705907e-07
15	2	6.2592613811244857e-14
15	3	1.1393730020462394e-20
15	4	1.9369922992934541e-27
15	5	3.1714606144780772e-34
16	0	0.9999997404000337
16	1	2.5959991713569323e-07
16	2	4.9168221375074222e-14
16	3	8.3156143171005576e-21
16	4	1.3359224815104389e-27
16	5	2.0912901964138001e-34
17	0	0.99999966120005745
17	1	3.3879986502210674e-07
17	2	7.7585164465986536e-14
17	3	1.5127963284430811e-20
17	4	2.7146314518118661e-27
17	5	4.6427376297989828e-34
22	0	0.99999985920001
22	1	1.4079997178368289e-07
22	2	1.8303995240960604e-14
22	3	2.3969821885910364e-21
22	4	3.1988673734852619e-28
22	5	4.3499847285639739e-35
24	0	0.99999832040141046
24	1	1.6795970418910843e-06
24	2	1.5475805881158676e-12
24	3	1.0366794181215427e-18
24	4	5.6491946495348274e-25
24	5	2.6583549198412953e-31
24	6	1.1102230246251565e-16
26	0	0.9999982808014779
26	1	1.7191969040674285e-06
26	2	1.6181079940706463e-12
26	3	1.105241709836486e-18
26	4	6.1316355208723198e-25
26	5	4.147506362128918e-31
26	6	5.6463290777081889e-38
27	0	0.99999768680267542
27	1	2.3131944603552714e-06
27	2	2.8641971470934059e-12
27	3	2.5226784811135284e-18
27	4	1.7726179983861466e-24
27	5	1.0569942857733165e-30
27	6	4.2587218986367806e-37
27	7	1.1102230246251565e-16
28	0	0.99999941560017069
28	1	5.8439962130892294e-07
28	2	2.0792937203740689e-13
28	3	5.853102752273007e-20
28	4	1.4370565769167596e-26
28	5	3.2294232660052877e-33
29	0	0.99999824120154657
29	1	1.7587967631074593e-06
29	2	1.6902035514256519e-12
29	3	1.1767558945908621e-18
29	4	6.644271530912678e-25
29	5	4.5463624827571541e-31
29	6	6.1937289168398535e-38
29	7	1.1102230246251565e-16
30	0	0.99999937400019601
30	1	6.2599956831054921e-07
30	2	2.357514224319626e-13
30	3	6.9607203518146686e-20
30	4	1.7799295402096193e-26
30	5	4.1426735334200034e-33
31	0	0.99999820160161723
31	1	1.7983966190111793e-06
31	2	1.7638672599945902e-12
31	3	1.2512838232888869e-18
31	4	9.665875245271529e-25
31	5	5.4224738320552569e-31
31	6	6.9172752200132271e-38
32	0	0.99999851840109766
32	1	1.4815976839646906e-06
32	2	1.218465835865747e-12
32	3	7.3597290140462012e-19
32	4	3.6484989099826739e-25
32	5	1.5740862099600729e-31
33	0	0.99999933440022148
33	1	6.6559951464465662e-07
33	2	2.6384363082468698e-13
33	3	8.1360762151946767e-20
33	4	2.1595593998710997e-26
33	5	5.1916544308833774e-33
33	6	1.1102230246251565e-16
34	0	0.99999929480024863
34	1	7.0519945784244846e-07
34	2	2.9350399568717303e-13
34	3	9.4357555988925587e-20
34	4	2.5963985806906778e-26
34	5	6.4412891807678246e-33
35	0	0.99999816200168912
35	1	1.837996471778587e-06
35	2	1.8390991195911637e-12
35	3	1.3288880747219582e-18
35	4	1.0396276040574834e-24
35	5	5.9103253986242862e-31
35	6	7.6277466459628284e-38
37	0	0.99999924320028644
37	1	7.5679936549914606e-07
37	2	3.4812767972238807e-13
37	3	1.2653715616165458e-19
37	4	4.0077008481959734e-26
37	5	1.7957467527234323e-32
38	0	0.99999764720276785
38	1	2.3527942723506536e-06
38	2	2.9598149530962208e-12
38	3	2.6459228949631091e-18
38	4	1.8853327418612211e-24
38	5	1.1390489020825654e-30
38	6	5.186488953911353e-37
39	0	0.999998478801157
39	1	1.5211975618225942e-06
39	2	1.2811524820249431e-12
39	3	7.9070720814316978e-19
39	4	3.9975889258364181e-25
39	5	1.7559548212010384e-31
41	0	0.99999962160007161
41	1	3.7839983426083647e-07
41	2	9.4145873153001996e-14
41	3	1.9580413132457472e-20
41	4	3.6997528489229454e-27
41	5	6.6006093221340524e-34
43	0	0.99999920160031874
43	1	7.9839929740830868e-07
43	2	3.838703508700938e-13
43	3	1.4481178699671926e-19
43	4	7.0278882681636338e-26
43	5	2.5280248920361476e-32
44	0	0.99999916200035122
44	1	8.3799922937555357e-07
44	2	4.1950237999400736e-13
44	3	1.6375279573657056e-19
44	4	8.1062195591619341e-26
44	5	2.9734455410583446e-32
45	0	0.99999812240176278
45	1	1.8775963214096824e-06
45	2	1.9158987506810762e-12
45	3	1.7889784361989533e-18
45	4	1.1851956280787101e-24
45	5	6.5563776569668498e-31
45	6	2.0024445201791315e-37
46	0	0.99999808280183777
46	1	1.9171961679044717e-06
46	2	1.9942668962571337e-12
46	3	1.8884380545342743e-18
46	4	1.2692163532937102e-24
46	5	7.1195315534706493e-31
46	6	2.2364421671700994e-37
47	0	0.99999981960001627
47	1	1.8039995670400535e-07
47	2	2.7023911903634785e-14
47	3	3.8793394492076876e-21
47	4	5.5213481001709298e-28
47	5	7.8744422567693165e-35
49	0	0.99999958200008743
49	1	4.1799980036324772e-07
49	2	1.1227473968599369e-13
49	3	2.4813178578157212e-20
49	4	4.9257285197587169e-27
49	5	9.1547578227610815e-34
51	0	0.99999868080087018
51	1	1.3191981520659331e-06
51	2	9.7778959052363694e-13
51	3	5.3781413272470517e-19
51	4	2.4494666019876319e-25
51	5	9.7836126138498597e-32
52	0	0.99999912240038513
52	1	8.7759915820648343e-07
52	2	4.5670249232204381e-13
52	3	2.5660551163811757e-19
52	4	1.0464102334823482e-25
52	5	3.6740064754317035e-32
53	0	0.99999978000002421
53	1	2.1999993848800866e-07
53	2	3.7311987343771771e-14
53	3	5.8315171410571755e-21
53	4	8.8296820836728169e-28
53	5	1.3199585365825641e-34
54	0	0.99999804320191454
54	1	1.9567960112629462e-06
54	2	2.0742031919914324e-12
54	3	1.9914705521628649e-18
54	4	1.3575990570827082e-24
54	5	7.720601859763912e-31
54	6	2.718495308937769e-37
56	0	0.99999908280042071
56	1	9.1719908390109741e-07
56	2	4.954708262103601e-13
56	3	2.8488959939419139e-19
56	4	1.1881605111659979e-25
56	5	4.2599038990187847e-32
57	0	0.99999800360199276
57	1	1.9963954561987742e-06
57	2	2.5509939057696874e-12
57	3	2.1695267218333119e-18
57	4	1.4634089376219957e-24
57	5	8.3852192752135812e-31
57	6	3.0131239058086933e-37
57	7	1.1102230246251565e-16
58	0	0.99999904320045774
58	1	9.5679900645939688e-07
58	2	5.3580731502349145e-13
58	3	3.1511631887618233e-19
58	4	1.3435306898821202e-25
58	5	4.9170945375845344e-32
59	0	0.99999760760286183
59	1	2.392394081209723e-06
59	2	3.0570009075185028e-12
59	3	2.7731127792066697e-18
59	4	2.0033330461201644e-24
59	5	1.2261161851826404e-30
59	6	5.6763433183919482e-37
60	0	0.99999900160049848
60	1	9.9839876358220588e-07
60	2	7.3801630581783368e-13
60	3	3.7445985838869501e-19
60	4	1.565178530438185e-25
60	5	5.7662013042228238e-32
62	0	0.99999796400207275
62	1	2.0359952854438586e-06
62	2	2.6419072668123115e-12
62	3	2.2813073158617492e-18
62	4	1.5612176310673786e-24
62	5	9.0682923233898314e-31
62	6	3.333335586110874e-37
64	0	0.99999896200053873
64	1	1.0379986734368479e-06
64	2	7.878409288507446e-13
64	3	4.098728084908827e-19
64	4	1.7528057791221261e-25
64	5	6.5925151924518592e-32
66	0	0.99999756800295736
66	1	2.4319938869324853e-06
66	2	3.1557550101739748e-12
66	3	2.9043102323453041e-18
66	4	2.1267814483653056e-24
66	5	1.3184220847396271e-30
66	6	6.2100996843125494e-37
67	0	0.99999756800295736
67	1	2.4319938869324853e-06
67	2	3.1557550101739748e-12
67	3	2.9043102323453041e-18
67	4	2.1267814483653056e-24
67	5	1.3184220847396271e-30
67	6	6.2100996843125494e-37
68	0	0.9999987600007687
68	1	1.239998361217083e-06
68	2	8.699827792393088e-13
68	3	4.5562307175702784e-19
68	4	1.9857189782884237e-25
68	5	7.6219945607008147e-32
68	6	1.1102230246251565e-16
71	0	0.99999864120092319
71	1	1.3587980427858879e-06
71	2	1.0340452261819671e-12
71	3	5.8236556379249961e-19
71	4	2.7095546568414038e-25
71	5	1.1033750853039225e-31

[frame_retry_cdf]
frame_id	retry_count	cumulative_probability
1	0	0.99999843920121811
1	1	0.99999999999865463
1	2	1
1	3	1
1	4	1
1	5	1
2	0	0.99999954240010469
2	1	0.99999999999986799
2	2	1
2	3	1
2	4	1
2	5	1
3	0	0.99999839960128056
3	1	0.99999999999858868
3	2	0.99999999999999989
3	3	0.99999999999999989
3	4	0.99999999999999989
3	5	0.99999999999999989
3	6	1
5	0	0.99999949880012562
5	1	0.99999999999984257
5	2	1
5	3	1
5	4	1
5	5	1
6	0	0.99999772640258466
6	1	0.99999999999722988
6	2	1
6	3	1
6	4	1
6	5	1
6	6	1
7	0	0.99999860160097775
7	1	0.9999999999989081
7	2	1
7	3	1
7	4	1
7	5	1
8	0	0.99999945720014738
8	1	0.99999999999981826
8	2	1
8	3	1
8	4	1
8	5	1
9	0	0.99999989880000517
9	1	0.9999999999999889
9	2	1
9	3	1
9	4	1
9	5	1
10	0	0.99999872040081883
10	1	0.99999999999907707
10	2	1
10	3	1
10	4	1
10	5	1
11	0	0.99999836000134479
11	1	0.9999999999985214
11	2	1
11	3	1
11	4	1
11	5	1
13	0	0.99999855800103965
13	1	0.99999999999884259
13	2	0.99999999999999989
13	3	0.99999999999999989
13	4	0.99999999999999989
13	5	0.99999999999999989
13	6	1
15	0	0.99999970080004486
15	1	0.99999999999993749
15	2	1
15	3	1
15	4	1
15	5	1
16	0	0.9999997404000337
16	1	0.99999999999995082
16	2	1
16	3	1
16	4	1
16	5	1
17	0	0.99999966120005745
17	1	0.99999999999992251
17	2	1
17	3	1
17	4	1
17	5	1
22	0	0.99999985920001
22	1	0.99999999999998179
22	2	1
22	3	1
22	4	1
22	5	1
24	0	0.99999832040141046
24	1	0.99999999999845235
24	2	0.99999999999999989
24	3	0.99999999999999989
24	4	0.99999999999999989
24	5	0.99999999999999989
24	6	1
26	0	0.9999982808014779
26	1	0.99999999999838196
26	2	1
26	3	1
26	4	1
26	5	1
26	6	1
27	0	0.99999768680267542
27	1	0.99999999999713574
27	2	0.99999999999999989
27	3	0.99999999999999989
27	4	0.99999999999999989
27	5	0.99999999999999989
27	6	0.99999999999999989
27	7	1
28	0	0.99999941560017069
28	1	0.99999999999979206
28	2	1
28	3	1
28	4	1
28	5	1
29	0	0.99999824120154657
29	1	0.99999999999830969
29	2	0.99999999999999989
29	3	0.99999999999999989
29	4	0.99999999999999989
29	5	0.99999999999999989
29	6	0.99999999999999989
29	7	1
30	0	0.99999937400019601
30	1	0.9999999999997643
30	2	1
30	3	1
30	4	1
30	5	1
31	0	0.99999820160161723
31	1	0.99999999999823619
31	2	1
31	3	1
31	4	1
31	5	1
31	6	1
32	0	0.99999851840109766
32	1	0.99999999999878164
32	2	1
32	3	1
32	4	1
32	5	1
33	0	0.99999933440022148
33	1	0.9999999999997361
33	2	0.99999999999999989
33	3	0.99999999999999989
33	4	0.99999999999999989
33	5	0.99999999999999989
33	6	1
34	0	0.99999929480024863
34	1	0.99999999999970646
34	2	1
34	3	1
34	4	1
34	5	1
35	0	0.99999816200168912
35	1	0.99999999999816092
35	2	1
35	3	1
35	4	1
35	5	1
35	6	1
37	0	0.99999924320028644
37	1	0.99999999999965195
37	2	1
37	3	1
37	4	1
37	5	1
38	0	0.99999764720276785
38	1	0.99999999999704015
38	2	1
38	3	1
38	4	1
38	5	1
38	6	1
39	0	0.999998478801157
39	1	0.9999999999987188
39	2	1
39	3	1
39	4	1
39	5	1
41	0	0.99999962160007161
41	1	0.99999999999990585
41	2	1
41	3	1
41	4	1
41	5	1
43	0	0.99999920160031874
43	1	0.9999999999996162
43	2	1
43	3	1
43	4	1
43	5	1
44	0	0.99999916200035122
44	1	0.99999999999958056
44	2	1
44	3	1
44	4	1
44	5	1
45	0	0.99999812240176278
45	1	0.9999999999980842
45	2	1
45	3	1
45	4	1
45	5	1
45	6	1
46	0	0.99999808280183777
46	1	0.99999999999800571
46	2	1
46	3	1
46	4	1
46	5	1
46	6	1
47	0	0.99999981960001627
47	1	0.99999999999997302
47	2	1
47	3	1
47	4	1
47	5	1
49	0	0.99999958200008743
49	1	0.99999999999988776
49	2	1
49	3	1
49	4	1
49	5	1
51	0	0.99999868080087018
51	1	0.99999999999902223
51	2	1
51	3	1
51	4	1
51	5	1
52	0	0.99999912240038513
52	1	0.99999999999954337
52	2	1
52	3	1
52	4	1
52	5	1
53	0	0.99999978000002421
53	1	0.9999999999999627
53	2	1
53	3	1
53	4	1
53	5	1
54	0	0.99999804320191454
54	1	0.99999999999792577
54	2	1
54	3	1
54	4	1
54	5	1
54	6	1
56	0	0.99999908280042071
56	1	0.99999999999950462
56	2	1
56	3	1
56	4	1
56	5	1
57	0	0.99999800360199276
57	1	0.99999999999744893
57	2	0.99999999999999989
57	3	0.99999999999999989
57	4	0.99999999999999989
57	5	0.99999999999999989
57	6	0.99999999999999989
57	7	1
58	0	0.99999904320045774
58	1	0.99999999999946421
58	2	1
58	3	1
58	4	1
58	5	1
59	0	0.99999760760286183
59	1	0.999999999996943
59	2	1
59	3	1
59	4	1
59	5	1
59	6	1
60	0	0.99999900160049848
60	1	0.99999999999926203
60	2	1
60	3	1
60	4	1
60	5	1
62	0	0.99999796400207275
62	1	0.99999999999735822
62	2	1
62	3	1
62	4	1
62	5	1
62	6	1
64	0	0.99999896200053873
64	1	0.99999999999921219
64	2	1
64	3	1
64	4	1
64	5	1
66	0	0.99999756800295736
66	1	0.9999999999968443
66	2	1
66	3	1
66	4	1
66	5	1
66	6	1
67	0	0.99999756800295736
67	1	0.9999999999968443
67	2	1
67	3	1
67	4	1
67	5	1
67	6	1
68	0	0.9999987600007687
68	1	0.99999999999912992
68	2	0.99999999999999989
68	3	0.99999999999999989
68	4	0.99999999999999989
68	5	0.99999999999999989
68	6	1
71	0	0.99999864120092319
71	1	0.99999999999896594
71	2	1
71	3	1
71	4	1
71	5	1

[frame_wcrt_distribution]
frame_id	response_time_ms	probability
1	1.5607999999999997	0.99999843920121811
1	1.6423999999999999	1.5607974365441845e-06
1	1.7239999999999998	1.3454072805158522e-12
1	1.8055999999999996	8.4808291448144206e-19
1	1.8104000000000005	8.1151147711214807e-40
1	1.8871999999999998	4.3710822508672806e-25
1	1.9687999999999999	1.9542118824107495e-31
2	0.45760000000000006	0.99999954240010469
2	0.5172000000000001	4.5759976332934119e-07
2	0.57680000000000009	1.3197176387866494e-13
2	0.63640000000000008	3.0888358625309113e-20
2	0.69600000000000006	6.4283896122392982e-27
2	0.75560000000000005	1.2430033125033568e-33
3	1.6003999999999998	0.99999839960128056
3	1.6819999999999999	1.6003973081294624e-06
3	1.7635999999999998	1.4112302311521711e-12
3	1.8451999999999997	9.081621191270443e-19
3	1.8500000000000005	8.1151147711214807e-40
3	1.9267999999999998	4.7700878464100049e-25
3	2.0084	2.1699382155348776e-31
3	100.08159999999999	1.1102230246251565e-16
5	0.50120000000000009	0.99999949880012562
5	0.56480000000000008	5.0119971692231966e-07
5	0.62840000000000007	1.5747694104145934e-13
5	0.69200000000000017	4.0001078452577459e-20
5	0.75560000000000005	9.0089741382640265e-27
5	0.81920000000000015	1.881002124540142e-33
6	2.273600000000001	0.99999772640258466
6	2.3252000000000015	8.1151147711214807e-40
6	2.3552000000000008	2.2735946452235838e-06
6	2.4368000000000007	2.7701474896963746e-12
6	2.4836000000000009	2.4310739215320902e-32
6	2.5184000000000011	2.4033174391470711e-18
6	2.5652000000000008	6.0853439562316897e-38
6	2.600000000000001	1.6650287375863193e-24
6	2.6816000000000009	9.5542211631114277e-31
6	2.7632000000000012	3.2574794273493679e-37
7	1.3983999999999994	0.99999860160097775
7	1.4799999999999995	1.3983979303695308e-06
7	1.5615999999999994	1.0918690149360149e-12
7	1.6431999999999993	6.2930372692993384e-19
7	1.6480000000000001	8.1151147711214807e-40
7	1.7247999999999994	2.9897553728728236e-25
7	1.8063999999999996	1.2408096650313037e-31
8	0.54280000000000006	0.99999945720014738
8	0.60640000000000005	5.4279967084617955e-07
8	0.67000000000000004	1.8183787816858109e-13
8	0.73360000000000003	4.8686316198372034e-20
8	0.79720000000000013	1.1458562057282951e-26
8	0.86080000000000001	2.4835179590696293e-33
9	0.10120000000000001	0.99999989880000517
9	0.1608	1.0119998372704138e-07
9	0.22040000000000001	1.1152237542046581e-14
9	0.28000000000000003	1.3223462964096524e-21
9	0.33960000000000001	1.651475624726784e-28
9	0.3992	2.1417129426682251e-35
10	1.2795999999999996	0.99999872040081883
10	1.3611999999999997	1.2795982582096638e-06
10	1.4427999999999996	9.2310210814731703e-13
10	1.5243999999999995	4.9558733496875771e-19
10	1.5291999999999994	8.1151147711214807e-40
10	1.6059999999999997	2.2085076861644749e-25
10	1.6875999999999998	8.6490896412855889e-32
11	1.6399999999999999	0.99999836000134479
11	1.7216	1.6399971765784311e-06
11	1.8031999999999999	1.4786213337476119e-12
11	1.8847999999999998	9.710069207777678e-19
11	1.8896000000000006	8.1151147711214807e-40
11	1.9663999999999999	5.1957392648333481e-25
11	2.048	2.4042610265498292e-31
13	1.4419999999999995	0.99999855800103965
13	1.5235999999999996	1.4419978029704732e-06
13	1.6051999999999995	1.1573473422245551e-12
13	1.6867999999999994	6.8381789554833303e-19
13	1.6916000000000002	1.312959050936332e-39
13	1.7683999999999995	3.322727833009877e-25
13	1.8499999999999996	1.4075706725677661e-31
13	50.081600000000002	1.1102230246251565e-16
15	0.29920000000000002	0.99999970080004486
15	0.35880000000000001	2.9919989264705907e-07
15	0.41839999999999999	6.2592613811244857e-14
15	0.47800000000000004	1.1393730020462394e-20
15	0.53760000000000008	1.9369922992934541e-27
15	0.59719999999999995	3.1714606144780772e-34
16	0.25960000000000005	0.9999997404000337
16	0.31920000000000004	2.5959991713569323e-07
16	0.37880000000000003	4.9168221375074222e-14
16	0.43840000000000007	8.3156143171005576e-21
16	0.49800000000000005	1.3359224815104389e-27
16	0.5576000000000001	2.0912901964138001e-34
17	0.33879999999999999	0.99999966120005745
17	0.39839999999999998	3.3879986502210674e-07
17	0.45799999999999996	7.7585164465986536e-14
17	0.51760000000000006	1.5127963284430811e-20
17	0.57719999999999994	2.7146314518118661e-27
17	0.63680000000000003	4.6427376297989828e-34
22	0.14080000000000001	0.99999985920001
22	0.20040000000000002	1.4079997178368289e-07
22	0.26000000000000001	1.8303995240960604e-14
22	0.3196	2.3969821885910364e-21
22	0.37919999999999998	3.1988673734852619e-28
22	0.43879999999999997	4.3499847285639739e-35
24	1.6796	0.99999832040141046
24	1.7612000000000001	1.6795970418910843e-06
24	1.8428	1.5475805881158676e-12
24	1.9243999999999999	1.0366794181215427e-18
24	1.9292000000000007	8.1151147711214807e-40
24	2.0060000000000002	5.6491946495348274e-25
24	2.0876000000000001	2.6583549117261806e-31
24	100.08159999999999	1.1102230246251565e-16
26	1.7192000000000001	0.9999982808014779
26	1.8008000000000002	1.7191969040674285e-06
26	1.8824000000000001	1.6181079940706463e-12
26	1.964	1.105241709836486e-18
26	1.9688000000000008	8.1151147711214807e-40
26	2.1272000000000002	1.3860425375212635e-31
26	2.2436000000000003	6.1316355208723198e-25
26	2.3252000000000002	2.7614638164925391e-31
26	2.4068000000000005	5.6463290777081889e-38
27	2.313200000000001	0.99999768680267542
27	2.3648000000000016	8.1151147711214807e-40
27	2.3948000000000009	2.3131944603552714e-06
27	2.4764000000000008	2.8641971470934059e-12
27	2.523200000000001	2.6336643316525325e-32
27	2.5580000000000012	2.5226784811135284e-18
27	2.6048000000000009	6.8971738931417411e-38
27	2.6396000000000011	1.7726179983861466e-24
27	2.721200000000001	1.0306576416452799e-30
27	2.8028000000000013	3.5690045093226066e-37
27	1000.0816	1.1102230246251565e-16
28	0.58440000000000014	0.99999941560017069
28	0.64800000000000013	5.8439962130892294e-07
28	0.71160000000000012	2.0792937203740689e-13
28	0.77520000000000011	5.853102752273007e-20
28	0.83880000000000021	1.4370565769167596e-26
28	0.90240000000000009	3.2294232660052877e-33
29	1.7588000000000001	0.99999824120154657
29	1.8404000000000003	1.7587967631074593e-06
29	1.9220000000000002	1.6902035514256519e-12
29	2.0036	1.1767558945908621e-18
29	2.0084000000000009	1.312959050936332e-39
29	2.1668000000000003	1.5355880023306104e-31
29	2.2832000000000003	6.644271530912678e-25
29	2.3648000000000002	3.0107744672969523e-31
29	2.4464000000000006	6.1937289168398535e-38
29	100.08159999999999	1.1102230246251565e-16
30	0.62600000000000011	0.99999937400019601
30	0.6896000000000001	6.2599956831054921e-07
30	0.75320000000000009	2.357514224319626e-13
30	0.81680000000000019	6.9607203518146686e-20
30	0.88040000000000007	1.7799295402096193e-26
30	0.94400000000000017	4.1426735334200034e-33
31	1.7984000000000002	0.99999820160161723
31	1.8800000000000003	1.7983966190111793e-06
31	1.9616000000000002	1.7638672599945902e-12
31	2.0480000000000009	8.1151147711214807e-40
31	2.2064000000000004	1.0895400441313273e-31
31	2.2412000000000005	1.2512838232888869e-18
31	2.3228000000000004	9.665875245271529e-25
31	2.4044000000000003	4.3329337798088177e-31
31	2.4860000000000007	6.9172752200132271e-38
32	1.4815999999999996	0.99999851840109766
32	1.5631999999999997	1.4815976839646906e-06
32	1.6447999999999996	1.218465835865747e-12
32	1.7263999999999995	7.3597290140462012e-19
32	1.7312000000000003	8.1151147711214807e-40
32	1.8079999999999996	3.6484989099826739e-25
32	1.8895999999999997	1.5740862018449582e-31
33	0.66560000000000019	0.99999933440022148
33	0.72920000000000018	6.6559951464465662e-07
33	0.79280000000000017	2.6384363082468698e-13
33	0.85640000000000027	8.1360762151946767e-20
33	0.92000000000000015	2.1595593998710997e-26
33	0.98360000000000025	5.1916544308833774e-33
33	10.063599999999999	1.1102230246251565e-16
34	0.70520000000000005	0.99999929480024863
34	0.76880000000000004	7.0519945784244846e-07
34	0.83240000000000003	2.9350399568717303e-13
34	0.89600000000000013	9.4357555988925587e-20
34	0.95960000000000001	2.5963985806906778e-26
34	1.0232000000000001	6.4412891807678246e-33
35	1.8380000000000003	0.99999816200168912
35	1.9196000000000004	1.837996471778587e-06
35	2.0012000000000003	1.8390991195911637e-12
35	2.087600000000001	8.1151147711214807e-40
35	2.2460000000000004	1.2203141690838545e-31
35	2.2808000000000006	1.3288880747219582e-18
35	2.3624000000000005	1.0396276040574834e-24
35	2.4440000000000004	4.6900112214253183e-31
35	2.5256000000000007	7.6277466459628284e-38
37	0.75680000000000003	0.99999924320028644
37	0.83840000000000003	7.5679936549914606e-07
37	0.92000000000000004	3.4812767972238807e-13
37	1.0016	1.2653715616165458e-19
37	1.1648000000000001	4.8121936348239507e-33
37	1.2416000000000003	4.0077008481959734e-26
37	1.3232000000000004	1.3145273892410376e-32
38	2.352800000000002	0.99999764720276785
38	2.4044000000000016	8.1151147711214807e-40
38	2.4344000000000019	2.3527942723506536e-06
38	2.5160000000000018	2.9598149530962208e-12
38	2.5976000000000021	2.6459228949631091e-18
38	2.644400000000001	7.7973185058085773e-38
38	2.679200000000002	1.8853327418612211e-24
38	2.7608000000000019	1.1390489012710538e-30
38	2.8424000000000023	4.4067571033304944e-37
39	1.5211999999999997	0.999998478801157
39	1.6027999999999998	1.5211975618225942e-06
39	1.6843999999999997	1.2811524820249431e-12
39	1.7659999999999996	7.9070720814316978e-19
39	1.7708000000000004	8.1151147711214807e-40
39	1.8475999999999997	3.9975889258364181e-25
39	1.9291999999999998	1.7559548130859237e-31
41	0.37840000000000001	0.99999962160007161
41	0.438	3.7839983426083647e-07
41	0.49760000000000004	9.4145873153001996e-14
41	0.55720000000000003	1.9580413132457472e-20
41	0.61680000000000001	3.6997528489229454e-27
41	0.6764	6.6006093221340524e-34
43	0.7984	0.99999920160031874
43	0.88	7.9839929740830868e-07
43	0.96160000000000001	3.838703508700938e-13
43	1.2016000000000004	1.4481178699671926e-19
43	1.2063999999999999	3.2551563005449383e-33
43	1.2832000000000003	7.0278882681636338e-26
43	1.3648000000000002	2.2025092619816538e-32
44	0.83799999999999986	0.99999916200035122
44	0.91959999999999986	8.3799922937555357e-07
44	1.0011999999999999	4.1950237999400736e-13
44	1.2412000000000001	1.6375279573657056e-19
44	1.246	4.0505883708386818e-33
44	1.3228000000000002	8.1062195591619341e-26
44	1.4044000000000003	2.568386703974477e-32
45	1.8776000000000004	0.99999812240176278
45	1.9592000000000005	1.8775963214096824e-06
45	2.1272000000000011	8.1151147711214807e-40
45	2.2388000000000003	1.9158987506810762e-12
45	2.2856000000000005	1.6946457417255775e-32
45	2.3204000000000007	1.7889784361989533e-18
45	2.3672000000000004	3.1181855362162823e-38
45	2.4020000000000006	1.1851956280787101e-24
45	2.4836000000000005	6.3869130746791764e-31
45	2.5652000000000008	1.690625966557503e-37
46	1.9172000000000005	0.99999808280183777
46	1.9988000000000006	1.9171961679044717e-06
46	2.1668000000000012	8.1151147711214807e-40
46	2.2784000000000004	1.9942668962571337e-12
46	2.3252000000000006	1.8483260632678013e-32
46	2.3600000000000008	1.8884380545342743e-18
46	2.4068000000000005	3.5861227798281881e-38
46	2.4416000000000007	1.2692163532937102e-24
46	2.5232000000000006	6.9346989390287552e-31
46	2.6048000000000009	1.8778298891872803e-37
47	0.1804	0.99999981960001627
47	0.23999999999999999	1.8039995670400535e-07
47	0.29959999999999998	2.7023911903634785e-14
47	0.35920000000000002	3.8793394492076876e-21
47	0.41880000000000001	5.5213481001709298e-28
47	0.47839999999999999	7.8744422567693165e-35
49	0.41800000000000004	0.99999958200008743
49	0.47760000000000002	4.1799980036324772e-07
49	0.53720000000000001	1.1227473968599369e-13
49	0.5968	2.4813178578157212e-20
49	0.65640000000000009	4.9257285197587169e-27
49	0.71599999999999997	9.1547578227610815e-34
51	1.3191999999999997	0.99999868080087018
51	1.4007999999999998	1.3191981520659331e-06
51	1.4823999999999997	9.7778959052363694e-13
51	1.5639999999999996	5.3781413272470517e-19
51	1.5688	8.1151147711214807e-40
51	1.6455999999999997	2.4494666019876319e-25
51	1.7271999999999998	9.7836125326987115e-32
52	0.87759999999999971	0.99999912240038513
52	0.95919999999999972	8.7759915820648343e-07
52	1.1992	4.5670249232204381e-13
52	1.2808000000000002	2.5660551163811757e-19
52	1.2855999999999996	4.6253460620844241e-33
52	1.3624000000000001	1.0464102334823482e-25
52	1.444	3.2114718692232598e-32
53	0.22000000000000003	0.99999978000002421
53	0.27960000000000002	2.1999993848800866e-07
53	0.33920000000000006	3.7311987343771771e-14
53	0.39880000000000004	5.8315171410571755e-21
53	0.45840000000000003	8.8296820836728169e-28
53	0.51800000000000002	1.3199585365825641e-34
54	1.9568000000000005	0.99999804320191454
54	2.0384000000000007	1.9567960112629462e-06
54	2.2064000000000012	8.1151147711214807e-40
54	2.3180000000000005	2.0742031919914324e-12
54	2.3648000000000007	2.0102318194397693e-32
54	2.3996000000000008	1.9914705521628649e-18
54	2.4464000000000006	4.1111702713181812e-38
54	2.4812000000000007	1.3575990570827082e-24
54	2.5628000000000006	7.5195786697048205e-31
54	2.644400000000001	2.3073782818059505e-37
56	0.91719999999999979	0.99999908280042071
56	0.9987999999999998	9.1719908390109741e-07
56	1.2388000000000001	4.954708262103601e-13
56	1.3204000000000002	2.8488959939419139e-19
56	1.3251999999999997	5.7364955779609721e-33
56	1.4020000000000001	1.1881605111659979e-25
56	1.4836	3.6862543412226873e-32
57	1.9964000000000006	0.99999800360199276
57	2.2460000000000013	8.1151147711214807e-40
57	2.2760000000000007	1.9963954561987742e-06
57	2.3576000000000006	2.5509939057696874e-12
57	2.4044000000000008	2.1598933419378968e-32
57	2.4392000000000009	2.1695267218333119e-18
57	2.4860000000000007	4.6987730445362481e-38
57	2.5208000000000008	1.4634089376219957e-24
57	2.6024000000000007	8.1692299329046779e-31
57	2.6840000000000011	2.5432466013550687e-37
57	100.08159999999999	1.1102230246251565e-16
58	0.95679999999999965	0.99999904320045774
58	1.0383999999999998	9.5679900645939688e-07
58	1.2784	5.3580731502349145e-13
58	1.3599999999999999	3.1511631887618233e-19
58	1.3647999999999998	7.0530566086766217e-33
58	1.4416	1.3435306898821202e-25
58	1.5232000000000001	4.2117888767168714e-32
59	2.3924000000000021	0.99999760760286183
59	2.4440000000000017	8.1151147711214807e-40
59	2.474000000000002	2.392394081209723e-06
59	2.5556000000000019	3.0570009075185028e-12
59	2.6372000000000022	2.7731127792066697e-18
59	2.6840000000000019	8.7933019503064823e-38
59	2.7188000000000021	2.0033330461201644e-24
59	2.800400000000002	1.2261161843711289e-30
59	2.8820000000000023	4.7970131233613001e-37
60	0.99839999999999973	0.99999900160049848
60	1.2383999999999999	9.9839876358220588e-07
60	1.3199999999999998	7.3801630581783368e-13
60	1.4015999999999997	3.7445985838869501e-19
60	1.4063999999999997	6.6822731009557578e-33
60	1.4831999999999999	1.565178530438185e-25
60	1.5648	5.0979739941272492e-32
62	2.0360000000000009	0.99999796400207275
62	2.2856000000000014	8.1151147711214807e-40
62	2.3156000000000008	2.0359952854438586e-06
62	2.3972000000000007	2.6419072668123115e-12
62	2.4440000000000008	2.2404856490210341e-32
62	2.478800000000001	2.2813073158617492e-18
62	2.5256000000000007	5.3547565462385734e-38
62	2.5604000000000009	1.5612176310673786e-24
62	2.6420000000000008	8.8442437503726131e-31
62	2.7236000000000011	2.7978599314870166e-37
64	1.0379999999999996	0.99999896200053873
64	1.2779999999999996	1.0379986734368479e-06
64	1.3595999999999997	7.878409288507446e-13
64	1.4411999999999998	4.098728084908827e-19
64	1.4459999999999997	8.2668718894343886e-33
64	1.5227999999999997	1.7528057791221261e-25
64	1.6043999999999996	5.7658280035084208e-32
66	2.4320000000000022	0.99999756800295736
66	2.4836000000000018	8.1151147711214807e-40
66	2.5136000000000021	2.4319938869324853e-06
66	2.5952000000000019	3.1557550101739748e-12
66	2.6768000000000023	2.9043102323453041e-18
66	2.7584000000000022	2.1267814483653056e-24
66	2.8400000000000021	1.3184220839281155e-30
66	2.9216000000000024	6.2100996843125494e-37
67	2.4320000000000022	0.99999756800295736
67	2.4836000000000018	8.1151147711214807e-40
67	2.5136000000000021	2.4319938869324853e-06
67	2.5952000000000019	3.1557550101739748e-12
67	2.6768000000000023	2.9043102323453041e-18
67	2.7584000000000022	2.1267814483653056e-24
67	2.8400000000000021	1.3184220839281155e-30
67	2.9216000000000024	6.2100996843125494e-37
68	1.2399999999999998	0.9999987600007687
68	1.3215999999999997	1.239998361217083e-06
68	1.4031999999999998	8.699827792393088e-13
68	1.4847999999999999	4.5562307175702784e-19
68	1.4895999999999998	3.048366916752272e-39
68	1.5663999999999998	1.9857189782884237e-25
68	1.6479999999999997	7.6219942558641225e-32
68	10.0816	1.1102230246251565e-16
71	1.3587999999999993	0.99999864120092319
71	1.4403999999999995	1.3587980427858879e-06
71	1.5219999999999994	1.0340452261819671e-12
71	1.6035999999999992	5.8236556379249961e-19
71	1.6083999999999996	8.1151147711214807e-40
71	1.6851999999999994	2.7095546568414038e-25
71	1.7667999999999995	1.1033750771888078e-31

[frame_wcrt_cdf]
frame_id	response_time_ms	cumulative_probability
1	1.5607999999999997	0.99999843920121811
1	1.6423999999999999	0.99999999999865463
1	1.7239999999999998	1
1	1.8055999999999996	1
1	1.8104000000000005	1
1	1.8871999999999998	1
1	1.9687999999999999	1
2	0.45760000000000006	0.99999954240010469
2	0.5172000000000001	0.99999999999986799
2	0.57680000000000009	1
2	0.63640000000000008	1
2	0.69600000000000006	1
2	0.75560000000000005	1
3	1.6003999999999998	0.99999839960128056
3	1.6819999999999999	0.99999999999858868
3	1.7635999999999998	0.99999999999999989
3	1.8451999999999997	0.99999999999999989
3	1.8500000000000005	0.99999999999999989
3	1.9267999999999998	0.99999999999999989
3	2.0084	0.99999999999999989
3	100.08159999999999	1
5	0.50120000000000009	0.99999949880012562
5	0.56480000000000008	0.99999999999984257
5	0.62840000000000007	1
5	0.69200000000000017	1
5	0.75560000000000005	1
5	0.81920000000000015	1
6	2.273600000000001	0.99999772640258466
6	2.3252000000000015	0.99999772640258466
6	2.3552000000000008	0.99999999999722988
6	2.4368000000000007	1
6	2.4836000000000009	1
6	2.5184000000000011	1
6	2.5652000000000008	1
6	2.600000000000001	1
6	2.6816000000000009	1
6	2.7632000000000012	1
7	1.3983999999999994	0.99999860160097775
7	1.4799999999999995	0.9999999999989081
7	1.5615999999999994	1
7	1.6431999999999993	1
7	1.6480000000000001	1
7	1.7247999999999994	1
7	1.8063999999999996	1
8	0.54280000000000006	0.99999945720014738
8	0.60640000000000005	0.99999999999981826
8	0.67000000000000004	1
8	0.73360000000000003	1
8	0.79720000000000013	1
8	0.86080000000000001	1
9	0.10120000000000001	0.99999989880000517
9	0.1608	0.9999999999999889
9	0.22040000000000001	1
9	0.28000000000000003	1
9	0.33960000000000001	1
9	0.3992	1
10	1.2795999999999996	0.99999872040081883
10	1.3611999999999997	0.99999999999907707
10	1.4427999999999996	1
10	1.5243999999999995	1
10	1.5291999999999994	1
10	1.6059999999999997	1
10	1.6875999999999998	1
11	1.6399999999999999	0.99999836000134479
11	1.7216	0.9999999999985214
11	1.8031999999999999	1
11	1.8847999999999998	1
11	1.8896000000000006	1
11	1.9663999999999999	1
11	2.048	1
13	1.4419999999999995	0.99999855800103965
13	1.5235999999999996	0.99999999999884259
13	1.6051999999999995	0.99999999999999989
13	1.6867999999999994	0.99999999999999989
13	1.6916000000000002	0.99999999999999989
13	1.7683999999999995	0.99999999999999989
13	1.8499999999999996	0.99999999999999989
13	50.081600000000002	1
15	0.29920000000000002	0.99999970080004486
15	0.35880000000000001	0.99999999999993749
15	0.41839999999999999	1
15	0.47800000000000004	1
15	0.53760000000000008	1
15	0.59719999999999995	1
16	0.25960000000000005	0.9999997404000337
16	0.31920000000000004	0.99999999999995082
16	0.37880000000000003	1
16	0.43840000000000007	1
16	0.49800000000000005	1
16	0.5576000000000001	1
17	0.33879999999999999	0.99999966120005745
17	0.39839999999999998	0.99999999999992251
17	0.45799999999999996	1
17	0.51760000000000006	1
17	0.57719999999999994	1
17	0.63680000000000003	1
22	0.14080000000000001	0.99999985920001
22	0.20040000000000002	0.99999999999998179
22	0.26000000000000001	1
22	0.3196	1
22	0.37919999999999998	1
22	0.43879999999999997	1
24	1.6796	0.99999832040141046
24	1.7612000000000001	0.99999999999845235
24	1.8428	0.99999999999999989
24	1.9243999999999999	0.99999999999999989
24	1.9292000000000007	0.99999999999999989
24	2.0060000000000002	0.99999999999999989
24	2.0876000000000001	0.99999999999999989
24	100.08159999999999	1
26	1.7192000000000001	0.9999982808014779
26	1.8008000000000002	0.99999999999838196
26	1.8824000000000001	1
26	1.964	1
26	1.9688000000000008	1
26	2.1272000000000002	1
26	2.2436000000000003	1
26	2.3252000000000002	1
26	2.4068000000000005	1
27	2.313200000000001	0.99999768680267542
27	2.3648000000000016	0.99999768680267542
27	2.3948000000000009	0.99999999999713574
27	2.4764000000000008	0.99999999999999989
27	2.523200000000001	0.99999999999999989
27	2.5580000000000012	0.99999999999999989
27	2.6048000000000009	0.99999999999999989
27	2.6396000000000011	0.99999999999999989
27	2.721200000000001	0.99999999999999989
27	2.8028000000000013	0.99999999999999989
27	1000.0816	1
28	0.58440000000000014	0.99999941560017069
28	0.64800000000000013	0.99999999999979206
28	0.71160000000000012	1
28	0.77520000000000011	1
28	0.83880000000000021	1
28	0.90240000000000009	1
29	1.7588000000000001	0.99999824120154657
29	1.8404000000000003	0.99999999999830969
29	1.9220000000000002	0.99999999999999989
29	2.0036	0.99999999999999989
29	2.0084000000000009	0.99999999999999989
29	2.1668000000000003	0.99999999999999989
29	2.2832000000000003	0.99999999999999989
29	2.3648000000000002	0.99999999999999989
29	2.4464000000000006	0.99999999999999989
29	100.08159999999999	1
30	0.62600000000000011	0.99999937400019601
30	0.6896000000000001	0.9999999999997643
30	0.75320000000000009	1
30	0.81680000000000019	1
30	0.88040000000000007	1
30	0.94400000000000017	1
31	1.7984000000000002	0.99999820160161723
31	1.8800000000000003	0.99999999999823619
31	1.9616000000000002	1
31	2.0480000000000009	1
31	2.2064000000000004	1
31	2.2412000000000005	1
31	2.3228000000000004	1
31	2.4044000000000003	1
31	2.4860000000000007	1
32	1.4815999999999996	0.99999851840109766
32	1.5631999999999997	0.99999999999878164
32	1.6447999999999996	1
32	1.7263999999999995	1
32	1.7312000000000003	1
32	1.8079999999999996	1
32	1.8895999999999997	1
33	0.66560000000000019	0.99999933440022148
33	0.72920000000000018	0.9999999999997361
33	0.79280000000000017	0.99999999999999989
33	0.85640000000000027	0.99999999999999989
33	0.92000000000000015	0.99999999999999989
33	0.98360000000000025	0.99999999999999989
33	10.063599999999999	1
34	0.70520000000000005	0.99999929480024863
34	0.76880000000000004	0.99999999999970646
34	0.83240000000000003	1
34	0.89600000000000013	1
34	0.95960000000000001	1
34	1.0232000000000001	1
35	1.8380000000000003	0.99999816200168912
35	1.9196000000000004	0.99999999999816092
35	2.0012000000000003	1
35	2.087600000000001	1
35	2.2460000000000004	1
35	2.2808000000000006	1
35	2.3624000000000005	1
35	2.4440000000000004	1
35	2.5256000000000007	1
37	0.75680000000000003	0.99999924320028644
37	0.83840000000000003	0.99999999999965195
37	0.92000000000000004	1
37	1.0016	1
37	1.1648000000000001	1
37	1.2416000000000003	1
37	1.3232000000000004	1
38	2.352800000000002	0.99999764720276785
38	2.4044000000000016	0.99999764720276785
38	2.4344000000000019	0.99999999999704015
38	2.5160000000000018	1
38	2.5976000000000021	1
38	2.644400000000001	1
38	2.679200000000002	1
38	2.7608000000000019	1
38	2.8424000000000023	1
39	1.5211999999999997	0.999998478801157
39	1.6027999999999998	0.9999999999987188
39	1.6843999999999997	1
39	1.7659999999999996	1
39	1.7708000000000004	1
39	1.8475999999999997	1
39	1.9291999999999998	1
41	0.37840000000000001	0.99999962160007161
41	0.438	0.99999999999990585
41	0.49760000000000004	1
41	0.55720000000000003	1
41	0.61680000000000001	1
41	0.6764	1
43	0.7984	0.99999920160031874
43	0.88	0.9999999999996162
43	0.96160000000000001	1
43	1.2016000000000004	1
43	1.2063999999999999	1
43	1.2832000000000003	1
43	1.3648000000000002	1
44	0.83799999999999986	0.99999916200035122
44	0.91959999999999986	0.99999999999958056
44	1.0011999999999999	1
44	1.2412000000000001	1
44	1.246	1
44	1.3228000000000002	1
44	1.4044000000000003	1
45	1.8776000000000004	0.99999812240176278
45	1.9592000000000005	0.9999999999980842
45	2.1272000000000011	0.9999999999980842
45	2.2388000000000003	1
45	2.2856000000000005	1
45	2.3204000000000007	1
45	2.3672000000000004	1
45	2.4020000000000006	1
45	2.4836000000000005	1
45	2.5652000000000008	1
46	1.9172000000000005	0.99999808280183777
46	1.9988000000000006	0.99999999999800571
46	2.1668000000000012	0.99999999999800571
46	2.2784000000000004	1
46	2.3252000000000006	1
46	2.3600000000000008	1
46	2.4068000000000005	1
46	2.4416000000000007	1
46	2.5232000000000006	1
46	2.6048000000000009	1
47	0.1804	0.99999981960001627
47	0.23999999999999999	0.99999999999997302
47	0.29959999999999998	1
47	0.35920000000000002	1
47	0.41880000000000001	1
47	0.47839999999999999	1
49	0.41800000000000004	0.99999958200008743
49	0.47760000000000002	0.99999999999988776
49	0.53720000000000001	1
49	0.5968	1
49	0.65640000000000009	1
49	0.71599999999999997	1
51	1.3191999999999997	0.99999868080087018
51	1.4007999999999998	0.99999999999902223
51	1.4823999999999997	1
51	1.5639999999999996	1
51	1.5688	1
51	1.6455999999999997	1
51	1.7271999999999998	1
52	0.87759999999999971	0.99999912240038513
52	0.95919999999999972	0.99999999999954337
52	1.1992	1
52	1.2808000000000002	1
52	1.2855999999999996	1
52	1.3624000000000001	1
52	1.444	1
53	0.22000000000000003	0.99999978000002421
53	0.27960000000000002	0.9999999999999627
53	0.33920000000000006	1
53	0.39880000000000004	1
53	0.45840000000000003	1
53	0.51800000000000002	1
54	1.9568000000000005	0.99999804320191454
54	2.0384000000000007	0.99999999999792577
54	2.2064000000000012	0.99999999999792577
54	2.3180000000000005	1
54	2.3648000000000007	1
54	2.3996000000000008	1
54	2.4464000000000006	1
54	2.4812000000000007	1
54	2.5628000000000006	1
54	2.644400000000001	1
56	0.91719999999999979	0.99999908280042071
56	0.9987999999999998	0.99999999999950462
56	1.2388000000000001	1
56	1.3204000000000002	1
56	1.3251999999999997	1
56	1.4020000000000001	1
56	1.4836	1
57	1.9964000000000006	0.99999800360199276
57	2.2460000000000013	0.99999800360199276
57	2.2760000000000007	0.99999999999744893
57	2.3576000000000006	0.99999999999999989
57	2.4044000000000008	0.99999999999999989
57	2.4392000000000009	0.99999999999999989
57	2.4860000000000007	0.99999999999999989
57	2.5208000000000008	0.99999999999999989
57	2.6024000000000007	0.99999999999999989
57	2.6840000000000011	0.99999999999999989
57	100.08159999999999	1
58	0.95679999999999965	0.99999904320045774
58	1.0383999999999998	0.99999999999946421
58	1.2784	1
58	1.3599999999999999	1
58	1.3647999999999998	1
58	1.4416	1
58	1.5232000000000001	1
59	2.3924000000000021	0.99999760760286183
59	2.4440000000000017	0.99999760760286183
59	2.474000000000002	0.999999999996943
59	2.5556000000000019	1
59	2.6372000000000022	1
59	2.6840000000000019	1
59	2.7188000000000021	1
59	2.800400000000002	1
59	2.8820000000000023	1
60	0.99839999999999973	0.99999900160049848
60	1.2383999999999999	0.99999999999926203
60	1.3199999999999998	1
60	1.4015999999999997	1
60	1.4063999999999997	1
60	1.4831999999999999	1
60	1.5648	1
62	2.0360000000000009	0.99999796400207275
62	2.2856000000000014	0.99999796400207275
62	2.3156000000000008	0.99999999999735822
62	2.3972000000000007	1
62	2.4440000000000008	1
62	2.478800000000001	1
62	2.5256000000000007	1
62	2.5604000000000009	1
62	2.6420000000000008	1
62	2.7236000000000011	1
64	1.0379999999999996	0.99999896200053873
64	1.2779999999999996	0.99999999999921219
64	1.3595999999999997	1
64	1.4411999999999998	1
64	1.4459999999999997	1
64	1.5227999999999997	1
64	1.6043999999999996	1
66	2.4320000000000022	0.99999756800295736
66	2.4836000000000018	0.99999756800295736
66	2.5136000000000021	0.9999999999968443
66	2.5952000000000019	1
66	2.6768000000000023	1
66	2.7584000000000022	1
66	2.8400000000000021	1
66	2.9216000000000024	1
67	2.4320000000000022	0.99999756800295736
67	2.4836000000000018	0.99999756800295736
67	2.5136000000000021	0.9999999999968443
67	2.5952000000000019	1
67	2.6768000000000023	1
67	2.7584000000000022	1
67	2.8400000000000021	1
67	2.9216000000000024	1
68	1.2399999999999998	0.9999987600007687
68	1.3215999999999997	0.99999999999912992
68	1.4031999999999998	0.99999999999999989
68	1.4847999999999999	0.99999999999999989
68	1.4895999999999998	0.99999999999999989
68	1.5663999999999998	0.99999999999999989
68	1.6479999999999997	0.99999999999999989
68	10.0816	1
71	1.3587999999999993	0.99999864120092319
71	1.4403999999999995	0.99999999999896594
71	1.5219999999999994	1
71	1.6035999999999992	1
71	1.6083999999999996	1
71	1.6851999999999994	1
71	1.7667999999999995	1

[frame_distribution_quantiles]
frame_id	retry_q50	retry_q90	retry_q95	retry_q99	wcrt_q50_ms	wcrt_q90_ms	wcrt_q95_ms	wcrt_q99_ms
1	0	0	0	0	1.5607999999999997	1.5607999999999997	1.5607999999999997	1.5607999999999997
2	0	0	0	0	0.45760000000000006	0.45760000000000006	0.45760000000000006	0.45760000000000006
3	0	0	0	0	1.6003999999999998	1.6003999999999998	1.6003999999999998	1.6003999999999998
5	0	0	0	0	0.50120000000000009	0.50120000000000009	0.50120000000000009	0.50120000000000009
6	0	0	0	0	2.273600000000001	2.273600000000001	2.273600000000001	2.273600000000001
7	0	0	0	0	1.3983999999999994	1.3983999999999994	1.3983999999999994	1.3983999999999994
8	0	0	0	0	0.54280000000000006	0.54280000000000006	0.54280000000000006	0.54280000000000006
9	0	0	0	0	0.10120000000000001	0.10120000000000001	0.10120000000000001	0.10120000000000001
10	0	0	0	0	1.2795999999999996	1.2795999999999996	1.2795999999999996	1.2795999999999996
11	0	0	0	0	1.6399999999999999	1.6399999999999999	1.6399999999999999	1.6399999999999999
13	0	0	0	0	1.4419999999999995	1.4419999999999995	1.4419999999999995	1.4419999999999995
15	0	0	0	0	0.29920000000000002	0.29920000000000002	0.29920000000000002	0.29920000000000002
16	0	0	0	0	0.25960000000000005	0.25960000000000005	0.25960000000000005	0.25960000000000005
17	0	0	0	0	0.33879999999999999	0.33879999999999999	0.33879999999999999	0.33879999999999999
22	0	0	0	0	0.14080000000000001	0.14080000000000001	0.14080000000000001	0.14080000000000001
24	0	0	0	0	1.6796	1.6796	1.6796	1.6796
26	0	0	0	0	1.7192000000000001	1.7192000000000001	1.7192000000000001	1.7192000000000001
27	0	0	0	0	2.313200000000001	2.313200000000001	2.313200000000001	2.313200000000001
28	0	0	0	0	0.58440000000000014	0.58440000000000014	0.58440000000000014	0.58440000000000014
29	0	0	0	0	1.7588000000000001	1.7588000000000001	1.7588000000000001	1.7588000000000001
30	0	0	0	0	0.62600000000000011	0.62600000000000011	0.62600000000000011	0.62600000000000011
31	0	0	0	0	1.7984000000000002	1.7984000000000002	1.7984000000000002	1.7984000000000002
32	0	0	0	0	1.4815999999999996	1.4815999999999996	1.4815999999999996	1.4815999999999996
33	0	0	0	0	0.66560000000000019	0.66560000000000019	0.66560000000000019	0.66560000000000019
34	0	0	0	0	0.70520000000000005	0.70520000000000005	0.70520000000000005	0.70520000000000005
35	0	0	0	0	1.8380000000000003	1.8380000000000003	1.8380000000000003	1.8380000000000003
37	0	0	0	0	0.75680000000000003	0.75680000000000003	0.75680000000000003	0.75680000000000003
38	0	0	0	0	2.352800000000002	2.352800000000002	2.352800000000002	2.352800000000002
39	0	0	0	0	1.5211999999999997	1.5211999999999997	1.5211999999999997	1.5211999999999997
41	0	0	0	0	0.37840000000000001	0.37840000000000001	0.37840000000000001	0.37840000000000001
43	0	0	0	0	0.7984	0.7984	0.7984	0.7984
44	0	0	0	0	0.83799999999999986	0.83799999999999986	0.83799999999999986	0.83799999999999986
45	0	0	0	0	1.8776000000000004	1.8776000000000004	1.8776000000000004	1.8776000000000004
46	0	0	0	0	1.9172000000000005	1.9172000000000005	1.9172000000000005	1.9172000000000005
47	0	0	0	0	0.1804	0.1804	0.1804	0.1804
49	0	0	0	0	0.41800000000000004	0.41800000000000004	0.41800000000000004	0.41800000000000004
51	0	0	0	0	1.3191999999999997	1.3191999999999997	1.3191999999999997	1.3191999999999997
52	0	0	0	0	0.87759999999999971	0.87759999999999971	0.87759999999999971	0.87759999999999971
53	0	0	0	0	0.22000000000000003	0.22000000000000003	0.22000000000000003	0.22000000000000003
54	0	0	0	0	1.9568000000000005	1.9568000000000005	1.9568000000000005	1.9568000000000005
56	0	0	0	0	0.91719999999999979	0.91719999999999979	0.91719999999999979	0.91719999999999979
57	0	0	0	0	1.9964000000000006	1.9964000000000006	1.9964000000000006	1.9964000000000006
58	0	0	0	0	0.95679999999999965	0.95679999999999965	0.95679999999999965	0.95679999999999965
59	0	0	0	0	2.3924000000000021	2.3924000000000021	2.3924000000000021	2.3924000000000021
60	0	0	0	0	0.99839999999999973	0.99839999999999973	0.99839999999999973	0.99839999999999973
62	0	0	0	0	2.0360000000000009	2.0360000000000009	2.0360000000000009	2.0360000000000009
64	0	0	0	0	1.0379999999999996	1.0379999999999996	1.0379999999999996	1.0379999999999996
66	0	0	0	0	2.4320000000000022	2.4320000000000022	2.4320000000000022	2.4320000000000022
67	0	0	0	0	2.4320000000000022	2.4320000000000022	2.4320000000000022	2.4320000000000022
68	0	0	0	0	1.2399999999999998	1.2399999999999998	1.2399999999999998	1.2399999999999998
71	0	0	0	0	1.3587999999999993	1.3587999999999993	1.3587999999999993	1.3587999999999993

[signal_summary]
code	frame_id	period_ms	level	type	p_timeout	expected_wcrt_ms	wcrt_p95_ms	threshold_wcrt_ms	expected_retry_count	p_threshold
7249834	51	20	0	0	0	1.3192001076467286	1.3191999999999997	1.3191999999999997	1.3192001076467275e-06	1
45230683	71	20	1	0	0	1.3588001108780885	1.3587999999999993	1.5219999999999994	1.3588001108780873e-06	5.5555555555555559e-13
49579274	22	2	0	0	0	0.1408000083916805	0.14080000000000001	0.14080000000000001	1.4080000839168057e-07	1
81671566	52	20	2	0	0	0.87760007161223796	0.87759999999999971	0.95919999999999972	8.7760007161223797e-07	5.5555555555555559e-13
102433630	53	1	1	0	0	0.22000001311200082	0.22000000000000003	0.33920000000000006	2.2000001311200084e-07	2.7777777777777774e-14
134423774	43	20	3	0	0	0.79840006514944539	0.7984	0.96160000000000001	7.9840006514944486e-07	5.5555555555555561e-14
211024677	28	10	0	0	0	0.5844000371678425	0.58440000000000014	0.58440000000000014	5.8440003716784254e-07	1
237468402	52	20	1	0	0	0.87760007161223796	0.87759999999999971	0.95919999999999972	8.7760007161223797e-07	5.5555555555555559e-13
302558327	60	10	0	0	0	0.99840023961594049	0.99839999999999973	0.99839999999999973	9.9840023961594093e-07	1
315066727	41	10	0	0	0	0.37840002255264138	0.37840000000000001	0.37840000000000001	3.7840002255264154e-07	1
388272577	49	5	0	0	0	0.41800002491280158	0.41800000000000004	0.41800000000000004	4.1800002491280155e-07	1
391715443	17	10	0	0	0	0.33880002019248118	0.33879999999999999	0.33879999999999999	3.3880002019248105e-07	1
466080256	54	100	3	0	0	1.9568001596753044	1.9568000000000005	2.3180000000000005	1.956800159675305e-06	2.7777777777777779e-13
522631391	64	10	0	0	0	1.0380002491199345	1.0379999999999996	1.0379999999999996	1.0380002491199352e-06	1
527178668	33	20	0	0	1.1102230246251565e-16	0.66560004233216397	0.66560000000000019	0.66560000000000019	6.6560004299829617e-07	1
551092028	22	1	0	0	0	0.1408000083916805	0.14080000000000001	0.14080000000000001	1.4080000839168057e-07	1
563103001	39	50	0	0	0	1.5212001241299298	1.5211999999999997	1.5211999999999997	1.5212001241299304e-06	1
699887209	64	10	0	0	0	1.0380002491199345	1.0379999999999996	1.0379999999999996	1.0380002491199352e-06	1
787712864	29	100	0	0	1.1102230246251565e-16	1.7588001435181027	1.7588000000000001	1.7588000000000001	1.7588001442952485e-06	1
829681073	17	10	0	0	0	0.33880002019248118	0.33879999999999999	0.33879999999999999	3.3880002019248105e-07	1
860466304	56	10	0	0	0	0.91720007484360455	0.91719999999999979	0.91719999999999979	9.1720007484360451e-07	1
926466229	37	20	0	0	0	0.75680006175488512	0.75680000000000003	0.75680000000000003	7.5680006175488509e-07	1
952401632	6	1000	0	0	0	2.2736001855257757	2.273600000000001	2.273600000000001	2.2736001855257731e-06	1
953309513	30	10	0	0	0	0.62600003981360264	0.62600000000000011	0.62600000000000011	6.2600003981360284e-07	1
956795778	37	10	0	0	0	0.75680006175488512	0.75680000000000003	0.75680000000000003	7.5680006175488509e-07	1
975345531	53	2	1	0	0	0.22000001311200082	0.22000000000000003	0.27960000000000002	2.2000001311200084e-07	5.5555555555555549e-14
999115170	1	100	0	0	0	1.5608001273612901	1.5607999999999997	1.5607999999999997	1.5608001273612899e-06	1
1079201233	60	20	1	0	0	0.99840023961594049	0.99839999999999973	1.3199999999999998	9.9840023961594093e-07	5.5555555555555559e-13
1091864446	33	20	0	0	1.1102230246251565e-16	0.66560004233216397	0.66560000000000019	0.66560000000000019	6.6560004299829617e-07	1
1112312703	28	10	2	0	0	0.5844000371678425	0.58440000000000014	0.64800000000000013	5.8440003716784254e-07	2.7777777777777779e-13
1121120434	11	100	0	0	0	1.6400001338240109	1.6399999999999999	1.6399999999999999	1.6400001338240116e-06	1
1125760853	2	20	0	0	0	0.45760002727296167	0.45760000000000006	0.45760000000000006	4.5760002727296157e-07	1
1151577533	6	1000	1	0	0	2.2736001855257757	2.273600000000001	2.3552000000000008	2.2736001855257731e-06	2.7777777777777777e-11
1163661058	5	20	0	0	0	0.50120003187632212	0.50120000000000009	0.50120000000000009	5.0120003187632173e-07	1
1187171156	10	20	0	0	0	1.2796001044153684	1.2795999999999996	1.2795999999999996	1.2796001044153669e-06	1
1208898355	68	10	0	0	1.1102230246251565e-16	1.2400001011840092	1.2399999999999998	1.2399999999999998	1.2400001018501422e-06	1
1227045125	37	20	1	0	0	0.75680006175488512	0.75680000000000003	0.83840000000000003	7.5680006175488509e-07	5.5555555555555559e-13
1228989993	33	10	1	0	1.1102230246251565e-16	0.66560004233216397	0.66560000000000019	0.72920000000000018	6.6560004299829617e-07	2.7777777777777779e-13
1267799912	30	20	0	0	0	0.62600003981360264	0.62600000000000011	0.62600000000000011	6.2600003981360284e-07	1
1280168030	56	20	0	0	0	0.91720007484360455	0.91719999999999979	0.91719999999999979	9.1720007484360451e-07	1
1280514084	59	1000	0	0	0	2.3924001952198584	2.3924000000000021	2.3924000000000021	2.3924001952198573e-06	1
1331177363	33	10	3	0	1.1102230246251565e-16	0.66560004233216397	0.66560000000000019	0.79280000000000017	6.6560004299829617e-07	2.7777777777777781e-14
1336263202	13	50	0	0	1.1102230246251565e-16	1.4420001176672146	1.4419999999999995	1.4419999999999995	1.442000118333343e-06	1
1338648916	22	1	0	0	0	0.1408000083916805	0.14080000000000001	0.14080000000000001	1.4080000839168057e-07	1
1366837528	29	100	0	0	1.1102230246251565e-16	1.7588001435181027	1.7588000000000001	1.7588000000000001	1.7588001442952485e-06	1
1398521053	68	20	0	0	1.1102230246251565e-16	1.2400001011840092	1.2399999999999998	1.2399999999999998	1.2400001018501422e-06	1
1400931220	9	1	0	0	0	0.10120000603152038	0.10120000000000001	0.10120000000000001	1.0120000603152044e-07	1
1513319796	39	100	0	0	0	1.5212001241299298	1.5211999999999997	1.5211999999999997	1.5212001241299304e-06	1
1561156120	52	10	0	0	0	0.87760007161223796	0.87759999999999971	0.87759999999999971	8.7760007161223797e-07	1
1568121287	24	100	0	0	1.1102230246251565e-16	1.6796001370553821	1.6796	1.6796	1.6796001377215045e-06	1
1589240445	8	20	0	0	0	0.54280003452208225	0.54280000000000006	0.54280000000000006	5.4280003452208192e-07	1
1610951663	47	1	0	0	0	0.18040001075184064	0.1804	0.1804	1.804000107518408e-07	1
1631547450	26	100	1	0	0	1.7192001402867316	1.7192000000000001	1.8008000000000002	1.7192001402867324e-06	2.7777777777777777e-12
1670190416	56	20	0	0	0	0.91720007484360455	0.91719999999999979	0.91719999999999979	9.1720007484360451e-07	1
1675575470	60	10	0	0	0	0.99840023961594049	0.99839999999999973	0.99839999999999973	9.9840023961594093e-07	1
1681593453	68	20	0	0	1.1102230246251565e-16	1.2400001011840092	1.2399999999999998	1.2399999999999998	1.2400001018501422e-06	1
1693453222	66	1000	0	0	0	2.4320001984512185	2.4320000000000022	2.4320000000000022	2.4320001984512185e-06	1
1742713400	16	2	0	0	0	0.25960001547216099	0.25960000000000005	0.25960000000000005	2.5960001547216091e-07	1
1772691887	44	10	0	0	0	0.83800006838080554	0.83799999999999986	0.83799999999999986	8.3800006838080483e-07	1
1792449311	60	20	0	0	0	0.99840023961594049	0.99839999999999973	0.99839999999999973	9.9840023961594093e-07	1
1799729208	68	20	0	0	1.1102230246251565e-16	1.2400001011840092	1.2399999999999998	1.2399999999999998	1.2400001018501422e-06	1
1813230800	29	100	0	0	1.1102230246251565e-16	1.7588001435181027	1.7588000000000001	1.7588000000000001	1.7588001442952485e-06	1
1829535444	16	2	0	0	0	0.25960001547216099	0.25960000000000005	0.25960000000000005	2.5960001547216091e-07	1
1842362337	15	10	1	0	0	0.29920001783232114	0.29920000000000002	0.35880000000000001	2.9920001783232087e-07	2.7777777777777779e-13
1867778800	35	100	0	0	0	1.8380001499808125	1.8380000000000003	1.8380000000000003	1.8380001499808127e-06	1
1886861722	32	100	0	0	0	1.4816001208985696	1.4815999999999996	1.4815999999999996	1.4816001208985704e-06	1
1889497542	34	10	0	0	0	0.70520004485072296	0.70520000000000005	0.70520000000000005	7.0520004485072293e-07	1
1903871980	62	100	0	0	0	2.0360005692652372	2.0360000000000009	2.0360000000000009	2.0360005692652364e-06	1
1904946983	27	1000	3	0	1.1102230246251565e-16	2.3132001887572473	2.313200000000001	2.4764000000000008	2.3132001895342901e-06	2.7777777777777777e-12
1913925630	5	20	0	0	0	0.50120003187632212	0.50120000000000009	0.50120000000000009	5.0120003187632173e-07	1
1986300334	43	10	2	0	0	0.79840006514944539	0.7984	0.96160000000000001	7.9840006514944486e-07	2.7777777777777779e-13
2034584487	32	100	0	0	0	1.4816001208985696	1.4815999999999996	1.4815999999999996	1.4816001208985704e-06	1
2035965191	58	10	1	0	0	0.95680007807497092	0.95679999999999965	1.2784	9.5680007807497211e-07	2.7777777777777779e-13
2045383435	24	100	2	0	1.1102230246251565e-16	1.6796001370553821	1.6796	1.7612000000000001	1.6796001377215045e-06	2.7777777777777777e-12
2045855378	44	20	0	0	0	0.83800006838080554	0.83799999999999986	0.83799999999999986	8.3800006838080483e-07	1
2061145029	5	20	0	0	0	0.50120003187632212	0.50120000000000009	0.50120000000000009	5.0120003187632173e-07	1
2086948028	17	5	2	0	0	0.33880002019248118	0.33879999999999999	0.39839999999999998	3.3880002019248105e-07	1.388888888888889e-13
2090898961	1	100	0	0	0	1.5608001273612901	1.5607999999999997	1.5607999999999997	1.5608001273612899e-06	1
2150791448	49	10	0	0	0	0.41800002491280158	0.41800000000000004	0.41800000000000004	4.1800002491280155e-07	1
2175237038	43	10	0	0	0	0.79840006514944539	0.7984	0.7984	7.9840006514944486e-07	1
2183614955	8	20	0	0	0	0.54280003452208225	0.54280000000000006	0.54280000000000006	5.4280003452208192e-07	1
2242901001	30	10	3	0	0	0.62600003981360264	0.62600000000000011	0.75320000000000009	6.2600003981360284e-07	2.7777777777777781e-14
2249542867	10	20	0	0	0	1.2796001044153684	1.2795999999999996	1.2795999999999996	1.2796001044153669e-06	1
2259315992	43	20	2	0	0	0.79840006514944539	0.7984	0.88	7.9840006514944486e-07	5.5555555555555559e-13
2289526415	46	100	0	0	0	1.917200156443928	1.9172000000000005	1.9172000000000005	1.9172001564439297e-06	1
2348409804	58	10	0	0	0	0.95680007807497092	0.95679999999999965	0.95679999999999965	9.5680007807497211e-07	1
2355623641	9	1	0	0	0	0.10120000603152038	0.10120000000000001	0.10120000000000001	1.0120000603152044e-07	1
2356201229	30	20	0	0	0	0.62600003981360264	0.62600000000000011	0.62600000000000011	6.2600003981360284e-07	1
2369636742	44	20	2	0	0	0.83800006838080554	0.83799999999999986	0.91959999999999986	8.3800006838080483e-07	5.5555555555555559e-13
2370420851	43	10	2	0	0	0.79840006514944539	0.7984	0.96160000000000001	7.9840006514944486e-07	2.7777777777777779e-13
2392476702	3	100	0	0	1.1102230246251565e-16	1.6004001305926616	1.6003999999999998	1.6003999999999998	1.6004001312587829e-06	1
2393933177	58	20	2	1	0	0.95680007807497092	0.95679999999999965	1.0383999999999998	9.5680007807497211e-07	5.5555555555555559e-13
2440948702	45	100	0	0	0	1.8776001532125521	1.8776000000000004	1.8776000000000004	1.8776001532125509e-06	1
2488145917	41	10	0	0	0	0.37840002255264138	0.37840000000000001	0.37840000000000001	3.7840002255264154e-07	1
2492711914	33	10	0	0	1.1102230246251565e-16	0.66560004233216397	0.66560000000000019	0.66560000000000019	6.6560004299829617e-07	1
2499431448	8	10	0	0	0	0.54280003452208225	0.54280000000000006	0.54280000000000006	5.4280003452208192e-07	1
2531955477	68	10	0	0	1.1102230246251565e-16	1.2400001011840092	1.2399999999999998	1.2399999999999998	1.2400001018501422e-06	1
2549514024	15	5	0	0	0	0.29920001783232114	0.29920000000000002	0.29920000000000002	2.9920001783232087e-07	1
2549793526	68	20	0	0	1.1102230246251565e-16	1.2400001011840092	1.2399999999999998	1.2399999999999998	1.2400001018501422e-06	1
2587214071	5	10	0	0	0	0.50120003187632212	0.50120000000000009	0.50120000000000009	5.0120003187632173e-07	1
2599562690	41	5	0	0	0	0.37840002255264138	0.37840000000000001	0.37840000000000001	3.7840002255264154e-07	1
2680256561	35	100	1	0	0	1.8380001499808125	1.8380000000000003	1.9196000000000004	1.8380001499808127e-06	2.7777777777777777e-12
2692551084	13	100	2	0	1.1102230246251565e-16	1.4420001176672146	1.4419999999999995	1.5235999999999996	1.442000118333343e-06	2.7777777777777777e-12
2751483889	8	10	0	0	0	0.54280003452208225	0.54280000000000006	0.54280000000000006	5.4280003452208192e-07	1
2774644334	71	20	3	0	0	1.3588001108780885	1.3587999999999993	1.5219999999999994	1.3588001108780873e-06	5.5555555555555561e-14
2776869875	60	10	0	0	0	0.99840023961594049	0.99839999999999973	0.99839999999999973	9.9840023961594093e-07	1
2804517650	67	1000	0	0	0	2.4320001984512185	2.4320000000000022	2.4320000000000022	2.4320001984512185e-06	1
2833297202	13	100	0	0	1.1102230246251565e-16	1.4420001176672146	1.4419999999999995	1.4419999999999995	1.442000118333343e-06	1
2881378353	35	100	3	0	0	1.8380001499808125	1.8380000000000003	2.0012000000000003	1.8380001499808127e-06	2.7777777777777779e-13
2984142851	28	10	0	0	0	0.5844000371678425	0.58440000000000014	0.58440000000000014	5.8440003716784254e-07	1
2988751928	51	20	0	0	0	1.3192001076467286	1.3191999999999997	1.3191999999999997	1.3192001076467275e-06	1
3039336463	17	5	0	0	0	0.33880002019248118	0.33879999999999999	0.33879999999999999	3.3880002019248105e-07	1
3079300945	54	100	0	0	0	1.9568001596753044	1.9568000000000005	1.9568000000000005	1.956800159675305e-06	1
3109642566	64	10	0	0	0	1.0380002491199345	1.0379999999999996	1.0379999999999996	1.0380002491199352e-06	1
3110942320	60	20	0	0	0	0.99840023961594049	0.99839999999999973	0.99839999999999973	9.9840023961594093e-07	1
3181397453	28	10	0	0	0	0.5844000371678425	0.58440000000000014	0.58440000000000014	5.8440003716784254e-07	1
3189824815	2	10	0	0	0	0.45760002727296167	0.45760000000000006	0.45760000000000006	4.5760002727296157e-07	1
3357602960	34	10	0	0	0	0.70520004485072296	0.70520000000000005	0.70520000000000005	7.0520004485072293e-07	1
3384389346	60	10	0	0	0	0.99840023961594049	0.99839999999999973	0.99839999999999973	9.9840023961594093e-07	1
3424392357	45	100	0	0	0	1.8776001532125521	1.8776000000000004	1.8776000000000004	1.8776001532125509e-06	1
3428244871	37	10	0	0	0	0.75680006175488512	0.75680000000000003	0.75680000000000003	7.5680006175488509e-07	1
3477912537	8	20	2	0	0	0.54280003452208225	0.54280000000000006	0.60640000000000005	5.4280003452208192e-07	5.5555555555555559e-13
3510307193	52	20	0	0	0	0.87760007161223796	0.87759999999999971	0.87759999999999971	8.7760007161223797e-07	1
3527587413	32	50	0	0	0	1.4816001208985696	1.4815999999999996	1.4815999999999996	1.4816001208985704e-06	1
3617392291	49	10	0	0	0	0.41800002491280158	0.41800000000000004	0.41800000000000004	4.1800002491280155e-07	1
3634936875	5	20	1	0	0	0.50120003187632212	0.50120000000000009	0.56480000000000008	5.0120003187632173e-07	5.5555555555555559e-13
3638674441	2	20	0	0	0	0.45760002727296167	0.45760000000000006	0.45760000000000006	4.5760002727296157e-07	1
3649779475	24	100	0	0	1.1102230246251565e-16	1.6796001370553821	1.6796	1.6796	1.6796001377215045e-06	1
3657023074	56	10	1	0	0	0.91720007484360455	0.91719999999999979	1.2388000000000001	9.1720007484360451e-07	2.7777777777777779e-13
3764062298	68	20	2	0	1.1102230246251565e-16	1.2400001011840092	1.2399999999999998	1.4031999999999998	1.2400001018501422e-06	5.5555555555555559e-13
3764554493	7	100	0	0	0	1.3984001141094486	1.3983999999999994	1.3983999999999994	1.3984001141094485e-06	1
3764921194	43	10	0	0	0	0.79840006514944539	0.7984	0.7984	7.9840006514944486e-07	1
3793832207	10	20	0	0	0	1.2796001044153684	1.2795999999999996	1.2795999999999996	1.2796001044153669e-06	1
3810907410	58	20	0	0	0	0.95680007807497092	0.95679999999999965	0.95679999999999965	9.5680007807497211e-07	1
3829308290	57	100	0	0	1.1102230246251565e-16	1.9964005581931026	1.9964000000000006	1.9964000000000006	1.9964005589702506e-06	1
3873308439	15	10	0	0	0	0.29920001783232114	0.29920000000000002	0.29920000000000002	2.9920001783232087e-07	1
3883992299	28	10	0	0	0	0.5844000371678425	0.58440000000000014	0.58440000000000014	5.8440003716784254e-07	1
3889919235	52	20	2	0	0	0.87760007161223796	0.87759999999999971	0.95919999999999972	8.7760007161223797e-07	5.5555555555555559e-13
3903862592	45	100	0	0	0	1.8776001532125521	1.8776000000000004	1.8776000000000004	1.8776001532125509e-06	1
3921615792	10	20	0	0	0	1.2796001044153684	1.2795999999999996	1.2795999999999996	1.2796001044153669e-06	1
3976399793	30	20	2	0	0	0.62600003981360264	0.62600000000000011	0.6896000000000001	6.2600003981360284e-07	5.5555555555555559e-13
3979537321	5	20	0	0	0	0.50120003187632212	0.50120000000000009	0.50120000000000009	5.0120003187632173e-07	1
4012031988	31	100	0	0	0	1.7984001467494521	1.7984000000000002	1.7984000000000002	1.7984001467494532e-06	1
4037512038	33	10	2	0	1.1102230246251565e-16	0.66560004233216397	0.66560000000000019	0.72920000000000018	6.6560004299829617e-07	2.7777777777777779e-13
4040054352	38	1000	0	0	0	2.3528001919884978	2.352800000000002	2.352800000000002	2.3528001919884977e-06	1
4066860752	47	2	1	0	0	0.18040001075184064	0.1804	0.23999999999999999	1.804000107518408e-07	5.5555555555555549e-14
4156466171	37	10	0	0	0	0.75680006175488512	0.75680000000000003	0.75680000000000003	7.5680006175488509e-07	1
4173512015	30	20	0	0	0	0.62600003981360264	0.62600000000000011	0.62600000000000011	6.2600003981360284e-07	1
4188645703	11	100	0	0	0	1.6400001338240109	1.6399999999999999	1.6399999999999999	1.6400001338240116e-06	1
4237712476	7	50	0	0	0	1.3984001141094486	1.3983999999999994	1.3983999999999994	1.3984001141094485e-06	1
