base_bandwidth_utilization	0.39161639999999992
expected_bandwidth_utilization	0.39161659743595517

rounded_expected_bandwidth_utilization	0.78323279999999951

bandwidth_utilization_p99	0.39161639999999975

[frame_summary]
frame_id	priority	period_ms	deadline_ms	trans_time_ms	expected_retry_count	expected_tx_count	rounded_expected_retry_count	rounded_expected_tx_count	retry_p99	tx_count_p99	expected_wcrt_ms	p_timeout	wcrt_p95_ms
0	12	10	10	0.041599999999999998	5.824000358758426e-07	1.000000582400036	1	2	0	1	0.58240003587584221	0	0.58240000000000003
1	0	1	1	0.039600000000000003	1.0120000603152044e-07	1.0000001012000059	1	2	0	1	0.10120000603152038	0	0.10120000000000001
5	54	1000	1000	0.039600000000000003	2.7908002277293027e-06	1.0000027908002278	1	2	0	1	2.7908002277293016	0	2.7908000000000026
6	1	1	1	0.039600000000000003	1.4080000839168057e-07	1.0000001408000083	1	2	0	1	0.1408000083916805	0	0.14080000000000001
7	13	10	10	0.041599999999999998	6.2400003843840224e-07	1.0000006240000385	1	2	0	1	0.62400003843840235	0	0.624
8	55	1000	1000	0.039600000000000003	2.8304002309606614e-06	1.0000028304002309	1	2	0	1	2.8304002309606613	0	2.8304000000000027
9	14	10	10	0.041599999999999998	6.6560004100096251e-07	1.0000006656000411	1	2	0	1	0.66560004100096248	0	0.66559999999999997
10	41	100	100	0.039600000000000003	2.0324006568712349e-06	1.0000020324006569	1	2	0	1	2.0324006568712352	0	2.0324000000000004
11	35	50	50	0.039600000000000003	1.7848001456396927e-06	1.0000017848001457	1	2	0	1	1.7848001456396914	0	1.7847999999999995
12	32	20	20	0.039600000000000003	1.6660001359456121e-06	1.0000016660001358	1	2	0	1	1.6660001359456102	0	1.6659999999999993
13	15	10	10	0.039600000000000003	7.0520004344032265e-07	1.0000007052000435	1	2	0	1	0.70520004344032261	0	0.70520000000000005
14	33	20	20	0.039600000000000003	1.70560013917697e-06	1.0000017056001391	1	2	0	1	1.7056001391769706	0	1.7055999999999993
17	42	100	100	0.039600000000000003	2.3136001887897765e-06	1.0000023136001888	1	2	0	1	2.3136001887897772	0	2.3136000000000014
18	36	50	50	0.0436	1.8284001491974531e-06	1.0000018284001493	1	2	0	1	1.828400149197452	0	1.8283999999999998
20	37	50	50	0.041599999999999998	1.8700001525920121e-06	1.0000018700001525	1	2	0	1	1.8700001525920125	0	1.8699999999999999
21	56	1000	1000	0.039600000000000003	2.8700002341920231e-06	1.0000028700002341	1	2	0	1	2.8700002341920219	0	2.8700000000000028
22	43	100	100	0.039600000000000003	2.3532001920211344e-06	1.000002353200192	1	2	0	1	2.3532001920211374	0	2.3532000000000015
24	6	5	5	0.039600000000000003	3.4280002111648148e-07	1.000000342800021	1	2	0	1	0.34280002111648133	0	0.34279999999999999
25	16	10	10	0.041599999999999998	7.4680004600288346e-07	1.000000746800046	1	2	0	1	0.74680004600288286	0	0.74680000000000002
26	44	100	100	0.0436	2.3948001954156982e-06	1.0000023948001955	1	2	0	1	2.3948001954156979	0	2.3948000000000014
27	57	1000	1000	0.039600000000000003	2.9096002374244613e-06	1.0000029096002374	1	2	0	1	2.9096002374244621	0	2.9096000000000029
28	58	1000	1000	0.039600000000000003	2.9492002406558514e-06	1.0000029492002407	1	2	0	1	2.949200240655852	0	2.9492000000000029
29	17	10	10	0.0436	7.9040005093557717e-07	1.000000790400051	1	2	0	1	0.79040005026944415	1.1102230246251565e-16	0.79039999999999999
31	38	50	50	0.039600000000000003	1.9096001558238515e-06	1.0000019096001558	1	2	0	1	1.9096001558238511	0	1.9096
33	18	10	10	0.041599999999999998	8.3200005291520323e-07	1.0000008320000529	1	2	0	1	0.83200005291520329	0	0.83199999999999996
35	7	5	5	0.039600000000000003	3.8240002355584119e-07	1.0000003824000236	1	2	0	1	0.38240002355584146	0	0.38240000000000002
37	19	10	10	0.061600000000000002	8.8160007260469884e-07	1.0000008816000725	1	2	0	1	0.88160007193856682	1.1102230246251565e-16	0.88159999999999994
39	2	1	1	0.041599999999999998	1.8240001123584092e-07	1.0000001824000113	1	2	0	1	0.18240001123584071	0	0.18240000000000001
40	39	50	50	0.039600000000000003	1.9492001590552305e-06	1.0000019492001591	1	2	0	1	1.9492001590552306	0	1.9492
41	8	5	5	0.039600000000000003	4.2200002599520186e-07	1.000000422000026	1	2	0	1	0.42200002599520164	0	0.42200000000000004
43	45	100	100	0.039600000000000003	2.4344001986470565e-06	1.0000024344001985	1	2	0	1	2.4344001986470576	0	2.434400000000001
45	20	10	10	0.039600000000000003	9.2120007517004718e-07	1.0000009212000751	1	2	0	1	0.92120007517004654	0	0.9211999999999998
47	40	50	50	0.045600000000000002	1.9928006440725314e-06	1.0000019928006441	1	2	0	1	1.992800644072533	0	1.9928000000000001
48	21	10	10	0.041599999999999998	9.6280031117687285e-07	1.0000009628003113	1	2	0	1	0.96280031117687304	0	0.96279999999999966
49	22	10	10	0.041599999999999998	1.0044003246219841e-06	1.0000010044003247	1	2	0	1	1.0044003246219844	0	1.0043999999999997
51	46	100	100	0.039600000000000003	2.4740002018784174e-06	1.0000024740002018	1	2	0	1	2.4740002018784177	0	2.4740000000000011
55	23	10	10	0.041599999999999998	1.2876001050681692e-06	1.000001287600105	1	2	0	1	1.2876001050681682	0	1.2875999999999996
56	47	100	100	0.039600000000000003	2.5136002051097799e-06	1.0000025136002051	1	2	0	1	2.5136002051097779	0	2.5136000000000012
57	24	10	10	0.0436	1.3312001086259296e-06	1.0000013312001086	1	2	0	1	1.3312001086259282	0	1.3311999999999995
58	9	5	5	0.039600000000000003	4.616000284345621e-07	1.0000004616000284	1	2	0	1	0.46160002843456188	0	0.46160000000000007
60	3	1	1	0.041599999999999998	2.2400001379840062e-07	1.0000002240000139	1	2	0	1	0.22400001379840082	0	0.22399999999999998
61	48	100	100	0.039600000000000003	2.5532002083411407e-06	1.0000025532002084	1	2	0	1	2.553200208341138	0	2.5532000000000012
62	25	10	10	0.041599999999999998	1.3728001120204899e-06	1.000001372800112	1	2	0	1	1.3728001120204887	0	1.3727999999999996
64	4	1	1	0.039600000000000003	2.6360001623776078e-07	1.0000002636000163	1	2	0	1	0.26360001623776097	0	0.2636
65	10	5	5	0.039600000000000003	5.0120003087392282e-07	1.0000005012000308	1	2	0	1	0.50120003087392195	0	0.50120000000000009
66	59	1000	1000	0.039600000000000003	2.9888009659791642e-06	1.0000029888009661	1	2	0	1	2.9888009659791632	0	2.988800000000003
67	34	20	20	0.039600000000000003	1.7452001424083295e-06	1.0000017452001424	1	2	0	1	1.7452001424083312	0	1.7451999999999994
68	11	5	5	0.039600000000000003	5.4080003331328169e-07	1.0000005408000334	1	2	0	1	0.54080003331328208	0	0.54079999999999995
69	26	10	10	0.0436	1.4164001155782489e-06	1.0000014164001156	1	2	0	1	1.4164001155782491	0	1.4163999999999997
70	49	100	100	0.039600000000000003	2.5928002115724969e-06	1.0000025928002116	1	2	0	1	2.5928002115724991	0	2.5928000000000013
71	27	10	10	0.049600000000000005	1.4620001192992106e-06	1.0000014620001192	1	2	0	1	1.4620001192992089	0	1.4619999999999993
72	28	10	10	0.039600000000000003	1.50160012253057e-06	1.0000015016001225	1	2	0	1	1.5016001225305693	0	1.5015999999999994
73	60	1000	1000	0.039600000000000003	3.0284009787778571e-06	1.0000030284009789	1	2	0	1	3.0284009787778552	0	3.0284000000000031
75	50	100	100	0.041599999999999998	2.6324002148038602e-06	1.0000026324002147	1	2	0	1	2.6324002148038592	0	2.6324000000000014
76	61	1000	1000	0.039600000000000003	3.3096002700633881e-06	1.0000033096002701	1	2	0	1	3.3096002700633838	0	3.3096000000000014
77	51	100	100	0.039600000000000003	2.6720002180352215e-06	1.000002672000218	1	2	0	1	2.6720002180352203	0	2.6720000000000024
81	29	10	10	0.041599999999999998	1.543200126591263e-06	1.0000015432001266	1	2	0	1	1.5432001259251305	1.1102230246251565e-16	1.5431999999999992
83	52	100	100	0.039600000000000003	2.7116002212665802e-06	1.0000027116002213	1	2	0	1	2.7116002212665804	0	2.7116000000000025
84	30	10	10	0.041599999999999998	1.5848001293196908e-06	1.0000015848001294	1	2	0	1	1.5848001293196901	0	1.5847999999999993
86	53	100	100	0.039600000000000003	2.7512002244979444e-06	1.0000027512002245	1	2	0	1	2.751200224497941	0	2.7512000000000025
87	62	1000	1000	0.039600000000000003	3.3096002700633881e-06	1.0000033096002701	1	2	0	1	3.3096002700633838	0	3.3096000000000014
88	5	1	1	0.039600000000000003	3.0320001867712097e-07	1.0000003032000186	1	2	0	1	0.30320001867712121	0	0.30320000000000003
89	31	10	10	0.041599999999999998	1.6264001327142506e-06	1.0000016264001328	1	2	0	1	1.6264001327142501	0	1.6263999999999994

[frame_retry_distribution]
frame_id	retry_count	probability
0	0	0.99999941760016964
0	1	5.8239962493452111e-07
0	2	2.0547057501991182e-13
0	3	5.7132992370218167e-20
0	4	1.3815257747870183e-26
0	5	3.0505657620009535e-33
1	0	0.99999989880000517
1	1	1.0119998372704138e-07
1	2	1.1152237542046581e-14
1	3	1.3223462964096524e-21
1	4	1.651475624726784e-28
1	5	2.1417129426682251e-35
5	0	0.99999720920389434
5	1	2.7907919837175973e-06
5	2	4.1219994235957309e-12
5	3	4.286128960388514e-18
5	4	3.5221675906890541e-24
5	5	3.2859297419882017e-30
5	6	2.0053482815247351e-36
6	0	0.99999985920001
6	1	1.4079997178368289e-07
6	2	1.8303995240960604e-14
6	3	2.3969821885910364e-21
6	4	3.1988673734852619e-28
6	5	4.3499847285639739e-35
7	0	0.99999937600019473
7	1	6.239995721857465e-07
7	2	2.3312622580801943e-13
7	3	6.8032318735438443e-20
7	4	1.7144689216520017e-26
7	5	3.923436630757044e-33
8	0	0.99999716960400564
8	1	2.8303917578872032e-06
8	2	4.2365300375047122e-12
8	3	4.4610989542717993e-18
8	4	4.7878218538234191e-24
8	5	3.7085898696773933e-30
8	6	2.1549759602939009e-36
9	0	0.9999993344002216
9	1	6.6559951597585604e-07
9	2	2.6251243293011182e-13
9	3	8.0224717526204658e-20
9	4	2.1037115457341951e-26
9	5	4.9837237472657441e-33
10	0	0.99999796760206539
10	1	2.032395212484199e-06
10	2	2.722189925470634e-12
10	3	2.3949774335605809e-18
10	4	1.6642456815284997e-24
10	5	9.801315016073699e-31
10	6	3.9176521824028871e-37
11	0	0.99999821520159271
11	1	1.7847966688523894e-06
11	2	1.7383918136094522e-12
11	3	1.2253448614322185e-18
11	4	6.9978628311511168e-25
11	5	5.1294565816744806e-31
11	6	7.3450902004700293e-38
12	0	0.99999833400138782
12	1	1.6659970885009451e-06
12	2	1.523720812807341e-12
12	3	1.0138025565308911e-18
12	4	5.4902546602165396e-25
12	5	2.5687861599315381e-31
13	0	0.99999929480024863
13	1	7.0519945925284726e-07
13	2	2.9209359802956377e-13
13	3	9.3098070476014041e-20
13	4	2.5320014423283658e-26
13	5	6.1931471501628045e-33
14	0	0.9999982944014546
14	1	1.7055969517544026e-06
14	2	1.5937096616726014e-12
14	3	1.0813653923855516e-18
14	4	5.9626068404292678e-25
14	5	2.8365230699587767e-31
17	0	0.99999768640267639
17	1	2.3135944584719178e-06
17	2	2.8651551435749621e-12
17	3	2.523903854772128e-18
17	4	1.7737306389449387e-24
17	5	1.0577987708420073e-30
17	6	4.5212536081705185e-37
18	0	0.99999817160167148
18	1	1.8283965077593359e-06
18	2	1.8207170938562286e-12
18	3	1.30978905576612e-18
18	4	1.078664116161861e-24
18	5	6.293427525448026e-31
18	6	8.1499830384865311e-38
20	0	0.99999813000174853
20	1	1.8699963505115609e-06
20	2	1.9010381348053371e-12
20	3	1.3938881829046815e-18
20	4	1.1623518124341584e-24
20	5	6.8726057126655822e-31
20	6	1.1656709948131393e-37
21	0	0.9999971300041185
21	1	2.8699915289205057e-06
21	2	4.3526287975863277e-12
21	3	4.6407643978455854e-18
21	4	5.0264917398097002e-24
21	5	3.9318847163486141e-30
21	6	2.3136504046485114e-36
22	0	0.99999764680276881
22	1	2.3531942704356142e-06
22	2	2.9607887894617215e-12
22	3	2.64718781139714e-18
22	4	1.8864979674745196e-24
22	5	1.1399029518308631e-30
22	6	4.9661992792919924e-37
24	0	0.99999965720005879
24	1	3.4279986137170823e-07
24	2	7.9872362779470364e-14
24	3	1.590372683052489e-20
24	4	2.9215783001191682e-27
24	5	5.1244765062920869e-34
25	0	0.99999925320027883
25	1	7.467993962871246e-07
25	2	3.2485771737366308e-13
25	3	1.080218508014637e-19
25	4	3.0486163107718706e-26
25	5	7.7037671580833043e-33
26	0	0.99999760520286762
26	1	2.3947940695246254e-06
26	2	3.0629413649859797e-12
26	3	2.780949433657534e-18
26	4	2.0106580307711051e-24
26	5	1.2315590699472702e-30
26	6	5.4210268647121794e-37
27	0	0.9999970904042329
27	1	2.9095912968174984e-06
27	2	4.4702946236309593e-12
27	3	5.9052094468880105e-18
27	4	5.4925095252099582e-24
27	5	4.2083539993993397e-30
27	6	2.5211118860271728e-36
28	0	0.99999705080434897
28	1	2.9491910615781882e-06
28	2	4.5895296466917666e-12
28	3	6.1232571930987943e-18
28	4	5.7547221276017453e-24
28	5	4.4543323093956827e-30
28	6	2.7004925372921759e-36
29	0	0.9999992096003123
29	1	7.9039932499868834e-07
29	2	3.6263518724579934e-13
29	3	1.2682659538701716e-19
29	4	3.7560781780689138e-26
29	5	1.9016171525263558e-32
29	6	1.1102230246251565e-16
31	0	0.99999809040182341
31	1	1.9095961976082662e-06
31	2	1.9791048595544154e-12
31	3	1.9553635892899014e-18
31	4	1.3431713042502826e-24
31	5	7.6509951872115372e-31
31	6	1.2855874627397939e-37
33	0	0.99999916800034616
33	1	8.3199925486113359e-07
33	2	3.9902681725329302e-13
33	3	1.4506180277737867e-19
33	4	4.4450922523994193e-26
33	5	2.2865774009425163e-32
35	0	0.99999961760007317
35	1	3.823998302144374e-07
35	2	9.6670671123296251e-14
35	3	2.050401123945483e-20
35	4	3.9613568617252151e-27
35	5	7.240015809852982e-34
37	0	0.99999911840038858
37	1	8.8159915084328816e-07
37	2	4.6054735881986819e-13
37	3	1.8642537295924882e-19
37	4	1.0979345873297657e-25
37	5	4.5079873423626734e-32
37	6	1.1102230246251565e-16
39	0	0.99999981760001666
39	1	1.8239995549440565e-07
39	2	2.7870711482709267e-14
39	3	4.0990080308439761e-21
39	4	5.992081836866762e-28
39	5	8.7911413217176209e-35
40	0	0.99999805080189974
40	1	1.9491960415686596e-06
40	2	2.0587401937198827e-12
40	3	2.0611776633202383e-18
40	4	1.435526597887239e-24
40	5	8.2879039866828681e-31
40	6	2.6661036412206064e-37
41	0	0.9999995780000891
41	1	4.2199979592084958e-07
41	2	1.1503713728173582e-13
41	3	2.5897156498933993e-20
41	4	5.2506158185992047e-27
41	5	9.9867085488801023e-34
43	0	0.99999756560296327
43	1	2.4343938750573054e-06
43	2	3.1617905069223194e-12
43	3	2.9123917655788702e-18
43	4	2.1344418989361279e-24
43	5	1.3241898686963221e-30
43	6	5.9903285088566404e-37
45	0	0.99999907880042427
45	1	9.2119907622110355e-07
45	2	4.9947397769706809e-13
45	3	3.2940977387981022e-19
45	4	1.4939137042357229e-25
45	5	5.6935989826571583e-32
47	0	0.99999800720198562
47	1	1.9927953846805431e-06
47	2	2.6296925750415284e-12
47	3	2.2793993763194027e-18
47	4	1.5615748837352446e-24
47	5	9.0740521309558252e-31
47	6	2.9461655688406089e-37
48	0	0.99999903720046346
48	1	9.6279876183999556e-07
48	2	7.7466782056356332e-13
48	3	4.1204917560456839e-19
48	4	1.7817256412801721e-25
48	5	6.7480587701231355e-32
49	0	0.99999899560050443
49	1	1.0043986665594446e-06
49	2	8.2903059172926591e-13
49	3	4.5200881532875507e-19
49	4	1.9998969825324652e-25
49	5	7.7351721737314949e-32
51	0	0.99999752600306036
51	1	2.4739936774536799e-06
51	2	3.2622077968942559e-12
51	3	3.0479075284310878e-18
51	4	2.2638489401924898e-24
51	5	1.4223062710204774e-30
51	6	6.5487563343227666e-37
55	0	0.99999871240082894
55	1	1.2875982370192876e-06
55	2	9.340236849174559e-13
55	3	5.0393362626752068e-19
55	4	2.2556910506677113e-25
55	5	8.869368461498335e-32
56	0	0.99999748640315911
56	1	2.5135934767137477e-06
56	2	3.3641932347155048e-12
56	3	3.1875588206949645e-18
56	4	2.3990467589642026e-24
56	5	1.526148159353655e-30
56	6	7.1489429891421586e-37
57	0	0.99999866880088606
57	1	1.3311981192819693e-06
57	2	9.9467115356231803e-13
57	3	5.5106623338559865e-19
57	4	2.5262164658814692e-25
57	5	1.0149847012404255e-31
58	0	0.99999953840010669
58	1	4.615997584909435e-07
58	2	1.3497176106849134e-13
58	3	3.2145261610629567e-20
58	4	6.8258073081267209e-27
58	5	1.3494118032864198e-33
60	0	0.9999997760000251
60	1	2.239999360256089e-07
60	2	3.8886386498644203e-14
60	3	6.2390485428097629e-21
60	4	9.7149039587481092e-28
60	5	1.4952475930322056e-34
61	0	0.99999744680325942
61	1	2.5531932728375061e-06
61	2	3.4677468201997496e-12
61	3	3.3314077408414446e-18
61	4	2.5402054187674652e-24
61	5	1.6359622845370107e-30
61	6	7.8247663323106893e-37
62	0	0.99999862720094235
62	1	1.3727980034011326e-06
62	2	1.0543087805804703e-12
62	3	5.9868392065610856e-19
62	4	2.8062657063044072e-25
62	5	1.1504981435308798e-31
64	0	0.99999973640003481
64	1	2.6359991427729372e-07
64	2	5.0980220280846926e-14
64	3	8.8333445084607789e-21
64	4	1.4569494069556149e-27
64	5	2.3449459379913424e-34
65	0	0.99999949880012573
65	1	5.0119971792472026e-07
65	2	1.5647454229726575e-13
65	3	3.9310425566372209e-20
65	4	8.7258425858664525e-27
65	5	1.7908244337732938e-33
66	0	0.9999970112044666
66	1	2.9887901011107975e-06
66	2	5.432424444493128e-12
66	3	6.4927158462880306e-18
66	4	6.0546570942420416e-24
66	5	4.7171779236079281e-30
66	6	2.9180810098215585e-36
67	0	0.99999825480152293
67	1	1.7451968118715501e-06
67	2	1.6652666620020689e-12
67	3	1.151858794465384e-18
67	4	6.4647340754030973e-25
67	5	4.6879631221419729e-31
67	6	6.6013413352842531e-38
68	0	0.99999945920014632
68	1	5.4079967422217776e-07
68	2	1.7954548078176142e-13
68	3	4.7454747348156205e-20
68	4	1.0992092025063356e-26
68	5	2.3392498115881015e-33
69	0	0.99999858360100313
69	1	1.4163978782343887e-06
69	2	1.1186709529459665e-12
69	3	6.5144505402124394e-19
69	4	3.1240399090666351e-25
69	5	1.307628022091662e-31
70	0	0.99999740720336139
70	1	2.5927930658249522e-06
70	2	3.5728685531607022e-12
70	3	3.4795163873316287e-18
70	4	2.6874974422101199e-24
70	5	1.7520023876093461e-30
70	6	8.5176952889040113e-37
71	0	0.99999853800106875
71	1	1.4619977432585427e-06
71	2	1.1880192692295149e-12
71	3	7.0984029559021764e-19
71	4	3.4844106927485389e-25
71	5	1.4898132318624394e-31
72	0	0.99999849840112742
72	1	1.5015976226687617e-06
72	2	1.2499297591152044e-12
72	3	7.6329021711146784e-19
72	4	3.8218250107321596e-25
72	5	1.6639562228342236e-31
73	0	0.99999697160458567
73	1	3.0283898500315743e-06
73	2	5.5643630563959662e-12
73	3	6.7232812580468463e-18
73	4	6.3359609165768441e-24
73	5	4.9863252123979735e-30
73	6	3.1196270282505e-36
75	0	0.99999736760346492
75	1	2.6323928556760975e-06
75	2	3.6795584334120747e-12
75	3	3.6319468586168227e-18
75	4	2.8410978109912343e-24
75	5	1.8745292934417872e-30
75	6	9.221293875856935e-37
76	0	0.99999669040547678
76	1	3.3095887765035166e-06
76	2	5.7467694825843018e-12
76	3	6.9687568931825038e-18
76	4	6.6287907622553974e-24
76	5	5.2679700857616524e-30
76	6	3.3325455600923669e-36
77	0	0.99999732800356989
77	1	2.6719926423909334e-06
77	2	3.7878164607675598e-12
77	3	3.7887612531384125e-18
77	4	3.0011839659005005e-24
77	5	2.00381057496916e-30
77	6	1.4449446104245339e-36
81	0	0.9999984568011907
81	1	1.5431974926106759e-06
81	2	1.316655993256294e-12
81	3	8.2225252661116764e-19
81	4	4.2020020420052802e-25
81	5	1.8640062318498065e-31
81	6	1.1102230246251565e-16
83	0	0.99999728840367652
83	1	2.7115924259694601e-06
83	2	3.8976426350408581e-12
83	3	3.9500216693280181e-18
83	4	3.1679358068178699e-24
83	5	2.140122297237731e-30
83	6	1.598142875084959e-36
84	0	0.99999841520125587
84	1	1.5847973590914807e-06
84	2	1.385112778820746e-12
84	3	8.8416785338634881e-19
84	4	4.6097863864379549e-25
84	5	2.0827987111671356e-31
86	0	0.99999724880378471
86	1	2.751192206411685e-06
86	2	4.0090369560456861e-12
86	3	4.1157902056074248e-18
86	4	3.3415348853981115e-24
86	5	3.0910615511677184e-30
86	6	1.864354370026172e-36
87	0	0.99999669040547678
87	1	3.3095887765035166e-06
87	2	5.7467694825843018e-12
87	3	6.9687568931825038e-18
87	4	6.6287907622553974e-24
87	5	5.2679700857616524e-30
87	6	3.3325455600923669e-36
88	0	0.99999969680004597
88	1	3.0319988939266e-07
88	2	6.4642212436554687e-14
88	3	1.2034204260640218e-20
88	4	2.0972871150554847e-27
88	5	3.5259902848822464e-34
89	0	0.9999983736013226
89	1	1.6263972221111721e-06
89	2	1.4553001155925817e-12
89	3	9.4910818822976179e-19
89	4	5.0464802166039422e-25
89	5	2.3216177601539623e-31

[frame_retry_cdf]
frame_id	retry_count	cumulative_probability
0	0	0.99999941760016964
0	1	0.99999999999979461
0	2	1
0	3	1
0	4	1
0	5	1
1	0	0.99999989880000517
1	1	0.9999999999999889
1	2	1
1	3	1
1	4	1
1	5	1
5	0	0.99999720920389434
5	1	0.99999999999587807
5	2	1
5	3	1
5	4	1
5	5	1
5	6	1
6	0	0.99999985920001
6	1	0.99999999999998179
6	2	1
6	3	1
6	4	1
6	5	1
7	0	0.99999937600019473
7	1	0.99999999999976696
7	2	1
7	3	1
7	4	1
7	5	1
8	0	0.99999716960400564
8	1	0.9999999999957635
8	2	1
8	3	1
8	4	1
8	5	1
8	6	1
9	0	0.9999993344002216
9	1	0.99999999999973754
9	2	1
9	3	1
9	4	1
9	5	1
10	0	0.99999796760206539
10	1	0.99999999999727784
10	2	1
10	3	1
10	4	1
10	5	1
10	6	1
11	0	0.99999821520159271
11	1	0.99999999999826161
11	2	1
11	3	1
11	4	1
11	5	1
11	6	1
12	0	0.99999833400138782
12	1	0.99999999999847633
12	2	1
12	3	1
12	4	1
12	5	1
13	0	0.99999929480024863
13	1	0.9999999999997079
13	2	1
13	3	1
13	4	1
13	5	1
14	0	0.9999982944014546
14	1	0.99999999999840639
14	2	1
14	3	1
14	4	1
14	5	1
17	0	0.99999768640267639
17	1	0.99999999999713485
17	2	1
17	3	1
17	4	1
17	5	1
17	6	1
18	0	0.99999817160167148
18	1	0.99999999999817923
18	2	1
18	3	1
18	4	1
18	5	1
18	6	1
20	0	0.99999813000174853
20	1	0.99999999999809908
20	2	1
20	3	1
20	4	1
20	5	1
20	6	1
21	0	0.9999971300041185
21	1	0.99999999999564737
21	2	1
21	3	1
21	4	1
21	5	1
21	6	1
22	0	0.99999764680276881
22	1	0.99999999999703926
22	2	1
22	3	1
22	4	1
22	5	1
22	6	1
24	0	0.99999965720005879
24	1	0.99999999999992017
24	2	1
24	3	1
24	4	1
24	5	1
25	0	0.99999925320027883
25	1	0.99999999999967515
25	2	1
25	3	1
25	4	1
25	5	1
26	0	0.99999760520286762
26	1	0.99999999999693712
26	2	1
26	3	1
26	4	1
26	5	1
26	6	1
27	0	0.9999970904042329
27	1	0.99999999999552969
27	2	1
27	3	1
27	4	1
27	5	1
27	6	1
28	0	0.99999705080434897
28	1	0.99999999999541056
28	2	1
28	3	1
28	4	1
28	5	1
28	6	1
29	0	0.9999992096003123
29	1	0.99999999999963729
29	2	0.99999999999999989
29	3	0.99999999999999989
29	4	0.99999999999999989
29	5	0.99999999999999989
29	6	1
31	0	0.99999809040182341
31	1	0.99999999999802103
31	2	1
31	3	1
31	4	1
31	5	1
31	6	1
33	0	0.99999916800034616
33	1	0.99999999999960099
33	2	1
33	3	1
33	4	1
33	5	1
35	0	0.99999961760007317
35	1	0.99999999999990341
35	2	1
35	3	1
35	4	1
35	5	1
37	0	0.99999911840038858
37	1	0.99999999999953937
37	2	0.99999999999999989
37	3	0.99999999999999989
37	4	0.99999999999999989
37	5	0.99999999999999989
37	6	1
39	0	0.99999981760001666
39	1	0.99999999999997213
39	2	1
39	3	1
39	4	1
39	5	1
40	0	0.99999805080189974
40	1	0.99999999999794131
40	2	1
40	3	1
40	4	1
40	5	1
40	6	1
41	0	0.9999995780000891
41	1	0.99999999999988498
41	2	1
41	3	1
41	4	1
41	5	1
43	0	0.99999756560296327
43	1	0.99999999999683831
43	2	1
43	3	1
43	4	1
43	5	1
43	6	1
45	0	0.99999907880042427
45	1	0.99999999999950051
45	2	1
45	3	1
45	4	1
45	5	1
47	0	0.99999800720198562
47	1	0.99999999999737033
47	2	1
47	3	1
47	4	1
47	5	1
47	6	1
48	0	0.99999903720046346
48	1	0.99999999999922529
48	2	1
48	3	1
48	4	1
48	5	1
49	0	0.99999899560050443
49	1	0.999999999999171
49	2	1
49	3	1
49	4	1
49	5	1
51	0	0.99999752600306036
51	1	0.99999999999673783
51	2	1
51	3	1
51	4	1
51	5	1
51	6	1
55	0	0.99999871240082894
55	1	0.99999999999906597
55	2	1
55	3	1
55	4	1
55	5	1
56	0	0.99999748640315911
56	1	0.9999999999966358
56	2	1
56	3	1
56	4	1
56	5	1
56	6	1
57	0	0.99999866880088606
57	1	0.99999999999900535
57	2	1
57	3	1
57	4	1
57	5	1
58	0	0.99999953840010669
58	1	0.99999999999986522
58	2	1
58	3	1
58	4	1
58	5	1
60	0	0.9999997760000251
60	1	0.99999999999996114
60	2	1
60	3	1
60	4	1
60	5	1
61	0	0.99999744680325942
61	1	0.99999999999653222
61	2	1
61	3	1
61	4	1
61	5	1
61	6	1
62	0	0.99999862720094235
62	1	0.99999999999894573
62	2	1
62	3	1
62	4	1
62	5	1
64	0	0.99999973640003481
64	1	0.99999999999994904
64	2	1
64	3	1
64	4	1
64	5	1
65	0	0.99999949880012573
65	1	0.99999999999984368
65	2	1
65	3	1
65	4	1
65	5	1
66	0	0.9999970112044666
66	1	0.99999999999456768
66	2	1
66	3	1
66	4	1
66	5	1
66	6	1
67	0	0.99999825480152293
67	1	0.99999999999833478
67	2	1
67	3	1
67	4	1
67	5	1
67	6	1
68	0	0.99999945920014632
68	1	0.99999999999982059
68	2	1
68	3	1
68	4	1
68	5	1
69	0	0.99999858360100313
69	1	0.99999999999888134
69	2	1
69	3	1
69	4	1
69	5	1
70	0	0.99999740720336139
70	1	0.99999999999642719
70	2	1
70	3	1
70	4	1
70	5	1
70	6	1
71	0	0.99999853800106875
71	1	0.99999999999881206
71	2	1
71	3	1
71	4	1
71	5	1
72	0	0.99999849840112742
72	1	0.99999999999875011
72	2	1
72	3	1
72	4	1
72	5	1
73	0	0.99999697160458567
73	1	0.99999999999443567
73	2	1
73	3	1
73	4	1
73	5	1
73	6	1
75	0	0.99999736760346492
75	1	0.99999999999632061
75	2	1
75	3	1
75	4	1
75	5	1
75	6	1
76	0	0.99999669040547678
76	1	0.99999999999425326
76	2	1
76	3	1
76	4	1
76	5	1
76	6	1
77	0	0.99999732800356989
77	1	0.99999999999621225
77	2	1
77	3	1
77	4	1
77	5	1
77	6	1
81	0	0.9999984568011907
81	1	0.99999999999868328
81	2	0.99999999999999989
81	3	0.99999999999999989
81	4	0.99999999999999989
81	5	0.99999999999999989
81	6	1
83	0	0.99999728840367652
83	1	0.99999999999610245
83	2	1
83	3	1
83	4	1
83	5	1
83	6	1
84	0	0.99999841520125587
84	1	0.999999999998615
84	2	1
84	3	1
84	4	1
84	5	1
86	0	0.99999724880378471
86	1	0.9999999999959911
86	2	1
86	3	1
86	4	1
86	5	1
86	6	1
87	0	0.99999669040547678
87	1	0.99999999999425326
87	2	1
87	3	1
87	4	1
87	5	1
87	6	1
88	0	0.99999969680004597
88	1	0.99999999999993539
88	2	1
88	3	1
88	4	1
88	5	1
89	0	0.9999983736013226
89	1	0.99999999999854472
89	2	1
89	3	1
89	4	1
89	5	1

[frame_wcrt_distribution]
frame_id	response_time_ms	probability
0	0.58240000000000003	0.99999941760016964
0	0.64400000000000002	5.8239962493452111e-07
0	0.7056	2.0547057501991182e-13
0	0.7672000000000001	5.7132992370218167e-20
0	0.82879999999999998	1.3815257747870183e-26
0	0.89040000000000008	3.0505657620009535e-33
1	0.10120000000000001	0.99999989880000517
1	0.1608	1.0119998372704138e-07
1	0.22040000000000001	1.1152237542046581e-14
1	0.28000000000000003	1.3223462964096524e-21
1	0.33960000000000001	1.651475624726784e-28
1	0.3992	2.1417129426682251e-35
5	2.7156000000000016	8.1151147711214807e-40
5	2.7908000000000026	0.99999720920389434
5	2.8724000000000025	2.7907919837175973e-06
5	2.9540000000000024	4.1219994235957309e-12
5	3.0356000000000027	4.286128960388514e-18
5	3.1988000000000025	9.9883107218346269e-32
5	3.2804000000000029	3.3276785722501822e-37
5	3.3588000000000013	3.5221675906890541e-24
5	3.4404000000000012	3.1860466339583444e-30
5	3.5220000000000011	1.6725804242997164e-36
6	0.14080000000000001	0.99999985920001
6	0.20040000000000002	1.4079997178368289e-07
6	0.26000000000000001	1.8303995240960604e-14
6	0.3196	2.3969821885910364e-21
6	0.37919999999999998	3.1988673734852619e-28
6	0.43879999999999997	4.3499847285639739e-35
7	0.624	0.99999937600019473
7	0.68559999999999999	6.239995721857465e-07
7	0.74719999999999998	2.3312622580801943e-13
7	0.80879999999999996	6.8032318735438443e-20
7	0.87040000000000006	1.7144689216520017e-26
7	0.93199999999999994	3.923436630757044e-33
8	2.7552000000000016	8.1151147711214807e-40
8	2.8304000000000027	0.99999716960400564
8	2.9120000000000026	2.8303917578872032e-06
8	2.9936000000000025	4.2365300375047122e-12
8	3.2384000000000026	6.8927582768397486e-32
8	3.3168000000000011	4.4610989542717993e-18
8	3.3200000000000029	2.2908304418755114e-37
8	3.398400000000001	4.7878218538234191e-24
8	3.4800000000000009	3.6396622860974845e-30
8	3.5616000000000012	1.9258929161063501e-36
9	0.66559999999999997	0.9999993344002216
9	0.72719999999999996	6.6559951597585604e-07
9	0.78879999999999995	2.6251243293011182e-13
9	0.85040000000000004	8.0224717526204658e-20
9	0.91199999999999992	2.1037115457341951e-26
9	0.97360000000000002	4.9837237472657441e-33
10	2.0324000000000004	0.99999796760206539
10	2.1988000000000012	8.1151147711214807e-40
10	2.3556000000000012	2.032395212484199e-06
10	2.4372000000000016	2.722189925470634e-12
10	2.4404000000000003	1.9562789864892332e-32
10	2.5188000000000015	2.3949774335605809e-18
10	2.5220000000000002	4.005725795854422e-38
10	2.6004000000000014	1.6642456815284997e-24
10	2.6820000000000013	9.6056871093096592e-31
10	2.7636000000000012	3.5170796028174448e-37
11	1.7847999999999995	0.99999821520159271
11	1.8663999999999996	1.7847966688523894e-06
11	1.9479999999999995	1.7383918136094522e-12
11	1.9512000000000005	8.1151147711214807e-40
11	2.0295999999999994	1.2253448614322185e-18
11	2.1927999999999996	1.6275495152435654e-31
11	2.3528000000000002	6.9978628311511168e-25
11	2.4344000000000001	3.501907058315802e-31
11	2.516	7.3450902004700293e-38
12	1.6659999999999993	0.99999833400138782
12	1.7475999999999994	1.6659970885009451e-06
12	1.8291999999999993	1.523720812807341e-12
12	1.8324000000000003	8.1151147711214807e-40
12	1.9107999999999992	1.0138025565308911e-18
12	1.9923999999999993	5.4902546602165396e-25
12	2.0739999999999994	2.5687861518164234e-31
13	0.70520000000000005	0.99999929480024863
13	0.76680000000000004	7.0519945925284726e-07
13	0.82840000000000003	2.9209359802956377e-13
13	0.89000000000000012	9.3098070476014041e-20
13	0.9516	2.5320014423283658e-26
13	1.0132000000000001	6.1931471501628045e-33
14	1.7055999999999993	0.9999982944014546
14	1.7871999999999995	1.7055969517544026e-06
14	1.8687999999999994	1.5937096616726014e-12
14	1.8720000000000003	8.1151147711214807e-40
14	1.9503999999999992	1.0813653923855516e-18
14	2.0319999999999991	5.9626068404292678e-25
14	2.1135999999999995	2.8365230618436619e-31
17	2.2384000000000013	8.1151147711214807e-40
17	2.3136000000000014	0.99999768640267639
17	2.3952000000000013	2.3135944584719178e-06
17	2.4768000000000017	2.8651551435749621e-12
17	2.4800000000000004	2.1255401723404831e-32
17	2.5584000000000016	2.523903854772128e-18
17	2.5616000000000003	4.5808832454557623e-38
17	2.6400000000000015	1.7737306389449387e-24
17	2.7216000000000014	1.0365433683070907e-30
17	2.8032000000000012	4.0631652836249422e-37
18	1.8283999999999998	0.99999817160167148
18	1.9099999999999997	1.8283965077593359e-06
18	1.9915999999999998	1.8207170938562286e-12
18	1.9948000000000006	1.312959050936332e-39
18	2.2363999999999997	1.007533731455409e-31
18	2.3148000000000004	1.30978905576612e-18
18	2.3964000000000003	1.078664116161861e-24
18	2.4780000000000002	5.2858937808630258e-31
18	2.5596000000000005	8.1499830384865311e-38
20	1.8699999999999999	0.99999813000174853
20	1.9516	1.8699963505115609e-06
20	2.0331999999999999	1.9010381348053371e-12
20	2.0364000000000009	1.0382104335251053e-39
20	2.278	1.1317485771265925e-31
20	2.3564000000000007	1.3938881829046815e-18
20	2.4380000000000006	1.1623518124341584e-24
20	2.5196000000000005	5.7408571251568865e-31
20	2.6012000000000004	1.1656709948131393e-37
21	2.7948000000000017	8.1151147711214807e-40
21	2.8700000000000028	0.9999971300041185
21	2.9516000000000027	2.8699915289205057e-06
21	3.0332000000000026	4.3526287975863277e-12
21	3.2780000000000027	7.2896038278899411e-32
21	3.3564000000000012	4.6407643978455854e-18
21	3.359600000000003	2.5229445495049907e-37
21	3.4380000000000011	5.0264917398097002e-24
21	3.5196000000000009	3.8589886772582035e-30
21	3.6012000000000013	2.0613559496980123e-36
22	2.2780000000000014	8.1151147711214807e-40
22	2.3532000000000015	0.99999764680276881
22	2.4348000000000014	2.3531942704356142e-06
22	2.5164000000000017	2.9607887894617215e-12
22	2.5196000000000005	2.3086756636344456e-32
22	2.5980000000000016	2.64718781139714e-18
22	2.6012000000000004	5.2232731060262967e-38
22	2.6796000000000015	1.8864979674745196e-24
22	2.7612000000000014	1.116816194383007e-30
22	2.8428000000000013	4.4438719686893622e-37
24	0.34279999999999999	0.99999965720005879
24	0.40439999999999998	3.4279986137170823e-07
24	0.46599999999999997	7.9872362779470364e-14
24	0.52760000000000007	1.590372683052489e-20
24	0.58919999999999995	2.9215783001191682e-27
24	0.65080000000000005	5.1244765062920869e-34
25	0.74680000000000002	0.99999925320027883
25	0.80840000000000001	7.467993962871246e-07
25	0.87	3.2485771737366308e-13
25	0.93159999999999998	1.080218508014637e-19
25	0.99320000000000008	3.0486163107718706e-26
25	1.0548	7.7037671580833043e-33
26	2.3196000000000012	1.312959050936332e-39
26	2.3948000000000014	0.99999760520286762
26	2.4764000000000013	2.3947940695246254e-06
26	2.5580000000000016	3.0629413649859797e-12
26	2.5612000000000004	2.6245596435378263e-32
26	2.6396000000000015	2.780949433657534e-18
26	2.6428000000000003	5.9010311168980757e-38
26	2.7212000000000014	2.0106580307711051e-24
26	2.8028000000000013	1.2053134721989328e-30
26	2.8844000000000012	4.8309237530223726e-37
27	2.8344000000000018	8.1151147711214807e-40
27	2.9096000000000029	0.9999970904042329
27	2.9912000000000027	2.9095912968174984e-06
27	3.3144000000000009	4.4702946236309593e-12
27	3.3176000000000028	7.3888842229957696e-32
27	3.3960000000000012	5.9052094468880105e-18
27	3.3992000000000031	2.5678084568162665e-37
27	3.4776000000000011	5.4925095252099582e-24
27	3.559200000000001	4.134465156357871e-30
27	3.6408000000000014	2.2643310403455459e-36
28	2.8740000000000019	8.1151147711214807e-40
28	2.9492000000000029	0.99999705080434897
28	3.0308000000000028	2.9491910615781882e-06
28	3.354000000000001	4.5895296466917666e-12
28	3.3572000000000028	7.818680092388858e-32
28	3.4356000000000013	6.1232571930987943e-18
28	3.4388000000000032	2.8342673666983798e-37
28	3.5172000000000012	5.7547221276017453e-24
28	3.5988000000000011	4.3761455076602834e-30
28	3.6804000000000014	2.417065800622338e-36
29	0.79039999999999999	0.9999992096003123
29	0.85399999999999998	7.9039932499868834e-07
29	0.91759999999999997	3.6263518724579934e-13
29	0.98120000000000007	1.2682659538701716e-19
29	1.1084000000000001	4.4064672138778119e-33
29	1.2864000000000002	3.7560781780689138e-26
29	1.3500000000000003	1.4609704311385755e-32
29	10.063599999999999	1.1102230246251565e-16
31	1.9096	0.99999809040182341
31	1.9912000000000001	1.9095961976082662e-06
31	2.076000000000001	8.1151147711214807e-40
31	2.3144000000000009	1.9791048595544154e-12
31	2.3176000000000001	1.1104771011252855e-31
31	2.3960000000000008	1.9553635892899014e-18
31	2.4776000000000007	1.3431713042502826e-24
31	2.5592000000000006	6.5405180779711355e-31
31	2.6408000000000005	1.2855874627397939e-37
33	0.83199999999999996	0.99999916800034616
33	0.89559999999999995	8.3199925486113359e-07
33	0.95919999999999994	3.9902681725329302e-13
33	1.0227999999999999	1.4506180277737867e-19
33	1.1499999999999999	5.4479014283185428e-33
33	1.3280000000000001	4.4450922523994193e-26
33	1.3916000000000002	1.7417872581106622e-32
35	0.38240000000000002	0.99999961760007317
35	0.44400000000000001	3.823998302144374e-07
35	0.50560000000000005	9.6670671123296251e-14
35	0.56720000000000004	2.050401123945483e-20
35	0.62880000000000003	3.9613568617252151e-27
35	0.69040000000000001	7.240015809852982e-34
37	0.88159999999999994	0.99999911840038858
37	0.96319999999999995	8.8159915084328816e-07
37	1.0448	4.6054735881986819e-13
37	1.2896000000000001	5.3422046313254885e-33
37	1.3680000000000003	1.8642537295924882e-19
37	1.4496000000000002	1.0979345873297657e-25
37	1.5312000000000001	3.973766879230125e-32
37	10.0816	1.1102230246251565e-16
39	0.18240000000000001	0.99999981760001666
39	0.24399999999999999	1.8239995549440565e-07
39	0.30559999999999998	2.7870711482709267e-14
39	0.36720000000000003	4.0990080308439761e-21
39	0.42880000000000001	5.992081836866762e-28
39	0.4904	8.7911413217176209e-35
40	1.9492	0.99999805080189974
40	2.0308000000000002	1.9491960415686596e-06
40	2.115600000000001	8.1151147711214807e-40
40	2.354000000000001	2.0587401937198827e-12
40	2.3572000000000002	1.7053884899004237e-32
40	2.4356000000000009	2.0611776633202383e-18
40	2.4388000000000001	2.9911833848770173e-38
40	2.5172000000000008	1.435526597887239e-24
40	2.5988000000000007	8.1173651295777123e-31
40	2.6804000000000006	2.3669853027329046e-37
41	0.42200000000000004	0.9999995780000891
41	0.48360000000000003	4.2199979592084958e-07
41	0.54520000000000002	1.1503713728173582e-13
41	0.60680000000000001	2.5897156498933993e-20
41	0.66840000000000011	5.2506158185992047e-27
41	0.72999999999999998	9.9867085488801023e-34
43	2.3592000000000013	8.1151147711214807e-40
43	2.434400000000001	0.99999756560296327
43	2.5160000000000009	2.4343938750573054e-06
43	2.5976000000000008	3.1617905069223194e-12
43	2.6008000000000009	2.6042734017301926e-32
43	2.6792000000000011	2.9123917655788702e-18
43	2.6824000000000012	6.7771763598622206e-38
43	2.760800000000001	2.1344418989361279e-24
43	2.8424000000000009	1.2981471338675086e-30
43	2.9240000000000013	5.3126108728704185e-37
45	0.9211999999999998	0.99999907880042427
45	1.0027999999999997	9.2119907622110355e-07
45	1.3260000000000001	4.9947397769706809e-13
45	1.3291999999999997	5.8597163155541233e-33
45	1.4076	3.2940977387981022e-19
45	1.4892000000000001	1.4939137042357229e-25
45	1.5708000000000002	5.1076273511017447e-32
47	1.9928000000000001	0.99999800720198562
47	2.1592000000000011	1.6430203687262489e-39
47	2.3160000000000007	1.9927953846805431e-06
47	2.3976000000000006	2.6296925750415284e-12
47	2.4008000000000003	2.0551939044335097e-32
47	2.479200000000001	2.2793993763194027e-18
47	2.4824000000000002	3.4192422175729207e-38
47	2.5608000000000009	1.5615748837352446e-24
47	2.6424000000000007	8.8685327240822711e-31
47	2.7240000000000011	2.6042413470833169e-37
48	0.96279999999999966	0.99999903720046346
48	1.2859999999999996	9.6279876183999556e-07
48	1.3675999999999997	7.7466782056356332e-13
48	1.3707999999999996	5.5282549547927364e-33
48	1.4491999999999998	4.1204917560456839e-19
48	1.5307999999999997	1.7817256412801721e-25
48	1.6123999999999996	6.1952332746438611e-32
49	1.0043999999999997	0.99999899560050443
49	1.3275999999999999	1.0043986665594446e-06
49	1.4091999999999998	8.2903059172926591e-13
49	1.4123999999999999	6.8944367413293036e-33
49	1.4907999999999997	4.5200881532875507e-19
49	1.5723999999999998	1.9998969825324652e-25
49	1.6539999999999999	7.0457284995985651e-32
51	2.3988000000000014	8.1151147711214807e-40
51	2.4740000000000011	0.99999752600306036
51	2.555600000000001	2.4739936774536799e-06
51	2.6372000000000009	3.2622077968942559e-12
51	2.7188000000000012	3.0479075284310878e-18
51	2.7220000000000013	7.6643858923206832e-38
51	2.8004000000000011	2.2638489401924898e-24
51	2.882000000000001	1.422306270208966e-30
51	2.9636000000000013	5.7823177450906985e-37
55	1.2875999999999996	0.99999871240082894
55	1.3691999999999998	1.2875982370192876e-06
55	1.4507999999999996	9.340236849174559e-13
55	1.4539999999999997	1.0382104335251053e-39
55	1.5323999999999995	5.0393362626752068e-19
55	1.6139999999999997	2.2556910506677113e-25
55	1.6955999999999998	8.8693683576772922e-32
56	2.4384000000000015	8.1151147711214807e-40
56	2.5136000000000012	0.99999748640315911
56	2.5952000000000011	2.5135934767137477e-06
56	2.676800000000001	3.3641932347155048e-12
56	2.7584000000000013	3.1875588206949645e-18
56	2.7616000000000014	8.6463420887499791e-38
56	2.8400000000000012	2.3990467589642026e-24
56	2.9216000000000011	1.5261481585421435e-30
56	3.0032000000000014	6.2843087802671611e-37
57	1.3311999999999995	0.99999866880088606
57	1.4127999999999994	1.3311981192819693e-06
57	1.4943999999999995	9.9467115356231803e-13
57	1.4975999999999994	1.312959050936332e-39
57	1.5759999999999996	5.5106623338559865e-19
57	1.6575999999999995	2.5262164658814692e-25
57	1.7391999999999994	1.0149846881108352e-31
58	0.46160000000000007	0.99999953840010669
58	0.52320000000000011	4.615997584909435e-07
58	0.5848000000000001	1.3497176106849134e-13
58	0.64640000000000009	3.2145261610629567e-20
58	0.70800000000000007	6.8258073081267209e-27
58	0.76960000000000006	1.3494118032864198e-33
60	0.22399999999999998	0.9999997760000251
60	0.28559999999999997	2.239999360256089e-07
60	0.34719999999999995	3.8886386498644203e-14
60	0.4088	6.2390485428097629e-21
60	0.47039999999999998	9.7149039587481092e-28
60	0.53200000000000003	1.4952475930322056e-34
61	2.4780000000000015	8.1151147711214807e-40
61	2.5532000000000012	0.99999744680325942
61	2.6348000000000011	2.5531932728375061e-06
61	2.716400000000001	3.4677468201997496e-12
61	2.7980000000000014	3.3314077408414446e-18
61	2.8796000000000013	2.5402054187674652e-24
61	2.9612000000000012	1.6359622837254991e-30
61	3.0428000000000015	7.8247663323106893e-37
62	1.3727999999999996	0.99999862720094235
62	1.4543999999999997	1.3727980034011326e-06
62	1.5359999999999996	1.0543087805804703e-12
62	1.5391999999999997	1.0382104335251053e-39
62	1.6175999999999995	5.9868392065610856e-19
62	1.6991999999999996	2.8062657063044072e-25
62	1.7807999999999997	1.1504981331487755e-31
64	0.2636	0.99999973640003481
64	0.32519999999999999	2.6359991427729372e-07
64	0.38680000000000003	5.0980220280846926e-14
64	0.44840000000000002	8.8333445084607789e-21
64	0.51000000000000001	1.4569494069556149e-27
64	0.5716	2.3449459379913424e-34
65	0.50120000000000009	0.99999949880012573
65	0.56280000000000008	5.0119971792472026e-07
65	0.62440000000000007	1.5647454229726575e-13
65	0.68600000000000017	3.9310425566372209e-20
65	0.74760000000000004	8.7258425858664525e-27
65	0.80920000000000014	1.7908244337732938e-33
66	2.913600000000002	8.1151147711214807e-40
66	2.988800000000003	0.9999970112044666
66	3.3120000000000012	2.9887901011107975e-06
66	3.3936000000000011	5.432424444493128e-12
66	3.3968000000000029	7.2136582851699401e-32
66	3.4752000000000014	6.4927158462880306e-18
66	3.4784000000000033	3.1233801719865256e-37
66	3.5568000000000013	6.0546570942420416e-24
66	3.6384000000000012	4.645041339944718e-30
66	3.7200000000000015	2.6057429926229062e-36
67	1.7451999999999994	0.99999825480152293
67	1.8267999999999995	1.7451968118715501e-06
67	1.9083999999999994	1.6652666620020689e-12
67	1.9116000000000004	8.1151147711214807e-40
67	1.9899999999999993	1.151858794465384e-18
67	2.1531999999999996	1.4755926054875453e-31
67	2.3132000000000001	6.4647340754030973e-25
67	2.3948	3.2123705085393109e-31
67	2.4763999999999999	6.6013413352842531e-38
68	0.54079999999999995	0.99999945920014632
68	0.60239999999999994	5.4079967422217776e-07
68	0.66399999999999992	1.7954548078176142e-13
68	0.72560000000000002	4.7454747348156205e-20
68	0.7871999999999999	1.0992092025063356e-26
68	0.8488	2.3392498115881015e-33
69	1.4163999999999997	0.99999858360100313
69	1.4979999999999998	1.4163978782343887e-06
69	1.5795999999999997	1.1186709529459665e-12
69	1.5827999999999998	1.312959050936332e-39
69	1.6611999999999996	6.5144505402124394e-19
69	1.7427999999999997	3.1240399090666351e-25
69	1.8243999999999998	1.3076280089620714e-31
70	2.5176000000000016	8.1151147711214807e-40
70	2.5928000000000013	0.99999740720336139
70	2.6744000000000012	2.5927930658249522e-06
70	2.7560000000000011	3.5728685531607022e-12
70	2.8376000000000015	3.4795163873316287e-18
70	2.9192000000000013	2.6874974422101199e-24
70	3.0008000000000012	1.7520023867978345e-30
70	3.0824000000000016	8.5176952889040113e-37
71	1.4619999999999993	0.99999853800106875
71	1.5435999999999992	1.4619977432585427e-06
71	1.6251999999999993	1.1880192692295149e-12
71	1.6283999999999996	2.5016532624993097e-39
71	1.7067999999999994	7.0984029559021764e-19
71	1.7883999999999993	3.4844106927485389e-25
71	1.8699999999999992	1.4898132068459068e-31
72	1.5015999999999994	0.99999849840112742
72	1.5831999999999993	1.5015976226687617e-06
72	1.6647999999999994	1.2499297591152044e-12
72	1.6680000000000001	8.1151147711214807e-40
72	1.7463999999999995	7.6329021711146784e-19
72	1.8279999999999994	3.8218250107321596e-25
72	1.9095999999999993	1.6639562147191089e-31
73	2.953200000000002	8.1151147711214807e-40
73	3.0284000000000031	0.99999697160458567
73	3.3516000000000012	3.0283898500315743e-06
73	3.4332000000000011	5.5643630563959662e-12
73	3.436400000000003	7.6669925348967202e-32
73	3.5148000000000015	6.7232812580468463e-18
73	3.5180000000000033	3.4366621553891697e-37
73	3.5964000000000014	6.3359609165768441e-24
73	3.6780000000000013	4.9096552862374945e-30
73	3.7596000000000016	2.7759608127115826e-36
75	2.5572000000000017	1.0382104335251053e-39
75	2.6324000000000014	0.99999736760346492
75	2.7140000000000013	2.6323928556760975e-06
75	2.7956000000000012	3.6795584334120747e-12
75	2.8772000000000015	3.6319468586168227e-18
75	2.9588000000000014	2.8410978109912343e-24
75	3.0404000000000013	1.8745292924035767e-30
75	3.1220000000000017	9.221293875856935e-37
76	2.9928000000000021	8.1151147711214807e-40
76	3.3096000000000014	0.99999669040547678
76	3.3912000000000013	3.3095887765035166e-06
76	3.4728000000000012	5.7467694825843018e-12
76	3.4760000000000031	8.1194897376701344e-32
76	3.5544000000000016	6.9687568931825038e-18
76	3.5576000000000034	3.7757033772461526e-37
76	3.6360000000000015	6.6287907622553974e-24
76	3.7176000000000013	5.1867751875734396e-30
76	3.7992000000000017	2.9549752223677518e-36
77	2.5968000000000018	8.1151147711214807e-40
77	2.6720000000000024	0.99999732800356989
77	2.7536000000000023	2.6719926423909334e-06
77	2.8352000000000022	3.7878164607675598e-12
77	2.9168000000000025	3.7887612531384125e-18
77	2.9984000000000024	3.0011839659005005e-24
77	3.0800000000000023	3.5956397798426568e-31
77	3.1616000000000026	5.5141507595792705e-37
77	3.321600000000001	1.644246596173383e-30
77	3.4032000000000009	8.93529534466607e-37
81	1.5431999999999992	0.9999984568011907
81	1.6247999999999991	1.5431974926106759e-06
81	1.7063999999999993	1.316655993256294e-12
81	1.7096	1.0382104335251053e-39
81	1.7879999999999994	8.2225252661116764e-19
81	1.8695999999999993	4.2020020420052802e-25
81	1.9511999999999992	1.8640062214677023e-31
81	10.0816	1.1102230246251565e-16
83	2.6364000000000019	8.1151147711214807e-40
83	2.7116000000000025	0.99999728840367652
83	2.7932000000000023	2.7115924259694601e-06
83	2.8748000000000022	3.8976426350408581e-12
83	2.9564000000000026	3.9500216693280181e-18
83	3.0380000000000025	3.1679358068178699e-24
83	3.1196000000000024	2.7244896269917415e-31
83	3.2012000000000027	6.0018572149691979e-37
83	3.3612000000000011	1.8676733337270449e-30
83	3.442800000000001	9.9795715358803883e-37
84	1.5847999999999993	0.99999841520125587
84	1.6663999999999994	1.5847973590914807e-06
84	1.7479999999999993	1.385112778820746e-12
84	1.7512000000000003	1.0382104335251053e-39
84	1.8295999999999992	8.8416785338634881e-19
84	1.9111999999999993	4.6097863864379549e-25
84	1.9927999999999995	2.0827987007850313e-31
86	2.6760000000000015	8.1151147711214807e-40
86	2.7512000000000025	0.99999724880378471
86	2.8328000000000024	2.751192206411685e-06
86	2.9144000000000023	4.0090369560456861e-12
86	2.9960000000000027	4.1157902056074248e-18
86	3.1592000000000025	9.521642240627563e-32
86	3.2408000000000028	3.0672633913592029e-37
86	3.3192000000000013	3.3415348853981115e-24
86	3.4008000000000012	2.9958451279499319e-30
86	3.4824000000000011	1.5576280308902512e-36
87	2.9928000000000021	8.1151147711214807e-40
87	3.3096000000000014	0.99999669040547678
87	3.3912000000000013	3.3095887765035166e-06
87	3.4728000000000012	5.7467694825843018e-12
87	3.4760000000000031	8.1194897376701344e-32
87	3.5544000000000016	6.9687568931825038e-18
87	3.5576000000000034	3.7757033772461526e-37
87	3.6360000000000015	6.6287907622553974e-24
87	3.7176000000000013	5.1867751875734396e-30
87	3.7992000000000017	2.9549752223677518e-36
88	0.30320000000000003	0.99999969680004597
88	0.36480000000000001	3.0319988939266e-07
88	0.4264	6.4642212436554687e-14
88	0.48800000000000004	1.2034204260640218e-20
88	0.54960000000000009	2.0972871150554847e-27
88	0.61119999999999997	3.5259902848822464e-34
89	1.6263999999999994	0.9999983736013226
89	1.7079999999999993	1.6263972221111721e-06
89	1.7895999999999994	1.4553001155925817e-12
89	1.7928000000000002	1.0382104335251053e-39
89	1.8711999999999995	9.4910818822976179e-19
89	1.9527999999999994	5.0464802166039422e-25
89	2.0343999999999993	2.321617749771858e-31

[frame_wcrt_cdf]
frame_id	response_time_ms	cumulative_probability
0	0.58240000000000003	0.99999941760016964
0	0.64400000000000002	0.99999999999979461
0	0.7056	1
0	0.7672000000000001	1
0	0.82879999999999998	1
0	0.89040000000000008	1
1	0.10120000000000001	0.99999989880000517
1	0.1608	0.9999999999999889
1	0.22040000000000001	1
1	0.28000000000000003	1
1	0.33960000000000001	1
1	0.3992	1
5	2.7156000000000016	8.1151147711214807e-40
5	2.7908000000000026	0.99999720920389434
5	2.8724000000000025	0.99999999999587807
5	2.9540000000000024	1
5	3.0356000000000027	1
5	3.1988000000000025	1
5	3.2804000000000029	1
5	3.3588000000000013	1
5	3.4404000000000012	1
5	3.5220000000000011	1
6	0.14080000000000001	0.99999985920001
6	0.20040000000000002	0.99999999999998179
6	0.26000000000000001	1
6	0.3196	1
6	0.37919999999999998	1
6	0.43879999999999997	1
7	0.624	0.99999937600019473
7	0.68559999999999999	0.99999999999976696
7	0.74719999999999998	1
7	0.80879999999999996	1
7	0.87040000000000006	1
7	0.93199999999999994	1
8	2.7552000000000016	8.1151147711214807e-40
8	2.8304000000000027	0.99999716960400564
8	2.9120000000000026	0.9999999999957635
8	2.9936000000000025	1
8	3.2384000000000026	1
8	3.3168000000000011	1
8	3.3200000000000029	1
8	3.398400000000001	1
8	3.4800000000000009	1
8	3.5616000000000012	1
9	0.66559999999999997	0.9999993344002216
9	0.72719999999999996	0.99999999999973754
9	0.78879999999999995	1
9	0.85040000000000004	1
9	0.91199999999999992	1
9	0.97360000000000002	1
10	2.0324000000000004	0.99999796760206539
10	2.1988000000000012	0.99999796760206539
10	2.3556000000000012	0.99999999999727784
10	2.4372000000000016	1
10	2.4404000000000003	1
10	2.5188000000000015	1
10	2.5220000000000002	1
10	2.6004000000000014	1
10	2.6820000000000013	1
10	2.7636000000000012	1
11	1.7847999999999995	0.99999821520159271
11	1.8663999999999996	0.99999999999826161
11	1.9479999999999995	1
11	1.9512000000000005	1
11	2.0295999999999994	1
11	2.1927999999999996	1
11	2.3528000000000002	1
11	2.4344000000000001	1
11	2.516	1
12	1.6659999999999993	0.99999833400138782
12	1.7475999999999994	0.99999999999847633
12	1.8291999999999993	1
12	1.8324000000000003	1
12	1.9107999999999992	1
12	1.9923999999999993	1
12	2.0739999999999994	1
13	0.70520000000000005	0.99999929480024863
13	0.76680000000000004	0.9999999999997079
13	0.82840000000000003	1
13	0.89000000000000012	1
13	0.9516	1
13	1.0132000000000001	1
14	1.7055999999999993	0.9999982944014546
14	1.7871999999999995	0.99999999999840639
14	1.8687999999999994	1
14	1.8720000000000003	1
14	1.9503999999999992	1
14	2.0319999999999991	1
14	2.1135999999999995	1
17	2.2384000000000013	8.1151147711214807e-40
17	2.3136000000000014	0.99999768640267639
17	2.3952000000000013	0.99999999999713485
17	2.4768000000000017	1
17	2.4800000000000004	1
17	2.5584000000000016	1
17	2.5616000000000003	1
17	2.6400000000000015	1
17	2.7216000000000014	1
17	2.8032000000000012	1
18	1.8283999999999998	0.99999817160167148
18	1.9099999999999997	0.99999999999817923
18	1.9915999999999998	1
18	1.9948000000000006	1
18	2.2363999999999997	1
18	2.3148000000000004	1
18	2.3964000000000003	1
18	2.4780000000000002	1
18	2.5596000000000005	1
20	1.8699999999999999	0.99999813000174853
20	1.9516	0.99999999999809908
20	2.0331999999999999	1
20	2.0364000000000009	1
20	2.278	1
20	2.3564000000000007	1
20	2.4380000000000006	1
20	2.5196000000000005	1
20	2.6012000000000004	1
21	2.7948000000000017	8.1151147711214807e-40
21	2.8700000000000028	0.9999971300041185
21	2.9516000000000027	0.99999999999564737
21	3.0332000000000026	1
21	3.2780000000000027	1
21	3.3564000000000012	1
21	3.359600000000003	1
21	3.4380000000000011	1
21	3.5196000000000009	1
21	3.6012000000000013	1
22	2.2780000000000014	8.1151147711214807e-40
22	2.3532000000000015	0.99999764680276881
22	2.4348000000000014	0.99999999999703926
22	2.5164000000000017	1
22	2.5196000000000005	1
22	2.5980000000000016	1
22	2.6012000000000004	1
22	2.6796000000000015	1
22	2.7612000000000014	1
22	2.8428000000000013	1
24	0.34279999999999999	0.99999965720005879
24	0.40439999999999998	0.99999999999992017
24	0.46599999999999997	1
24	0.52760000000000007	1
24	0.58919999999999995	1
24	0.65080000000000005	1
25	0.74680000000000002	0.99999925320027883
25	0.80840000000000001	0.99999999999967515
25	0.87	1
25	0.93159999999999998	1
25	0.99320000000000008	1
25	1.0548	1
26	2.3196000000000012	1.312959050936332e-39
26	2.3948000000000014	0.99999760520286762
26	2.4764000000000013	0.99999999999693712
26	2.5580000000000016	1
26	2.5612000000000004	1
26	2.6396000000000015	1
26	2.6428000000000003	1
26	2.7212000000000014	1
26	2.8028000000000013	1
26	2.8844000000000012	1
27	2.8344000000000018	8.1151147711214807e-40
27	2.9096000000000029	0.9999970904042329
27	2.9912000000000027	0.99999999999552969
27	3.3144000000000009	1
27	3.3176000000000028	1
27	3.3960000000000012	1
27	3.3992000000000031	1
27	3.4776000000000011	1
27	3.559200000000001	1
27	3.6408000000000014	1
28	2.8740000000000019	8.1151147711214807e-40
28	2.9492000000000029	0.99999705080434897
28	3.0308000000000028	0.99999999999541056
28	3.354000000000001	1
28	3.3572000000000028	1
28	3.4356000000000013	1
28	3.4388000000000032	1
28	3.5172000000000012	1
28	3.5988000000000011	1
28	3.6804000000000014	1
29	0.79039999999999999	0.9999992096003123
29	0.85399999999999998	0.99999999999963729
29	0.91759999999999997	0.99999999999999989
29	0.98120000000000007	0.99999999999999989
29	1.1084000000000001	0.99999999999999989
29	1.2864000000000002	0.99999999999999989
29	1.3500000000000003	0.99999999999999989
29	10.063599999999999	1
31	1.9096	0.99999809040182341
31	1.9912000000000001	0.99999999999802103
31	2.076000000000001	0.99999999999802103
31	2.3144000000000009	1
31	2.3176000000000001	1
31	2.3960000000000008	1
31	2.4776000000000007	1
31	2.5592000000000006	1
31	2.6408000000000005	1
33	0.83199999999999996	0.99999916800034616
33	0.89559999999999995	0.99999999999960099
33	0.95919999999999994	1
33	1.0227999999999999	1
33	1.1499999999999999	1
33	1.3280000000000001	1
33	1.3916000000000002	1
35	0.38240000000000002	0.99999961760007317
35	0.44400000000000001	0.99999999999990341
35	0.50560000000000005	1
35	0.56720000000000004	1
35	0.62880000000000003	1
35	0.69040000000000001	1
37	0.88159999999999994	0.99999911840038858
37	0.96319999999999995	0.99999999999953937
37	1.0448	0.99999999999999989
37	1.2896000000000001	0.99999999999999989
37	1.3680000000000003	0.99999999999999989
37	1.4496000000000002	0.99999999999999989
37	1.5312000000000001	0.99999999999999989
37	10.0816	1
39	0.18240000000000001	0.99999981760001666
39	0.24399999999999999	0.99999999999997213
39	0.30559999999999998	1
39	0.36720000000000003	1
39	0.42880000000000001	1
39	0.4904	1
40	1.9492	0.99999805080189974
40	2.0308000000000002	0.99999999999794131
40	2.115600000000001	0.99999999999794131
40	2.354000000000001	1
40	2.3572000000000002	1
40	2.4356000000000009	1
40	2.4388000000000001	1
40	2.5172000000000008	1
40	2.5988000000000007	1
40	2.6804000000000006	1
41	0.42200000000000004	0.9999995780000891
41	0.48360000000000003	0.99999999999988498
41	0.54520000000000002	1
41	0.60680000000000001	1
41	0.66840000000000011	1
41	0.72999999999999998	1
43	2.3592000000000013	8.1151147711214807e-40
43	2.434400000000001	0.99999756560296327
43	2.5160000000000009	0.99999999999683831
43	2.5976000000000008	1
43	2.6008000000000009	1
43	2.6792000000000011	1
43	2.6824000000000012	1
43	2.760800000000001	1
43	2.8424000000000009	1
43	2.9240000000000013	1
45	0.9211999999999998	0.99999907880042427
45	1.0027999999999997	0.99999999999950051
45	1.3260000000000001	1
45	1.3291999999999997	1
45	1.4076	1
45	1.4892000000000001	1
45	1.5708000000000002	1
47	1.9928000000000001	0.99999800720198562
47	2.1592000000000011	0.99999800720198562
47	2.3160000000000007	0.99999999999737033
47	2.3976000000000006	1
47	2.4008000000000003	1
47	2.479200000000001	1
47	2.4824000000000002	1
47	2.5608000000000009	1
47	2.6424000000000007	1
47	2.7240000000000011	1
48	0.96279999999999966	0.99999903720046346
48	1.2859999999999996	0.99999999999922529
48	1.3675999999999997	1
48	1.3707999999999996	1
48	1.4491999999999998	1
48	1.5307999999999997	1
48	1.6123999999999996	1
49	1.0043999999999997	0.99999899560050443
49	1.3275999999999999	0.999999999999171
49	1.4091999999999998	1
49	1.4123999999999999	1
49	1.4907999999999997	1
49	1.5723999999999998	1
49	1.6539999999999999	1
51	2.3988000000000014	8.1151147711214807e-40
51	2.4740000000000011	0.99999752600306036
51	2.555600000000001	0.99999999999673783
51	2.6372000000000009	1
51	2.7188000000000012	1
51	2.7220000000000013	1
51	2.8004000000000011	1
51	2.882000000000001	1
51	2.9636000000000013	1
55	1.2875999999999996	0.99999871240082894
55	1.3691999999999998	0.99999999999906597
55	1.4507999999999996	1
55	1.4539999999999997	1
55	1.5323999999999995	1
55	1.6139999999999997	1
55	1.6955999999999998	1
56	2.4384000000000015	8.1151147711214807e-40
56	2.5136000000000012	0.99999748640315911
56	2.5952000000000011	0.9999999999966358
56	2.676800000000001	1
56	2.7584000000000013	1
56	2.7616000000000014	1
56	2.8400000000000012	1
56	2.9216000000000011	1
56	3.0032000000000014	1
57	1.3311999999999995	0.99999866880088606
57	1.4127999999999994	0.99999999999900535
57	1.4943999999999995	1
57	1.4975999999999994	1
57	1.5759999999999996	1
57	1.6575999999999995	1
57	1.7391999999999994	1
58	0.46160000000000007	0.99999953840010669
58	0.52320000000000011	0.99999999999986522
58	0.5848000000000001	1
58	0.64640000000000009	1
58	0.70800000000000007	1
58	0.76960000000000006	1
60	0.22399999999999998	0.9999997760000251
60	0.28559999999999997	0.99999999999996114
60	0.34719999999999995	1
60	0.4088	1
60	0.47039999999999998	1
60	0.53200000000000003	1
61	2.4780000000000015	8.1151147711214807e-40
61	2.5532000000000012	0.99999744680325942
61	2.6348000000000011	0.99999999999653222
61	2.716400000000001	1
61	2.7980000000000014	1
61	2.8796000000000013	1
61	2.9612000000000012	1
61	3.0428000000000015	1
62	1.3727999999999996	0.99999862720094235
62	1.4543999999999997	0.99999999999894573
62	1.5359999999999996	1
62	1.5391999999999997	1
62	1.6175999999999995	1
62	1.6991999999999996	1
62	1.7807999999999997	1
64	0.2636	0.99999973640003481
64	0.32519999999999999	0.99999999999994904
64	0.38680000000000003	1
64	0.44840000000000002	1
64	0.51000000000000001	1
64	0.5716	1
65	0.50120000000000009	0.99999949880012573
65	0.56280000000000008	0.99999999999984368
65	0.62440000000000007	1
65	0.68600000000000017	1
65	0.74760000000000004	1
65	0.80920000000000014	1
66	2.913600000000002	8.1151147711214807e-40
66	2.988800000000003	0.9999970112044666
66	3.3120000000000012	0.99999999999456768
66	3.3936000000000011	1
66	3.3968000000000029	1
66	3.4752000000000014	1
66	3.4784000000000033	1
66	3.5568000000000013	1
66	3.6384000000000012	1
66	3.7200000000000015	1
67	1.7451999999999994	0.99999825480152293
67	1.8267999999999995	0.99999999999833478
67	1.9083999999999994	1
67	1.9116000000000004	1
67	1.9899999999999993	1
67	2.1531999999999996	1
67	2.3132000000000001	1
67	2.3948	1
67	2.4763999999999999	1
68	0.54079999999999995	0.99999945920014632
68	0.60239999999999994	0.99999999999982059
68	0.66399999999999992	1
68	0.72560000000000002	1
68	0.7871999999999999	1
68	0.8488	1
69	1.4163999999999997	0.99999858360100313
69	1.4979999999999998	0.99999999999888134
69	1.5795999999999997	1
69	1.5827999999999998	1
69	1.6611999999999996	1
69	1.7427999999999997	1
69	1.8243999999999998	1
70	2.5176000000000016	8.1151147711214807e-40
70	2.5928000000000013	0.99999740720336139
70	2.6744000000000012	0.99999999999642719
70	2.7560000000000011	1
70	2.8376000000000015	1
70	2.9192000000000013	1
70	3.0008000000000012	1
70	3.0824000000000016	1
71	1.4619999999999993	0.99999853800106875
71	1.5435999999999992	0.99999999999881206
71	1.6251999999999993	1
71	1.6283999999999996	1
71	1.7067999999999994	1
71	1.7883999999999993	1
71	1.8699999999999992	1
72	1.5015999999999994	0.99999849840112742
72	1.5831999999999993	0.99999999999875011
72	1.6647999999999994	1
72	1.6680000000000001	1
72	1.7463999999999995	1
72	1.8279999999999994	1
72	1.9095999999999993	1
73	2.953200000000002	8.1151147711214807e-40
73	3.0284000000000031	0.99999697160458567
73	3.3516000000000012	0.99999999999443567
73	3.4332000000000011	1
73	3.436400000000003	1
73	3.5148000000000015	1
73	3.5180000000000033	1
73	3.5964000000000014	1
73	3.6780000000000013	1
73	3.7596000000000016	1
75	2.5572000000000017	1.0382104335251053e-39
75	2.6324000000000014	0.99999736760346492
75	2.7140000000000013	0.99999999999632061
75	2.7956000000000012	1
75	2.8772000000000015	1
75	2.9588000000000014	1
75	3.0404000000000013	1
75	3.1220000000000017	1
76	2.9928000000000021	8.1151147711214807e-40
76	3.3096000000000014	0.99999669040547678
76	3.3912000000000013	0.99999999999425326
76	3.4728000000000012	1
76	3.4760000000000031	1
76	3.5544000000000016	1
76	3.5576000000000034	1
76	3.6360000000000015	1
76	3.7176000000000013	1
76	3.7992000000000017	1
77	2.5968000000000018	8.1151147711214807e-40
77	2.6720000000000024	0.99999732800356989
77	2.7536000000000023	0.99999999999621225
77	2.8352000000000022	1
77	2.9168000000000025	1
77	2.9984000000000024	1
77	3.0800000000000023	1
77	3.1616000000000026	1
77	3.321600000000001	1
77	3.4032000000000009	1
81	1.5431999999999992	0.9999984568011907
81	1.6247999999999991	0.99999999999868328
81	1.7063999999999993	0.99999999999999989
81	1.7096	0.99999999999999989
81	1.7879999999999994	0.99999999999999989
81	1.8695999999999993	0.99999999999999989
81	1.9511999999999992	0.99999999999999989
81	10.0816	1
83	2.6364000000000019	8.1151147711214807e-40
83	2.7116000000000025	0.99999728840367652
83	2.7932000000000023	0.99999999999610245
83	2.8748000000000022	1
83	2.9564000000000026	1
83	3.0380000000000025	1
83	3.1196000000000024	1
83	3.2012000000000027	1
83	3.3612000000000011	1
83	3.442800000000001	1
84	1.5847999999999993	0.99999841520125587
84	1.6663999999999994	0.999999999998615
84	1.7479999999999993	1
84	1.7512000000000003	1
84	1.8295999999999992	1
84	1.9111999999999993	1
84	1.9927999999999995	1
86	2.6760000000000015	8.1151147711214807e-40
86	2.7512000000000025	0.99999724880378471
86	2.8328000000000024	0.9999999999959911
86	2.9144000000000023	1
86	2.9960000000000027	1
86	3.1592000000000025	1
86	3.2408000000000028	1
86	3.3192000000000013	1
86	3.4008000000000012	1
86	3.4824000000000011	1
87	2.9928000000000021	8.1151147711214807e-40
87	3.3096000000000014	0.99999669040547678
87	3.3912000000000013	0.99999999999425326
87	3.4728000000000012	1
87	3.4760000000000031	1
87	3.5544000000000016	1
87	3.5576000000000034	1
87	3.6360000000000015	1
87	3.7176000000000013	1
87	3.7992000000000017	1
88	0.30320000000000003	0.99999969680004597
88	0.36480000000000001	0.99999999999993539
88	0.4264	1
88	0.48800000000000004	1
88	0.54960000000000009	1
88	0.61119999999999997	1
89	1.6263999999999994	0.9999983736013226
89	1.7079999999999993	0.99999999999854472
89	1.7895999999999994	1
89	1.7928000000000002	1
89	1.8711999999999995	1
89	1.9527999999999994	1
89	2.0343999999999993	1

[frame_distribution_quantiles]
frame_id	retry_q50	retry_q90	retry_q95	retry_q99	wcrt_q50_ms	wcrt_q90_ms	wcrt_q95_ms	wcrt_q99_ms
0	0	0	0	0	0.58240000000000003	0.58240000000000003	0.58240000000000003	0.58240000000000003
1	0	0	0	0	0.10120000000000001	0.10120000000000001	0.10120000000000001	0.10120000000000001
5	0	0	0	0	2.7908000000000026	2.7908000000000026	2.7908000000000026	2.7908000000000026
6	0	0	0	0	0.14080000000000001	0.14080000000000001	0.14080000000000001	0.14080000000000001
7	0	0	0	0	0.624	0.624	0.624	0.624
8	0	0	0	0	2.8304000000000027	2.8304000000000027	2.8304000000000027	2.8304000000000027
9	0	0	0	0	0.66559999999999997	0.66559999999999997	0.66559999999999997	0.66559999999999997
10	0	0	0	0	2.0324000000000004	2.0324000000000004	2.0324000000000004	2.0324000000000004
11	0	0	0	0	1.7847999999999995	1.7847999999999995	1.7847999999999995	1.7847999999999995
12	0	0	0	0	1.6659999999999993	1.6659999999999993	1.6659999999999993	1.6659999999999993
13	0	0	0	0	0.70520000000000005	0.70520000000000005	0.70520000000000005	0.70520000000000005
14	0	0	0	0	1.7055999999999993	1.7055999999999993	1.7055999999999993	1.7055999999999993
17	0	0	0	0	2.3136000000000014	2.3136000000000014	2.3136000000000014	2.3136000000000014
18	0	0	0	0	1.8283999999999998	1.8283999999999998	1.8283999999999998	1.8283999999999998
20	0	0	0	0	1.8699999999999999	1.8699999999999999	1.8699999999999999	1.8699999999999999
21	0	0	0	0	2.8700000000000028	2.8700000000000028	2.8700000000000028	2.8700000000000028
22	0	0	0	0	2.3532000000000015	2.3532000000000015	2.3532000000000015	2.3532000000000015
24	0	0	0	0	0.34279999999999999	0.34279999999999999	0.34279999999999999	0.34279999999999999
25	0	0	0	0	0.74680000000000002	0.74680000000000002	0.74680000000000002	0.74680000000000002
26	0	0	0	0	2.3948000000000014	2.3948000000000014	2.3948000000000014	2.3948000000000014
27	0	0	0	0	2.9096000000000029	2.9096000000000029	2.9096000000000029	2.9096000000000029
28	0	0	0	0	2.9492000000000029	2.9492000000000029	2.9492000000000029	2.9492000000000029
29	0	0	0	0	0.79039999999999999	0.79039999999999999	0.79039999999999999	0.79039999999999999
31	0	0	0	0	1.9096	1.9096	1.9096	1.9096
33	0	0	0	0	0.83199999999999996	0.83199999999999996	0.83199999999999996	0.83199999999999996
35	0	0	0	0	0.38240000000000002	0.38240000000000002	0.38240000000000002	0.38240000000000002
37	0	0	0	0	0.88159999999999994	0.88159999999999994	0.88159999999999994	0.88159999999999994
39	0	0	0	0	0.18240000000000001	0.18240000000000001	0.18240000000000001	0.18240000000000001
40	0	0	0	0	1.9492	1.9492	1.9492	1.9492
41	0	0	0	0	0.42200000000000004	0.42200000000000004	0.42200000000000004	0.42200000000000004
43	0	0	0	0	2.434400000000001	2.434400000000001	2.434400000000001	2.434400000000001
45	0	0	0	0	0.9211999999999998	0.9211999999999998	0.9211999999999998	0.9211999999999998
47	0	0	0	0	1.9928000000000001	1.9928000000000001	1.9928000000000001	1.9928000000000001
48	0	0	0	0	0.96279999999999966	0.96279999999999966	0.96279999999999966	0.96279999999999966
49	0	0	0	0	1.0043999999999997	1.0043999999999997	1.0043999999999997	1.0043999999999997
51	0	0	0	0	2.4740000000000011	2.4740000000000011	2.4740000000000011	2.4740000000000011
55	0	0	0	0	1.2875999999999996	1.2875999999999996	1.2875999999999996	1.2875999999999996
56	0	0	0	0	2.5136000000000012	2.5136000000000012	2.5136000000000012	2.5136000000000012
57	0	0	0	0	1.3311999999999995	1.3311999999999995	1.3311999999999995	1.3311999999999995
58	0	0	0	0	0.46160000000000007	0.46160000000000007	0.46160000000000007	0.46160000000000007
60	0	0	0	0	0.22399999999999998	0.22399999999999998	0.22399999999999998	0.22399999999999998
61	0	0	0	0	2.5532000000000012	2.5532000000000012	2.5532000000000012	2.5532000000000012
62	0	0	0	0	1.3727999999999996	1.3727999999999996	1.3727999999999996	1.3727999999999996
64	0	0	0	0	0.2636	0.2636	0.2636	0.2636
65	0	0	0	0	0.50120000000000009	0.50120000000000009	0.50120000000000009	0.50120000000000009
66	0	0	0	0	2.988800000000003	2.988800000000003	2.988800000000003	2.988800000000003
67	0	0	0	0	1.7451999999999994	1.7451999999999994	1.7451999999999994	1.7451999999999994
68	0	0	0	0	0.54079999999999995	0.54079999999999995	0.54079999999999995	0.54079999999999995
69	0	0	0	0	1.4163999999999997	1.4163999999999997	1.4163999999999997	1.4163999999999997
70	0	0	0	0	2.5928000000000013	2.5928000000000013	2.5928000000000013	2.5928000000000013
71	0	0	0	0	1.4619999999999993	1.4619999999999993	1.4619999999999993	1.4619999999999993
72	0	0	0	0	1.5015999999999994	1.5015999999999994	1.5015999999999994	1.5015999999999994
73	0	0	0	0	3.0284000000000031	3.0284000000000031	3.0284000000000031	3.0284000000000031
75	0	0	0	0	2.6324000000000014	2.6324000000000014	2.6324000000000014	2.6324000000000014
76	0	0	0	0	3.3096000000000014	3.3096000000000014	3.3096000000000014	3.3096000000000014
77	0	0	0	0	2.6720000000000024	2.6720000000000024	2.6720000000000024	2.6720000000000024
81	0	0	0	0	1.5431999999999992	1.5431999999999992	1.5431999999999992	1.5431999999999992
83	0	0	0	0	2.7116000000000025	2.7116000000000025	2.7116000000000025	2.7116000000000025
84	0	0	0	0	1.5847999999999993	1.5847999999999993	1.5847999999999993	1.5847999999999993
86	0	0	0	0	2.7512000000000025	2.7512000000000025	2.7512000000000025	2.7512000000000025
87	0	0	0	0	3.3096000000000014	3.3096000000000014	3.3096000000000014	3.3096000000000014
88	0	0	0	0	0.30320000000000003	0.30320000000000003	0.30320000000000003	0.30320000000000003
89	0	0	0	0	1.6263999999999994	1.6263999999999994	1.6263999999999994	1.6263999999999994

[signal_summary]
code	frame_id	period_ms	level	type	p_timeout	expected_wcrt_ms	wcrt_p95_ms	threshold_wcrt_ms	expected_retry_count	p_threshold
3899412	71	20	0	0	0	1.4620001192992089	1.4619999999999993	1.4619999999999993	1.4620001192992106e-06	1
27061365	69	10	0	0	0	1.4164001155782491	1.4163999999999997	1.4163999999999997	1.4164001155782489e-06	1
35295057	58	10	0	0	0	0.46160002843456188	0.46160000000000007	0.46160000000000007	4.616000284345621e-07	1
63586759	10	100	0	0	0	2.0324006568712352	2.0324000000000004	2.0324000000000004	2.0324006568712349e-06	1
74276992	89	20	0	0	0	1.6264001327142501	1.6263999999999994	1.6263999999999994	1.6264001327142506e-06	1
103563428	48	10	0	0	0	0.96280031117687304	0.96279999999999966	0.96279999999999966	9.6280031117687285e-07	1
115580470	12	20	0	0	0	1.6660001359456102	1.6659999999999993	1.6659999999999993	1.6660001359456121e-06	1
140590059	33	20	0	0	0	0.83200005291520329	0.83199999999999996	0.83199999999999996	8.3200005291520323e-07	1
145042987	88	1	0	0	0	0.30320001867712121	0.30320000000000003	0.30320000000000003	3.0320001867712097e-07	1
199936555	55	20	0	0	0	1.2876001050681682	1.2875999999999996	1.2875999999999996	1.2876001050681692e-06	1
224021806	37	20	0	0	1.1102230246251565e-16	0.88160007193856682	0.88159999999999994	0.88159999999999994	8.8160007260469884e-07	1
227554481	72	20	0	0	0	1.5016001225305693	1.5015999999999994	1.5015999999999994	1.50160012253057e-06	1
254809312	25	10	0	0	0	0.74680004600288286	0.74680000000000002	0.74680000000000002	7.4680004600288346e-07	1
268191491	89	20	0	0	0	1.6264001327142501	1.6263999999999994	1.6263999999999994	1.6264001327142506e-06	1
268499508	61	100	0	0	0	2.553200208341138	2.5532000000000012	2.4780000000000015	2.5532002083411407e-06	1
277011696	25	20	2	0	0	0.74680004600288286	0.74680000000000002	0.80840000000000001	7.4680004600288346e-07	5.5555555555555559e-13
279823226	83	100	1	0	0	2.7116002212665804	2.7116000000000025	2.8748000000000022	2.7116002212665802e-06	2.7777777777777777e-12
318143747	67	20	0	0	0	1.7452001424083312	1.7451999999999994	1.7451999999999994	1.7452001424083295e-06	1
318592861	48	10	0	0	0	0.96280031117687304	0.96279999999999966	0.96279999999999966	9.6280031117687285e-07	1
324826517	62	20	0	0	0	1.3728001120204887	1.3727999999999996	1.3727999999999996	1.3728001120204899e-06	1
348552328	11	100	2	0	0	1.7848001456396914	1.7847999999999995	1.8663999999999996	1.7848001456396927e-06	2.7777777777777777e-12
349120897	62	10	1	0	0	1.3728001120204887	1.3727999999999996	1.5359999999999996	1.3728001120204899e-06	2.7777777777777779e-13
353769368	29	10	0	0	1.1102230246251565e-16	0.79040005026944415	0.79039999999999999	0.79039999999999999	7.9040005093557717e-07	1
356653571	39	1	0	0	0	0.18240001123584071	0.18240000000000001	0.18240000000000001	1.8240001123584092e-07	1
378435662	60	1	0	0	0	0.22400001379840082	0.22399999999999998	0.22399999999999998	2.2400001379840062e-07	1
380111639	77	100	0	0	0	2.6720002180352203	2.6720000000000024	2.5968000000000018	2.6720002180352215e-06	1
397791820	71	10	0	0	0	1.4620001192992089	1.4619999999999993	1.4619999999999993	1.4620001192992106e-06	1
438698574	14	20	0	0	0	1.7056001391769706	1.7055999999999993	1.7055999999999993	1.70560013917697e-06	1
471165399	70	100	0	0	0	2.5928002115724991	2.5928000000000013	2.5176000000000016	2.5928002115724969e-06	1
501177651	89	20	2	0	0	1.6264001327142501	1.6263999999999994	1.7895999999999994	1.6264001327142506e-06	5.5555555555555559e-13
520901624	22	100	1	0	0	2.3532001920211374	2.3532000000000015	2.5164000000000017	2.3532001920211344e-06	2.7777777777777777e-12
524332139	1	2	0	0	0	0.10120000603152038	0.10120000000000001	0.10120000000000001	1.0120000603152044e-07	1
553871745	47	50	2	0	0	1.992800644072533	1.9928000000000001	2.3976000000000006	1.9928006440725314e-06	1.3888888888888889e-12
583039995	66	1000	0	0	0	2.9888009659791632	2.988800000000003	2.913600000000002	2.9888009659791642e-06	1
603616543	29	20	1	0	1.1102230246251565e-16	0.79040005026944415	0.79039999999999999	0.85399999999999998	7.9040005093557717e-07	5.5555555555555559e-13
606432999	5	1000	0	0	0	2.7908002277293016	2.7908000000000026	2.7156000000000016	2.7908002277293027e-06	1
629961260	51	100	1	0	0	2.4740002018784177	2.4740000000000011	2.6372000000000009	2.4740002018784174e-06	2.7777777777777777e-12
672492310	55	20	0	0	0	1.2876001050681682	1.2875999999999996	1.2875999999999996	1.2876001050681692e-06	1
685108226	35	10	0	0	0	0.38240002355584146	0.38240000000000002	0.38240000000000002	3.8240002355584119e-07	1
726863751	67	20	2	0	0	1.7452001424083312	1.7451999999999994	1.9083999999999994	1.7452001424083295e-06	5.5555555555555559e-13
757667553	57	10	0	0	0	1.3312001086259282	1.3311999999999995	1.3311999999999995	1.3312001086259296e-06	1
766618454	84	20	1	0	0	1.5848001293196901	1.5847999999999993	1.7479999999999993	1.5848001293196908e-06	5.5555555555555559e-13
785462693	49	10	0	0	0	1.0044003246219844	1.0043999999999997	1.0043999999999997	1.0044003246219841e-06	1
792120853	71	20	0	0	0	1.4620001192992089	1.4619999999999993	1.4619999999999993	1.4620001192992106e-06	1
825235765	29	20	0	0	1.1102230246251565e-16	0.79040005026944415	0.79039999999999999	0.79039999999999999	7.9040005093557717e-07	1
848150522	13	20	0	0	0	0.70520004344032261	0.70520000000000005	0.70520000000000005	7.0520004344032265e-07	1
848514887	47	100	2	0	0	1.992800644072533	1.9928000000000001	2.3160000000000007	1.9928006440725314e-06	2.7777777777777777e-12
856604161	89	10	2	0	0	1.6264001327142501	1.6263999999999994	1.7895999999999994	1.6264001327142506e-06	2.7777777777777779e-13
865025206	7	10	3	0	0	0.62400003843840235	0.624	0.74719999999999998	6.2400003843840224e-07	2.7777777777777781e-14
867342933	69	10	0	0	0	1.4164001155782491	1.4163999999999997	1.4163999999999997	1.4164001155782489e-06	1
882950382	29	10	0	0	1.1102230246251565e-16	0.79040005026944415	0.79039999999999999	0.79039999999999999	7.9040005093557717e-07	1
904293257	41	10	0	0	0	0.42200002599520164	0.42200000000000004	0.42200000000000004	4.2200002599520186e-07	1
916803093	71	20	0	0	0	1.4620001192992089	1.4619999999999993	1.4619999999999993	1.4620001192992106e-06	1
920538491	75	100	0	0	0	2.6324002148038592	2.6324000000000014	2.5572000000000017	2.6324002148038602e-06	1
923023303	40	100	0	0	0	1.9492001590552306	1.9492	1.9492	1.9492001590552305e-06	1
949908299	41	5	0	0	0	0.42200002599520164	0.42200000000000004	0.42200000000000004	4.2200002599520186e-07	1
959333867	0	10	2	0	0	0.58240003587584221	0.58240000000000003	0.64400000000000002	5.824000358758426e-07	2.7777777777777779e-13
959967549	41	10	0	0	0	0.42200002599520164	0.42200000000000004	0.42200000000000004	4.2200002599520186e-07	1
967664511	69	10	2	0	0	1.4164001155782491	1.4163999999999997	1.5795999999999997	1.4164001155782489e-06	2.7777777777777779e-13
1002899761	81	20	0	0	1.1102230246251565e-16	1.5432001259251305	1.5431999999999992	1.5431999999999992	1.543200126591263e-06	1
1008434651	60	1	0	0	0	0.22400001379840082	0.22399999999999998	0.22399999999999998	2.2400001379840062e-07	1
1029875181	69	20	0	0	0	1.4164001155782491	1.4163999999999997	1.4163999999999997	1.4164001155782489e-06	1
1057062732	86	100	0	0	0	2.751200224497941	2.7512000000000025	2.6760000000000015	2.7512002244979444e-06	1
1060432520	21	1000	0	0	0	2.8700002341920219	2.8700000000000028	2.7948000000000017	2.8700002341920231e-06	1
1109136687	84	20	0	0	0	1.5848001293196901	1.5847999999999993	1.5847999999999993	1.5848001293196908e-06	1
1123224189	55	20	0	0	0	1.2876001050681682	1.2875999999999996	1.2875999999999996	1.2876001050681692e-06	1
1133280179	86	100	0	0	0	2.751200224497941	2.7512000000000025	2.6760000000000015	2.7512002244979444e-06	1
1135148506	62	20	0	0	0	1.3728001120204887	1.3727999999999996	1.3727999999999996	1.3728001120204899e-06	1
1151439835	33	10	0	0	0	0.83200005291520329	0.83199999999999996	0.83199999999999996	8.3200005291520323e-07	1
1191634138	1	1	0	0	0	0.10120000603152038	0.10120000000000001	0.10120000000000001	1.0120000603152044e-07	1
1192818282	86	100	0	0	0	2.751200224497941	2.7512000000000025	2.6760000000000015	2.7512002244979444e-06	1
1202470009	6	2	0	0	0	0.1408000083916805	0.14080000000000001	0.14080000000000001	1.4080000839168057e-07	1
1206922178	84	10	0	0	0	1.5848001293196901	1.5847999999999993	1.5847999999999993	1.5848001293196908e-06	1
1210814860	39	2	0	0	0	0.18240001123584071	0.18240000000000001	0.18240000000000001	1.8240001123584092e-07	1
1239066947	0	10	1	0	0	0.58240003587584221	0.58240000000000003	0.64400000000000002	5.824000358758426e-07	2.7777777777777779e-13
1245533215	45	10	0	0	0	0.92120007517004654	0.9211999999999998	0.9211999999999998	9.2120007517004718e-07	1
1257890759	13	10	3	0	0	0.70520004344032261	0.70520000000000005	0.82840000000000003	7.0520004344032265e-07	2.7777777777777781e-14
1259226270	72	10	1	0	0	1.5016001225305693	1.5015999999999994	1.6647999999999994	1.50160012253057e-06	2.7777777777777779e-13
1273610165	20	100	0	0	0	1.8700001525920125	1.8699999999999999	1.8699999999999999	1.8700001525920121e-06	1
1302133711	72	10	0	0	0	1.5016001225305693	1.5015999999999994	1.5015999999999994	1.50160012253057e-06	1
1323418986	60	2	0	0	0	0.22400001379840082	0.22399999999999998	0.22399999999999998	2.2400001379840062e-07	1
1323559147	71	10	3	0	0	1.4620001192992089	1.4619999999999993	1.6251999999999993	1.4620001192992106e-06	2.7777777777777781e-14
1325132992	56	100	0	0	0	2.5136002051097779	2.5136000000000012	2.4384000000000015	2.5136002051097799e-06	1
1326382319	17	100	0	0	0	2.3136001887897772	2.3136000000000014	2.2384000000000013	2.3136001887897765e-06	1
1365413411	18	50	2	0	0	1.828400149197452	1.8283999999999998	1.9915999999999998	1.8284001491974531e-06	1.3888888888888889e-12
1429241071	29	10	0	0	1.1102230246251565e-16	0.79040005026944415	0.79039999999999999	0.79039999999999999	7.9040005093557717e-07	1
1435527850	6	1	2	0	0	0.1408000083916805	0.14080000000000001	0.20040000000000002	1.4080000839168057e-07	2.7777777777777774e-14
1449279707	39	1	0	0	0	0.18240001123584071	0.18240000000000001	0.18240000000000001	1.8240001123584092e-07	1
1458457970	13	10	0	0	0	0.70520004344032261	0.70520000000000005	0.70520000000000005	7.0520004344032265e-07	1
1463802737	7	10	0	0	0	0.62400003843840235	0.624	0.624	6.2400003843840224e-07	1
1473917834	18	100	0	0	0	1.828400149197452	1.8283999999999998	1.8283999999999998	1.8284001491974531e-06	1
1475304677	14	20	0	0	0	1.7056001391769706	1.7055999999999993	1.7055999999999993	1.70560013917697e-06	1
1502703147	28	1000	0	0	0	2.949200240655852	2.9492000000000029	2.8740000000000019	2.9492002406558514e-06	1
1537018242	9	20	0	0	0	0.66560004100096248	0.66559999999999997	0.66559999999999997	6.6560004100096251e-07	1
1577713778	33	10	0	0	0	0.83200005291520329	0.83199999999999996	0.83199999999999996	8.3200005291520323e-07	1
1582101354	8	1000	0	0	0	2.8304002309606613	2.8304000000000027	2.7552000000000016	2.8304002309606614e-06	1
1589404047	57	20	2	0	0	1.3312001086259282	1.3311999999999995	1.4943999999999995	1.3312001086259296e-06	5.5555555555555559e-13
1626151719	51	100	3	0	0	2.4740002018784177	2.4740000000000011	2.6372000000000009	2.4740002018784174e-06	2.7777777777777779e-13
1632572872	72	10	0	0	0	1.5016001225305693	1.5015999999999994	1.5015999999999994	1.50160012253057e-06	1
1640333310	12	20	0	0	0	1.6660001359456102	1.6659999999999993	1.6659999999999993	1.6660001359456121e-06	1
1669047609	45	20	2	0	0	0.92120007517004654	0.9211999999999998	1.0027999999999997	9.2120007517004718e-07	5.5555555555555559e-13
1672574598	49	10	1	0	0	1.0044003246219844	1.0043999999999997	1.4091999999999998	1.0044003246219841e-06	2.7777777777777779e-13
1684840692	47	100	0	0	0	1.992800644072533	1.9928000000000001	1.9928000000000001	1.9928006440725314e-06	1
1691532432	57	10	0	0	0	1.3312001086259282	1.3311999999999995	1.3311999999999995	1.3312001086259296e-06	1
1696195357	49	20	1	0	0	1.0044003246219844	1.0043999999999997	1.4091999999999998	1.0044003246219841e-06	5.5555555555555559e-13
1733602985	39	2	1	0	0	0.18240001123584071	0.18240000000000001	0.24399999999999999	1.8240001123584092e-07	5.5555555555555549e-14
1739675096	43	100	0	0	0	2.4344001986470576	2.434400000000001	2.3592000000000013	2.4344001986470565e-06	1
1792216814	25	20	0	0	0	0.74680004600288286	0.74680000000000002	0.74680000000000002	7.4680004600288346e-07	1
1801785106	13	20	0	0	0	0.70520004344032261	0.70520000000000005	0.70520000000000005	7.0520004344032265e-07	1
1828102563	37	20	0	0	1.1102230246251565e-16	0.88160007193856682	0.88159999999999994	0.88159999999999994	8.8160007260469884e-07	1
1840508950	81	10	0	0	1.1102230246251565e-16	1.5432001259251305	1.5431999999999992	1.5431999999999992	1.543200126591263e-06	1
1844959657	55	20	0	0	0	1.2876001050681682	1.2875999999999996	1.2875999999999996	1.2876001050681692e-06	1
1852853376	48	20	0	0	0	0.96280031117687304	0.96279999999999966	0.96279999999999966	9.6280031117687285e-07	1
1893798745	87	1000	0	0	0	3.3096002700633838	3.3096000000000014	2.9928000000000021	3.3096002700633881e-06	1
1902811302	18	100	0	0	0	1.828400149197452	1.8283999999999998	1.8283999999999998	1.8284001491974531e-06	1
1911908243	17	100	0	0	0	2.3136001887897772	2.3136000000000014	2.2384000000000013	2.3136001887897765e-06	1
1941898951	62	20	0	0	0	1.3728001120204887	1.3727999999999996	1.3727999999999996	1.3728001120204899e-06	1
1959849184	75	100	0	0	0	2.6324002148038592	2.6324000000000014	2.5572000000000017	2.6324002148038602e-06	1
1981671931	14	20	0	0	0	1.7056001391769706	1.7055999999999993	1.7055999999999993	1.70560013917697e-06	1
1989403520	7	20	1	0	0	0.62400003843840235	0.624	0.68559999999999999	6.2400003843840224e-07	5.5555555555555559e-13
1990001729	37	20	0	0	1.1102230246251565e-16	0.88160007193856682	0.88159999999999994	0.88159999999999994	8.8160007260469884e-07	1
2006384778	33	20	3	0	0	0.83200005291520329	0.83199999999999996	0.95919999999999994	8.3200005291520323e-07	5.5555555555555561e-14
2007392774	43	100	0	0	0	2.4344001986470576	2.434400000000001	2.3592000000000013	2.4344001986470565e-06	1
2022082446	26	100	2	0	0	2.3948001954156979	2.3948000000000014	2.5580000000000016	2.3948001954156982e-06	2.7777777777777777e-12
2042482195	65	10	0	0	0	0.50120003087392195	0.50120000000000009	0.50120000000000009	5.0120003087392282e-07	1
2055612766	81	20	0	0	1.1102230246251565e-16	1.5432001259251305	1.5431999999999992	1.5431999999999992	1.543200126591263e-06	1
2059566952	11	50	0	0	0	1.7848001456396914	1.7847999999999995	1.7847999999999995	1.7848001456396927e-06	1
2072166427	57	20	0	0	0	1.3312001086259282	1.3311999999999995	1.3311999999999995	1.3312001086259296e-06	1
2118702787	40	100	0	0	0	1.9492001590552306	1.9492	1.9492	1.9492001590552305e-06	1
2125772095	20	100	0	0	0	1.8700001525920125	1.8699999999999999	1.8699999999999999	1.8700001525920121e-06	1
2200331226	56	100	1	0	0	2.5136002051097779	2.5136000000000012	2.676800000000001	2.5136002051097799e-06	2.7777777777777777e-12
2225581631	18	100	0	0	0	1.828400149197452	1.8283999999999998	1.8283999999999998	1.8284001491974531e-06	1
2227733795	55	10	0	0	0	1.2876001050681682	1.2875999999999996	1.2875999999999996	1.2876001050681692e-06	1
2237649930	60	1	0	0	0	0.22400001379840082	0.22399999999999998	0.22399999999999998	2.2400001379840062e-07	1
2239545250	31	100	0	0	0	1.9096001558238511	1.9096	1.9096	1.9096001558238515e-06	1
2243662671	89	10	1	0	0	1.6264001327142501	1.6263999999999994	1.7895999999999994	1.6264001327142506e-06	2.7777777777777779e-13
2256907535	45	20	1	0	0	0.92120007517004654	0.9211999999999998	1.0027999999999997	9.2120007517004718e-07	5.5555555555555559e-13
2257049721	9	10	0	0	0	0.66560004100096248	0.66559999999999997	0.66559999999999997	6.6560004100096251e-07	1
2257601494	71	10	0	0	0	1.4620001192992089	1.4619999999999993	1.4619999999999993	1.4620001192992106e-06	1
2278868427	48	20	0	0	0	0.96280031117687304	0.96279999999999966	0.96279999999999966	9.6280031117687285e-07	1
2279972101	58	5	3	0	0	0.46160002843456188	0.46160000000000007	0.5848000000000001	4.616000284345621e-07	1.388888888888889e-14
2281976573	37	10	0	0	1.1102230246251565e-16	0.88160007193856682	0.88159999999999994	0.88159999999999994	8.8160007260469884e-07	1
2325806705	84	20	0	0	0	1.5848001293196901	1.5847999999999993	1.5847999999999993	1.5848001293196908e-06	1
2345470585	83	100	1	0	0	2.7116002212665804	2.7116000000000025	2.8748000000000022	2.7116002212665802e-06	2.7777777777777777e-12
2346211219	37	20	0	0	1.1102230246251565e-16	0.88160007193856682	0.88159999999999994	0.88159999999999994	8.8160007260469884e-07	1
2383744189	41	10	0	0	0	0.42200002599520164	0.42200000000000004	0.42200000000000004	4.2200002599520186e-07	1
2395849860	57	10	0	0	0	1.3312001086259282	1.3311999999999995	1.3311999999999995	1.3312001086259296e-06	1
2404766063	41	5	1	0	0	0.42200002599520164	0.42200000000000004	0.48360000000000003	4.2200002599520186e-07	1.388888888888889e-13
2416716660	35	10	0	0	0	0.38240002355584146	0.38240000000000002	0.38240000000000002	3.8240002355584119e-07	1
2417651513	64	1	0	0	0	0.26360001623776097	0.2636	0.2636	2.6360001623776078e-07	1
2432431911	29	20	0	0	1.1102230246251565e-16	0.79040005026944415	0.79039999999999999	0.79039999999999999	7.9040005093557717e-07	1
2438034142	84	10	0	0	0	1.5848001293196901	1.5847999999999993	1.5847999999999993	1.5848001293196908e-06	1
2488730270	39	2	3	0	0	0.18240001123584071	0.18240000000000001	0.30559999999999998	1.8240001123584092e-07	5.5555555555555552e-15
2501453103	29	10	0	0	1.1102230246251565e-16	0.79040005026944415	0.79039999999999999	0.79039999999999999	7.9040005093557717e-07	1
2507011294	33	10	0	0	0	0.83200005291520329	0.83199999999999996	0.83199999999999996	8.3200005291520323e-07	1
2509981995	71	20	0	0	0	1.4620001192992089	1.4619999999999993	1.4619999999999993	1.4620001192992106e-06	1
2513955963	21	1000	2	0	0	2.8700002341920219	2.8700000000000028	2.9516000000000027	2.8700002341920231e-06	2.7777777777777777e-11
2558151889	5	1000	0	0	0	2.7908002277293016	2.7908000000000026	2.7156000000000016	2.7908002277293027e-06	1
2598104637	14	20	0	0	0	1.7056001391769706	1.7055999999999993	1.7055999999999993	1.70560013917697e-06	1
2613509147	11	50	0	0	0	1.7848001456396914	1.7847999999999995	1.7847999999999995	1.7848001456396927e-06	1
2698175350	13	20	2	0	0	0.70520004344032261	0.70520000000000005	0.76680000000000004	7.0520004344032265e-07	5.5555555555555559e-13
2730956542	9	10	0	0	0	0.66560004100096248	0.66559999999999997	0.66559999999999997	6.6560004100096251e-07	1
2736562975	45	10	0	0	0	0.92120007517004654	0.9211999999999998	0.9211999999999998	9.2120007517004718e-07	1
2778882134	67	20	0	0	0	1.7452001424083312	1.7451999999999994	1.7451999999999994	1.7452001424083295e-06	1
2781618204	37	10	1	0	1.1102230246251565e-16	0.88160007193856682	0.88159999999999994	1.0448	8.8160007260469884e-07	2.7777777777777779e-13
2796058724	69	10	0	0	0	1.4164001155782491	1.4163999999999997	1.4163999999999997	1.4164001155782489e-06	1
2798032324	57	20	2	0	0	1.3312001086259282	1.3311999999999995	1.4943999999999995	1.3312001086259296e-06	5.5555555555555559e-13
2807642957	62	20	0	0	0	1.3728001120204887	1.3727999999999996	1.3727999999999996	1.3728001120204899e-06	1
2816885359	58	10	1	0	0	0.46160002843456188	0.46160000000000007	0.52320000000000011	4.616000284345621e-07	2.7777777777777779e-13
2849819819	22	100	0	0	0	2.3532001920211374	2.3532000000000015	2.2780000000000014	2.3532001920211344e-06	1
2869879586	11	100	0	0	0	1.7848001456396914	1.7847999999999995	1.7847999999999995	1.7848001456396927e-06	1
2872719428	7	10	0	0	0	0.62400003843840235	0.624	0.624	6.2400003843840224e-07	1
2872831986	66	1000	0	0	0	2.9888009659791632	2.988800000000003	2.913600000000002	2.9888009659791642e-06	1
2878281002	7	20	0	0	0	0.62400003843840235	0.624	0.624	6.2400003843840224e-07	1
2892783808	25	20	0	0	0	0.74680004600288286	0.74680000000000002	0.74680000000000002	7.4680004600288346e-07	1
2915778279	29	10	0	0	1.1102230246251565e-16	0.79040005026944415	0.79039999999999999	0.79039999999999999	7.9040005093557717e-07	1
2924737444	65	5	0	0	0	0.50120003087392195	0.50120000000000009	0.50120000000000009	5.0120003087392282e-07	1
2930930897	20	50	0	0	0	1.8700001525920125	1.8699999999999999	1.8699999999999999	1.8700001525920121e-06	1
2946620295	69	20	0	0	0	1.4164001155782491	1.4163999999999997	1.4163999999999997	1.4164001155782489e-06	1
2949903350	47	100	0	0	0	1.992800644072533	1.9928000000000001	1.9928000000000001	1.9928006440725314e-06	1
2981739838	73	1000	0	0	0	3.0284009787778552	3.0284000000000031	2.953200000000002	3.0284009787778571e-06	1
2982371902	81	10	0	0	1.1102230246251565e-16	1.5432001259251305	1.5431999999999992	1.5431999999999992	1.543200126591263e-06	1
3003961337	75	100	0	0	0	2.6324002148038592	2.6324000000000014	2.5572000000000017	2.6324002148038602e-06	1
3019749577	14	20	3	0	0	1.7056001391769706	1.7055999999999993	1.8687999999999994	1.70560013917697e-06	5.5555555555555561e-14
3026403840	69	10	0	0	0	1.4164001155782491	1.4163999999999997	1.4163999999999997	1.4164001155782489e-06	1
3027189079	29	20	2	0	1.1102230246251565e-16	0.79040005026944415	0.79039999999999999	0.85399999999999998	7.9040005093557717e-07	5.5555555555555559e-13
3071926135	84	20	0	0	0	1.5848001293196901	1.5847999999999993	1.5847999999999993	1.5848001293196908e-06	1
3086421843	71	20	0	0	0	1.4620001192992089	1.4619999999999993	1.4619999999999993	1.4620001192992106e-06	1
3089929363	65	5	0	0	0	0.50120003087392195	0.50120000000000009	0.50120000000000009	5.0120003087392282e-07	1
3100222988	24	10	0	0	0	0.34280002111648133	0.34279999999999999	0.34279999999999999	3.4280002111648148e-07	1
3121488058	31	50	1	0	0	1.9096001558238511	1.9096	2.3144000000000009	1.9096001558238515e-06	1.3888888888888889e-12
3136984113	58	10	0	0	0	0.46160002843456188	0.46160000000000007	0.46160000000000007	4.616000284345621e-07	1
3173553322	0	10	0	0	0	0.58240003587584221	0.58240000000000003	0.58240000000000003	5.824000358758426e-07	1
3181160456	17	100	2	0	0	2.3136001887897772	2.3136000000000014	2.4768000000000017	2.3136001887897765e-06	2.7777777777777777e-12
3207764434	25	10	0	0	0	0.74680004600288286	0.74680000000000002	0.74680000000000002	7.4680004600288346e-07	1
3219746839	49	20	0	0	0	1.0044003246219844	1.0043999999999997	1.0043999999999997	1.0044003246219841e-06	1
3263176217	57	10	1	0	0	1.3312001086259282	1.3311999999999995	1.4943999999999995	1.3312001086259296e-06	2.7777777777777779e-13
3280008710	40	100	0	0	0	1.9492001590552306	1.9492	1.9492	1.9492001590552305e-06	1
3312159331	57	20	0	0	0	1.3312001086259282	1.3311999999999995	1.3311999999999995	1.3312001086259296e-06	1
3360428589	89	10	0	0	0	1.6264001327142501	1.6263999999999994	1.6263999999999994	1.6264001327142506e-06	1
3362657680	24	5	0	0	0	0.34280002111648133	0.34279999999999999	0.34279999999999999	3.4280002111648148e-07	1
3409813734	72	20	0	0	0	1.5016001225305693	1.5015999999999994	1.5015999999999994	1.50160012253057e-06	1
3410711245	49	20	1	0	0	1.0044003246219844	1.0043999999999997	1.4091999999999998	1.0044003246219841e-06	5.5555555555555559e-13
3438380632	76	1000	0	0	0	3.3096002700633838	3.3096000000000014	2.9928000000000021	3.3096002700633881e-06	1
3442195804	22	100	0	0	0	2.3532001920211374	2.3532000000000015	2.2780000000000014	2.3532001920211344e-06	1
3454408583	37	10	2	0	1.1102230246251565e-16	0.88160007193856682	0.88159999999999994	1.0448	8.8160007260469884e-07	2.7777777777777779e-13
3474006289	86	100	2	0	0	2.751200224497941	2.7512000000000025	2.9144000000000023	2.7512002244979444e-06	2.7777777777777777e-12
3474065930	22	100	2	0	0	2.3532001920211374	2.3532000000000015	2.5164000000000017	2.3532001920211344e-06	2.7777777777777777e-12
3485589199	13	10	0	0	0	0.70520004344032261	0.70520000000000005	0.70520000000000005	7.0520004344032265e-07	1
3499494874	89	10	0	0	0	1.6264001327142501	1.6263999999999994	1.6263999999999994	1.6264001327142506e-06	1
3518533151	75	100	0	0	0	2.6324002148038592	2.6324000000000014	2.5572000000000017	2.6324002148038602e-06	1
3581460968	62	10	3	0	0	1.3728001120204887	1.3727999999999996	1.5359999999999996	1.3728001120204899e-06	2.7777777777777781e-14
3585641971	81	10	0	0	1.1102230246251565e-16	1.5432001259251305	1.5431999999999992	1.5431999999999992	1.543200126591263e-06	1
3598126018	6	1	0	0	0	0.1408000083916805	0.14080000000000001	0.14080000000000001	1.4080000839168057e-07	1
3600140293	14	20	0	0	0	1.7056001391769706	1.7055999999999993	1.7055999999999993	1.70560013917697e-06	1
3644269515	61	100	0	0	0	2.553200208341138	2.5532000000000012	2.4780000000000015	2.5532002083411407e-06	1
3671771226	6	2	0	0	0	0.1408000083916805	0.14080000000000001	0.14080000000000001	1.4080000839168057e-07	1
3700402564	55	20	0	0	0	1.2876001050681682	1.2875999999999996	1.2875999999999996	1.2876001050681692e-06	1
3719960404	47	100	0	0	0	1.992800644072533	1.9928000000000001	1.9928000000000001	1.9928006440725314e-06	1
3752898497	71	10	0	0	0	1.4620001192992089	1.4619999999999993	1.4619999999999993	1.4620001192992106e-06	1
3784944346	9	20	0	0	0	0.66560004100096248	0.66559999999999997	0.66559999999999997	6.6560004100096251e-07	1
3809650367	49	10	2	0	0	1.0044003246219844	1.0043999999999997	1.4091999999999998	1.0044003246219841e-06	2.7777777777777779e-13
3815375458	22	100	0	0	0	2.3532001920211374	2.3532000000000015	2.2780000000000014	2.3532001920211344e-06	1
3838504543	29	20	0	0	1.1102230246251565e-16	0.79040005026944415	0.79039999999999999	0.79039999999999999	7.9040005093557717e-07	1
3882349141	62	20	0	0	0	1.3728001120204887	1.3727999999999996	1.3727999999999996	1.3728001120204899e-06	1
3883462374	81	10	0	0	1.1102230246251565e-16	1.5432001259251305	1.5431999999999992	1.5431999999999992	1.543200126591263e-06	1
3888399787	0	20	0	0	0	0.58240003587584221	0.58240000000000003	0.58240000000000003	5.824000358758426e-07	1
3899501800	26	100	3	0	0	2.3948001954156979	2.3948000000000014	2.5580000000000016	2.3948001954156982e-06	2.7777777777777779e-13
3915964684	27	1000	0	0	0	2.9096002374244621	2.9096000000000029	2.8344000000000018	2.9096002374244613e-06	1
3917570072	84	20	1	0	0	1.5848001293196901	1.5847999999999993	1.7479999999999993	1.5848001293196908e-06	5.5555555555555559e-13
3926078437	7	10	2	0	0	0.62400003843840235	0.624	0.68559999999999999	6.2400003843840224e-07	2.7777777777777779e-13
3947830592	49	20	0	0	0	1.0044003246219844	1.0043999999999997	1.0043999999999997	1.0044003246219841e-06	1
3950241151	25	10	3	0	0	0.74680004600288286	0.74680000000000002	0.87	7.4680004600288346e-07	2.7777777777777781e-14
3972780981	48	10	0	0	0	0.96280031117687304	0.96279999999999966	0.96279999999999966	9.6280031117687285e-07	1
3994005809	1	2	0	0	0	0.10120000603152038	0.10120000000000001	0.10120000000000001	1.0120000603152044e-07	1
4012912337	84	10	0	0	0	1.5848001293196901	1.5847999999999993	1.5847999999999993	1.5848001293196908e-06	1
4027803006	77	100	1	0	0	2.6720002180352203	2.6720000000000024	2.8352000000000022	2.6720002180352215e-06	2.7777777777777777e-12
4031997052	51	100	2	0	0	2.4740002018784177	2.4740000000000011	2.6372000000000009	2.4740002018784174e-06	2.7777777777777777e-12
4051326049	48	10	3	0	0	0.96280031117687304	0.96279999999999966	1.3675999999999997	9.6280031117687285e-07	2.7777777777777781e-14
4064810176	62	10	0	1	0	1.3728001120204887	1.3727999999999996	1.3727999999999996	1.3728001120204899e-06	1
4073995038	0	10	0	0	0	0.58240003587584221	0.58240000000000003	0.58240000000000003	5.824000358758426e-07	1
4126395059	31	100	0	0	0	1.9096001558238511	1.9096	1.9096	1.9096001558238515e-06	1
4161545327	68	5	0	0	0	0.54080003331328208	0.54079999999999995	0.54079999999999995	5.4080003331328169e-07	1
4168636285	12	20	0	0	0	1.6660001359456102	1.6659999999999993	1.6659999999999993	1.6660001359456121e-06	1
4232548670	35	5	1	0	0	0.38240002355584146	0.38240000000000002	0.44400000000000001	3.8240002355584119e-07	1.388888888888889e-13
4232807698	12	20	0	0	0	1.6660001359456102	1.6659999999999993	1.6659999999999993	1.6660001359456121e-06	1
4244245552	40	50	0	0	0	1.9492001590552306	1.9492	1.9492	1.9492001590552305e-06	1
4249300285	49	10	0	0	0	1.0044003246219844	1.0043999999999997	1.0043999999999997	1.0044003246219841e-06	1
4279390921	17	100	0	1	0	2.3136001887897772	2.3136000000000014	2.2384000000000013	2.3136001887897765e-06	1
4294723444	69	20	0	0	0	1.4164001155782491	1.4163999999999997	1.4163999999999997	1.4164001155782489e-06	1
