base_bandwidth_utilization	0.37094080000000013
expected_bandwidth_utilization	0.37094097424605915

rounded_expected_bandwidth_utilization	0.74188159999999981

bandwidth_utilization_p99	0.3709407999999999

[frame_summary]
frame_id	priority	period_ms	deadline_ms	trans_time_ms	expected_retry_count	expected_tx_count	rounded_expected_retry_count	rounded_expected_tx_count	retry_p99	tx_count_p99	expected_wcrt_ms	p_timeout	wcrt_p95_ms
0	10	10	10	0.041599999999999998	5.0120003087392155e-07	1.0000005012000308	1	2	0	1	0.50120003087392195	0	0.50120000000000009
1	39	100	100	0.039600000000000003	1.9332001577496132e-06	1.0000019332001577	1	2	0	1	1.9332001577496147	0	1.9332
4	40	100	100	0.039600000000000003	1.9728006297173501e-06	1.0000019728006297	1	2	0	1	1.9728006297173493	0	1.9728000000000001
5	11	10	10	0.039600000000000003	5.4080003331328169e-07	1.0000005408000334	1	2	0	1	0.5408000333132823	0	0.54080000000000017
8	41	100	100	0.039600000000000003	2.0124006423576516e-06	1.0000020124006423	1	2	0	1	2.0124006423576515	0	2.0124000000000004
9	51	1000	1000	0.039600000000000003	2.6480002160768194e-06	1.000002648000216	1	2	0	1	2.6480002160768201	0	2.6480000000000024
10	12	10	10	0.047600000000000003	5.884000397758432e-07	1.0000005884000398	1	2	0	1	0.58840003977584288	0	0.58840000000000015
12	42	100	100	0.047600000000000003	2.2916001877717298e-06	1.0000022916001878	1	2	0	1	2.2916001869945868	1.1102230246251565e-16	2.2916000000000007
13	13	10	10	0.041599999999999998	6.3000004258800259e-07	1.0000006300000426	1	2	0	1	0.63000004258800302	0	0.63000000000000012
14	33	50	50	0.039600000000000003	1.6956001383609699e-06	1.0000016956001383	1	2	0	1	1.6956001383609707	0	1.6955999999999996
16	52	1000	1000	0.039600000000000003	2.6876002193081781e-06	1.0000026876002193	1	2	0	1	2.6876002193081807	0	2.6876000000000024
17	0	1	1	0.039600000000000003	1.0120000603152044e-07	1.0000001012000059	1	2	0	1	0.10120000603152038	0	0.10120000000000001
19	14	10	10	0.0436	6.7360004553536331e-07	1.0000006736000455	1	2	0	1	0.6736000455353629	0	0.67359999999999998
20	34	50	50	0.039600000000000003	1.7352001415923322e-06	1.0000017352001416	1	2	0	1	1.735200141592331	0	1.7351999999999994
21	35	50	50	0.039600000000000003	1.7748001448236926e-06	1.0000017748001448	1	2	0	1	1.7748001448236916	0	1.7747999999999997
22	43	100	100	0.039600000000000003	2.3312001902259366e-06	1.0000023312001902	1	2	0	1	2.3312001902259363	0	2.3312000000000008
24	36	50	50	0.039600000000000003	1.8144001480550521e-06	1.0000018144001481	1	2	0	1	1.814400148055052	0	1.8143999999999998
26	53	1000	1000	0.039600000000000003	2.7272002225395414e-06	1.0000027272002225	1	2	0	1	2.7272002225395409	0	2.7272000000000025
27	15	10	10	0.039600000000000003	7.1320004821232265e-07	1.0000007132000481	1	2	0	1	0.7132000482123233	0	0.71320000000000006
29	44	100	100	0.041599999999999998	2.3708001934572974e-06	1.0000023708001935	1	2	0	1	2.3708001934572969	0	2.3708000000000009
30	1	1	1	0.039600000000000003	1.4080000839168057e-07	1.0000001408000083	1	2	0	1	0.1408000083916805	0	0.14080000000000001
32	6	5	5	0.041599999999999998	3.4080002099328113e-07	1.0000003408000211	1	2	0	1	0.34080002099328133	0	0.34079999999999999
35	45	100	100	0.039600000000000003	2.4104001966886565e-06	1.0000024104001968	1	2	0	1	2.4104001966886579	0	2.4104000000000019
36	30	20	20	0.039600000000000003	1.5768001286668908e-06	1.0000015768001287	1	2	0	1	1.5768001286668898	0	1.5767999999999993
37	2	1	1	0.039600000000000003	1.804000107518408e-07	1.0000001804000107	1	2	0	1	0.18040001075184064	0	0.1804
38	7	5	5	0.039600000000000003	3.8040002343264169e-07	1.0000003804000235	1	2	0	1	0.38040002343264151	0	0.38040000000000002
39	16	10	10	0.039600000000000003	7.5280005088928347e-07	1.000000752800051	1	2	0	1	0.75280005088928326	0	0.75279999999999991
41	46	100	100	0.039600000000000003	2.4500001999200169e-06	1.0000024500001998	1	2	0	1	2.4500001999200185	0	2.450000000000002
42	54	1000	1000	0.039600000000000003	2.7668002257709018e-06	1.0000027668002258	1	2	0	1	2.766800225770901	0	2.7668000000000026
43	17	10	10	0.0436	7.9640005383664334e-07	1.0000007964000539	1	2	0	1	0.79640005383664358	0	0.7964
45	47	100	100	0.039600000000000003	2.4896002031513778e-06	1.0000024896002031	1	2	0	1	2.4896002031513786	0	2.489600000000002
46	3	1	1	0.039600000000000003	2.2000001311200084e-07	1.0000002200000131	1	2	0	1	0.22000001311200082	0	0.22000000000000003
47	48	100	100	0.039600000000000003	2.5292002063827403e-06	1.0000025292002064	1	2	0	1	2.5292002063827392	0	2.5292000000000021
48	8	5	5	0.039600000000000003	4.2000002587200214e-07	1.0000004200000259	1	2	0	1	0.42000002587200164	0	0.42000000000000004
49	18	10	10	0.041599999999999998	8.3800005664880326e-07	1.0000008380000567	1	2	0	1	0.83800005664880362	0	0.83799999999999986
50	37	50	50	0.039600000000000003	1.8540001520635661e-06	1.0000018540001521	1	2	0	1	1.8540001512864177	1.1102230246251565e-16	1.8539999999999999
51	19	10	10	0.041599999999999998	8.7960005946096382e-07	1.0000008796000595	1	2	0	1	0.87960005946096387	0	0.87959999999999994
53	55	1000	1000	0.039600000000000003	2.8064002297794184e-06	1.0000028064002298	1	2	0	1	2.8064002290023722	1.1102230246251565e-16	2.8064000000000027
54	20	10	10	0.039600000000000003	9.1920006213803856e-07	1.0000009192000621	1	2	0	1	0.91920006213803918	0	0.9191999999999998
55	21	10	10	0.039600000000000003	9.5880006481500923e-07	1.0000009588000649	1	2	0	1	0.95880006481500879	0	0.95879999999999987
56	49	100	100	0.039600000000000003	2.5688002096141024e-06	1.0000025688002097	1	2	0	1	2.5688002096140998	0	2.5688000000000022
57	4	1	1	0.039600000000000003	2.5960001547216091e-07	1.0000002596000155	1	2	0	1	0.25960001547216099	0	0.25960000000000005
58	9	5	5	0.039600000000000003	4.5960002831136201e-07	1.0000004596000283	1	2	0	1	0.45960002831136182	0	0.45960000000000006
60	22	10	10	0.039600000000000003	9.9840030471158188e-07	1.0000009984003047	1	2	0	1	0.99840030471158192	0	0.99839999999999973
61	50	100	100	0.039600000000000003	2.6084002128454615e-06	1.0000026084002129	1	2	0	1	2.60840021284546	0	2.6084000000000023
62	23	10	10	0.047600000000000003	1.0460003192390916e-06	1.0000010460003192	1	2	0	1	1.0460003192390912	0	1.0459999999999998
65	24	10	10	0.061600000000000002	1.3312001086259288e-06	1.0000013312001086	1	2	0	1	1.3312001086259284	0	1.3311999999999997
66	56	1000	1000	0.039600000000000003	2.8460002322336214e-06	1.0000028460002321	1	2	0	1	2.8460002322336222	0	2.8460000000000027
68	31	20	20	0.039600000000000003	1.6164001318982501e-06	1.000001616400132	1	2	0	1	1.6164001318982504	0	1.6163999999999994
69	25	10	10	0.0436	1.3748001121836888e-06	1.0000013748001122	1	2	0	1	1.3748001121836886	0	1.3747999999999996
71	57	1000	1000	0.039600000000000003	2.8856002354660257e-06	1.0000028856002354	1	2	0	1	2.8856002354660273	0	2.8856000000000028
72	26	10	10	0.041599999999999998	1.4164001155782484e-06	1.0000014164001156	1	2	0	1	1.4164001155782489	0	1.4163999999999994
75	27	10	10	0.039600000000000003	1.456000118809609e-06	1.0000014560001189	1	2	0	1	1.4560001188096092	0	1.4559999999999995
76	32	20	20	0.039600000000000003	1.6560001351296109e-06	1.000001656000135	1	2	0	1	1.6560001351296105	0	1.6559999999999995
78	28	10	10	0.039600000000000003	1.495600122040969e-06	1.000001495600122	1	2	0	1	1.4956001220409694	0	1.4955999999999994
79	29	10	10	0.041599999999999998	1.5372001254355295e-06	1.0000015372001254	1	2	0	1	1.5372001254355294	0	1.5371999999999992
80	38	50	50	0.039600000000000003	1.8936001545182333e-06	1.0000018936001545	1	2	0	1	1.893600154518235	0	1.8935999999999999
81	5	1	1	0.039600000000000003	2.9920001783232087e-07	1.0000002992000179	1	2	0	1	0.29920001783232114	0	0.29920000000000002
82	58	1000	1000	0.039600000000000003	2.8856002354660257e-06	1.0000028856002354	1	2	0	1	2.8856002354660273	0	2.8856000000000028

[frame_retry_distribution]
frame_id	retry_count	probability
0	0	0.99999949880012562
0	1	5.0119971792471899e-07
0	2	1.5647454229726542e-13
0	3	3.9310425566372125e-20
0	4	8.7258425858664324e-27
0	5	1.7908244338049985e-33
1	0	0.99999806680186876
1	1	1.9331961049925628e-06
1	2	2.0263755104340416e-12
1	3	2.0098780747566586e-18
1	4	1.3889433216571779e-24
1	5	7.9625588785877997e-31
1	6	2.5466391878548227e-37
4	0	0.99999802720194608
4	1	1.9727954783475832e-06
4	2	2.5756815663549826e-12
4	3	2.2114970573657659e-18
4	4	1.5017716006539243e-24
4	5	8.6548578656381005e-31
4	6	2.831221127391856e-37
5	0	0.99999945920014632
5	1	5.4079967422217776e-07
5	2	1.7954548078176142e-13
5	3	4.7454747348156205e-20
5	4	1.0992092025063356e-26
5	5	2.3392498115881015e-33
8	0	0.99999798760202485
8	1	2.0123953078936304e-06
8	2	2.6672285234363618e-12
8	3	2.3247890336130867e-18
8	4	1.6015062977742601e-24
8	5	9.3553578815730239e-31
8	6	3.7100893261320808e-37
9	0	0.99999735200350603
9	1	2.6479927720290663e-06
9	2	3.7220183366473571e-12
9	3	3.6931954483621085e-18
9	4	2.9033778855738259e-24
9	5	1.9246366317853147e-30
9	6	1.3101408941944052e-36
10	0	0.99999941160017314
10	1	5.8839961400972715e-07
10	2	2.1288296595783089e-13
10	3	6.1389433711327558e-20
10	4	1.5528773543172081e-26
10	5	3.6114803597104432e-33
12	0	0.99999770840262558
12	1	2.2915945615813317e-06
12	2	2.81270293536836e-12
12	3	2.4570950142056419e-18
12	4	1.7133076795600949e-24
12	5	1.0142712230579389e-30
12	6	4.0278182492371224e-37
12	7	1.1102230246251565e-16
13	0	0.99999937000019845
13	1	6.2999956051215307e-07
13	2	2.410378155577936e-13
13	3	7.2823302552728611e-20
13	4	1.9161759088424398e-26
13	5	4.6095695264099003e-33
14	0	0.99999830440143755
14	1	1.6955969865823563e-06
14	2	1.5758877107372001e-12
14	3	1.0640299357703123e-18
14	4	5.8405633891808919e-25
14	5	2.7669033697442693e-31
16	0	0.99999731240361167
16	1	2.6875925575083853e-06
16	2	3.8308941188714879e-12
16	3	3.8517538929296649e-18
16	4	3.0660683047384716e-24
16	5	2.0566543868730187e-30
16	6	1.520294458845049e-36
17	0	0.99999989880000517
17	1	1.0119998372704138e-07
17	2	1.1152237542046581e-14
17	3	1.3223462964096524e-21
17	4	1.651475624726784e-28
17	5	2.1417129426682251e-35
19	0	0.99999932640022682
19	1	6.7359950072786524e-07
19	2	2.724036196798642e-13
19	3	8.6229364471218597e-20
19	4	2.3610566622547915e-26
19	5	5.8783539834531917e-33
20	0	0.99999826480150544
20	1	1.7351968474915044e-06
20	2	1.6470487132397582e-12
20	3	1.1337774351184582e-18
20	4	6.3350568332603977e-25
20	5	4.5560409431111926e-31
20	6	6.3843393197388629e-38
21	0	0.999998225201575
21	1	1.7747967052643388e-06
21	2	1.7197778670672664e-12
21	3	1.2065019178742681e-18
21	4	6.8602404672726774e-25
21	5	4.9875475202849997e-31
21	6	7.106719488673389e-38
22	0	0.99999766880271723
22	1	2.3311943752874265e-06
22	2	2.9074653876092938e-12
22	3	2.5782135270467323e-18
22	4	1.823207017860724e-24
22	5	1.0936845965734181e-30
22	6	4.7315562488246047e-37
24	0	0.99999818560164611
24	1	1.8143965599008613e-06
24	2	1.7940751720334329e-12
24	3	1.2822651780259576e-18
24	4	1.0464016569804392e-24
24	5	6.0613295647842512e-31
24	6	7.8887343936634726e-38
26	0	0.99999727280371886
26	1	2.7271923398514013e-06
26	2	3.9413380479400593e-12
26	3	4.0147828221810786e-18
26	4	3.2354951859842854e-24
26	5	2.9645663614045747e-30
26	6	1.7733202654485198e-36
27	0	0.99999928680025429
27	1	7.1319944313365682e-07
27	2	3.0253918332564857e-13
27	3	9.9735698508725215e-20
27	4	2.8278425557441114e-26
27	5	7.2572335777197492e-33
29	0	0.99999762920281032
29	1	2.3707941858572107e-06
29	2	3.0037959883713292e-12
29	3	2.7032436383680381e-18
29	4	1.9383042967669195e-24
29	5	1.1779901292811978e-30
29	6	5.1684786219528915e-37
30	0	0.99999985920001
30	1	1.4079997178368289e-07
30	2	1.8303995240960604e-14
30	3	2.3969821885910364e-21
30	4	3.1988673734852619e-28
30	5	4.3499847285639739e-35
32	0	0.99999965920005807
32	1	3.4079986286210744e-07
32	2	7.9065563313570072e-14
32	3	1.5691296200652509e-20
32	4	2.8750554826085171e-27
32	5	5.0322414173376541e-34
35	0	0.99999758960290497
35	1	2.4103939932906851e-06
35	2	3.1016947374681578e-12
35	3	2.8322474466759369e-18
35	4	2.0587607121571915e-24
35	5	1.2674101861267184e-30
35	6	5.6896064705285299e-37
36	0	0.99999842320124321
36	1	1.5767973850370486e-06
36	2	1.3718136130422365e-12
36	3	8.7202835147970851e-19
36	4	4.5291617413957384e-25
36	5	2.0392083429231135e-31
37	0	0.99999981960001627
37	1	1.8039995670400535e-07
37	2	2.7023911903634785e-14
37	3	3.8793394492076876e-21
37	4	5.5213481001709298e-28
37	5	7.8744422567693165e-35
38	0	0.99999961960007244
38	1	3.8039983186323739e-07
38	2	9.5784671762827279e-14
38	3	2.025318448889693e-20
38	4	3.9031564346879863e-27
38	5	7.1190567641082692e-34
39	0	0.99999924720028333
39	1	7.5279938240313337e-07
39	2	3.3424290319217122e-13
39	3	1.1457245714917464e-19
39	4	3.3600792351154638e-26
39	5	8.8813394545449263e-33
41	0	0.99999755000300117
41	1	2.4499937975878516e-06
41	2	3.20116163471349e-12
41	3	2.9652870504670299e-18
41	4	2.1847399190035412e-24
41	5	1.3621737792148824e-30
41	6	6.2247134367987673e-37
42	0	0.99999723320382761
42	1	2.7667921190581075e-06
42	2	4.0533501236667464e-12
42	3	4.182344334534186e-18
42	4	3.4118433526202133e-24
42	5	3.1530511767903874e-30
42	6	1.9085754714979273e-36
43	0	0.99999920360031713
43	1	7.9639931191069695e-07
43	2	3.7096277441091907e-13
43	3	1.3252091253437151e-19
43	4	4.0287327983930307e-26
43	5	2.0562693126782922e-32
45	0	0.99999751040309903
45	1	2.4895935987487108e-06
45	2	3.3021966799210339e-12
45	3	3.1024245482280535e-18
45	4	2.3164080313708671e-24
45	5	1.4625166656555969e-30
45	6	6.8001864221827726e-37
46	0	0.99999978000002421
46	1	2.1999993848800866e-07
46	2	3.7311987343771771e-14
46	3	5.8315171410571755e-21
46	4	8.8296820836728169e-28
46	5	1.3199585365825641e-34
47	0	0.99999747080319856
47	1	2.5291933967732632e-06
47	2	3.4047998729044915e-12
47	3	3.2437220384359249e-18
47	4	2.4539336224165467e-24
47	5	1.5686814115104369e-30
47	6	7.445954268797407e-37
48	0	0.99999958000008826
48	1	4.1999979772804923e-07
48	2	1.1407193803610666e-13
48	3	2.5604797314213928e-20
48	4	5.1789620002585732e-27
48	5	9.830900321115695e-34
49	0	0.99999916200035111
49	1	8.3799924110754307e-07
49	2	4.0777040315765119e-13
49	3	1.5129576797003309e-19
49	4	8.3494721346082609e-26
49	5	3.135428222191905e-32
50	0	0.99999814600171855
50	1	1.8539964114010707e-06
50	2	1.8699406279519616e-12
50	3	1.361129904812372e-18
50	4	1.1241710530569426e-24
50	5	6.5955322529671142e-31
50	6	1.1160328937526022e-37
50	7	1.1102230246251565e-16
51	0	0.99999912040038685
51	1	8.795991668432743e-07
51	2	4.4630858708581701e-13
51	3	1.7175483209947224e-19
51	4	9.6548936753284165e-26
51	5	3.6961593400619446e-32
53	0	0.99999719360393791
53	1	2.806391895128507e-06
53	2	4.1669303458652792e-12
53	3	4.3544994937678722e-18
53	4	4.6299268581888094e-24
53	5	3.5582833271592081e-30
53	6	2.0521834945791941e-36
53	7	1.1102230246251565e-16
54	0	0.99999908080042255
54	1	9.1919909293388677e-07
54	2	4.8460161389430955e-13
54	3	3.0800210226405654e-19
54	4	1.3176249416037628e-25
54	5	4.6718889273981314e-32
55	0	0.99999904120045968
55	1	9.5879901588818536e-07
55	2	5.2446290162473542e-13
55	3	3.4023254199429457e-19
55	4	1.4865565853375873e-25
55	5	5.3803116702027111e-32
56	0	0.99999743120329943
56	1	2.5687931916615076e-06
56	2	3.5089712134775635e-12
56	3	3.3892416195577179e-18
56	4	2.5974877243899068e-24
56	5	1.6809175133158353e-30
56	6	8.1109826767196542e-37
57	0	0.9999997404000337
57	1	2.5959991713569323e-07
57	2	4.9168221375074222e-14
57	3	8.3156143171005576e-21
57	4	1.3359224815104389e-27
57	5	2.0912901964138001e-34
58	0	0.99999954040010564
58	1	4.5959976045654265e-07
58	2	1.339273619471109e-13
58	3	3.1808233678767649e-20
58	4	6.738800118805441e-27
58	5	1.3296531091001702e-33
60	0	0.99999900160049848
60	1	9.9839869848660792e-07
60	2	8.0311185877226439e-13
60	3	4.1876885257894154e-19
60	4	1.7474868726999511e-25
60	5	6.3002808681138999e-32
61	0	0.99999739160340195
61	1	2.6083929834134414e-06
61	2	3.6147107014539473e-12
61	3	3.5390453900506304e-18
61	4	2.7472438286317189e-24
61	5	1.7994814908709499e-30
61	6	8.8238108553837131e-37
62	0	0.99999895400054706
62	1	1.045998586645755e-06
62	2	8.6629597089840469e-13
62	3	4.6497989242670751e-19
62	4	1.9941298964277316e-25
62	5	7.3747064756443875e-32
65	0	0.99999866880088606
65	1	1.3311981192819685e-06
65	2	9.9467115356231864e-13
65	3	5.5106623338559999e-19
65	4	2.5262164658814729e-25
65	5	1.0149847020347255e-31
66	0	0.99999715400404998
66	1	2.8459916680625985e-06
66	2	4.2820787143493508e-12
66	3	4.5313124255279691e-18
66	4	4.8626867070958432e-24
66	5	3.774347881509775e-30
66	6	2.2045472663057624e-36
68	0	0.99999838360130644
68	1	1.6163972553551296e-06
68	2	1.4382701604521466e-12
68	3	9.3321749262998986e-19
68	4	4.9387954653203387e-25
68	5	2.2623100434921214e-31
69	0	0.99999862520094496
69	1	1.3747979977427376e-06
69	2	1.0572195739950442e-12
69	3	6.0103962641676504e-19
69	4	2.8202893346642182e-25
69	5	1.1573589868156611e-31
71	0	0.99999711440416339
71	1	2.885591437860384e-06
71	2	4.398794183779048e-12
71	3	5.7579976472446198e-18
71	4	5.3135017823546727e-24
71	5	4.0412801459203364e-30
71	6	2.4035434650684398e-36
72	0	0.99999858360100313
72	1	1.4163978782343882e-06
72	2	1.118670952945965e-12
72	3	6.5144505402124231e-19
72	4	3.1240399090666269e-25
72	5	1.3076280225395649e-31
75	0	0.99999854400106003
75	1	1.4559977612561205e-06
75	2	1.1787756913248542e-12
75	3	7.0196568140241913e-19
75	4	3.4353016632620769e-25
75	5	1.4647484189948517e-31
76	0	0.99999834400137122
76	1	1.6559971225368999e-06
76	2	1.5062948597459006e-12
76	3	9.9719732116553116e-19
76	4	5.3755399881935175e-25
76	5	2.5044770468274247e-31
78	0	0.99999850440111848
78	1	1.4955976411415391e-06
78	2	1.240448582342183e-12
78	3	7.5502546503520245e-19
78	4	3.7691944364001342e-25
78	5	1.6365762942465609e-31
79	0	0.99999846280118143
79	1	1.5371975115826535e-06
79	2	1.3069252177024693e-12
79	3	8.1356779902089016e-19
79	4	4.1454953282812665e-25
79	5	1.8340257039990872e-31
80	0	0.99999810640179287
80	1	1.893596259764972e-06
80	2	1.9473737719404933e-12
80	3	1.905853880645802e-18
80	4	1.2988651220765972e-24
80	5	7.3458721132980839e-31
80	6	1.2258749393410599e-37
81	0	0.99999970080004486
81	1	2.9919989264705907e-07
81	2	6.2592613811244857e-14
81	3	1.1393730020462394e-20
81	4	1.9369922992934541e-27
81	5	3.1714606144780772e-34
82	0	0.99999711440416339
82	1	2.885591437860384e-06
82	2	4.398794183779048e-12
82	3	5.7579976472446198e-18
82	4	5.3135017823546727e-24
82	5	4.0412801459203364e-30
82	6	2.4035434650684398e-36

[frame_retry_cdf]
frame_id	retry_count	cumulative_probability
0	0	0.99999949880012562
0	1	0.99999999999984357
0	2	1
0	3	1
0	4	1
0	5	1
1	0	0.99999806680186876
1	1	0.99999999999797373
1	2	1
1	3	1
1	4	1
1	5	1
1	6	1
4	0	0.99999802720194608
4	1	0.99999999999742439
4	2	1
4	3	1
4	4	1
4	5	1
4	6	1
5	0	0.99999945920014632
5	1	0.99999999999982059
5	2	1
5	3	1
5	4	1
5	5	1
8	0	0.99999798760202485
8	1	0.9999999999973328
8	2	1
8	3	1
8	4	1
8	5	1
8	6	1
9	0	0.99999735200350603
9	1	0.99999999999627809
9	2	1
9	3	1
9	4	1
9	5	1
9	6	1
10	0	0.99999941160017314
10	1	0.99999999999978717
10	2	1
10	3	1
10	4	1
10	5	1
12	0	0.99999770840262558
12	1	0.99999999999718714
12	2	0.99999999999999989
12	3	0.99999999999999989
12	4	0.99999999999999989
12	5	0.99999999999999989
12	6	0.99999999999999989
12	7	1
13	0	0.99999937000019845
13	1	0.99999999999975897
13	2	1
13	3	1
13	4	1
13	5	1
14	0	0.99999830440143755
14	1	0.99999999999842415
14	2	1
14	3	1
14	4	1
14	5	1
16	0	0.99999731240361167
16	1	0.99999999999616918
16	2	1
16	3	1
16	4	1
16	5	1
16	6	1
17	0	0.99999989880000517
17	1	0.9999999999999889
17	2	1
17	3	1
17	4	1
17	5	1
19	0	0.99999932640022682
19	1	0.99999999999972755
19	2	1
19	3	1
19	4	1
19	5	1
20	0	0.99999826480150544
20	1	0.99999999999835298
20	2	1
20	3	1
20	4	1
20	5	1
20	6	1
21	0	0.999998225201575
21	1	0.99999999999828026
21	2	1
21	3	1
21	4	1
21	5	1
21	6	1
22	0	0.99999766880271723
22	1	0.99999999999709255
22	2	1
22	3	1
22	4	1
22	5	1
22	6	1
24	0	0.99999818560164611
24	1	0.99999999999820599
24	2	1
24	3	1
24	4	1
24	5	1
24	6	1
26	0	0.99999727280371886
26	1	0.99999999999605871
26	2	1
26	3	1
26	4	1
26	5	1
26	6	1
27	0	0.99999928680025429
27	1	0.99999999999969746
27	2	1
27	3	1
27	4	1
27	5	1
29	0	0.99999762920281032
29	1	0.99999999999699618
29	2	1
29	3	1
29	4	1
29	5	1
29	6	1
30	0	0.99999985920001
30	1	0.99999999999998179
30	2	1
30	3	1
30	4	1
30	5	1
32	0	0.99999965920005807
32	1	0.99999999999992095
32	2	1
32	3	1
32	4	1
32	5	1
35	0	0.99999758960290497
35	1	0.99999999999689826
35	2	1
35	3	1
35	4	1
35	5	1
35	6	1
36	0	0.99999842320124321
36	1	0.99999999999862821
36	2	1
36	3	1
36	4	1
36	5	1
37	0	0.99999981960001627
37	1	0.99999999999997302
37	2	1
37	3	1
37	4	1
37	5	1
38	0	0.99999961960007244
38	1	0.9999999999999043
38	2	1
38	3	1
38	4	1
38	5	1
39	0	0.99999924720028333
39	1	0.99999999999966571
39	2	1
39	3	1
39	4	1
39	5	1
41	0	0.99999755000300117
41	1	0.99999999999679878
41	2	1
41	3	1
41	4	1
41	5	1
41	6	1
42	0	0.99999723320382761
42	1	0.99999999999594669
42	2	1
42	3	1
42	4	1
42	5	1
42	6	1
43	0	0.99999920360031713
43	1	0.99999999999962907
43	2	1
43	3	1
43	4	1
43	5	1
45	0	0.99999751040309903
45	1	0.99999999999669775
45	2	1
45	3	1
45	4	1
45	5	1
45	6	1
46	0	0.99999978000002421
46	1	0.9999999999999627
46	2	1
46	3	1
46	4	1
46	5	1
47	0	0.99999747080319856
47	1	0.99999999999659539
47	2	1
47	3	1
47	4	1
47	5	1
47	6	1
48	0	0.99999958000008826
48	1	0.99999999999988598
48	2	1
48	3	1
48	4	1
48	5	1
49	0	0.99999916200035111
49	1	0.99999999999959222
49	2	1
49	3	1
49	4	1
49	5	1
50	0	0.99999814600171855
50	1	0.99999999999812994
50	2	0.99999999999999989
50	3	0.99999999999999989
50	4	0.99999999999999989
50	5	0.99999999999999989
50	6	0.99999999999999989
50	7	1
51	0	0.99999912040038685
51	1	0.99999999999955369
51	2	1
51	3	1
51	4	1
51	5	1
53	0	0.99999719360393791
53	1	0.999999999995833
53	2	0.99999999999999989
53	3	0.99999999999999989
53	4	0.99999999999999989
53	5	0.99999999999999989
53	6	0.99999999999999989
53	7	1
54	0	0.99999908080042255
54	1	0.9999999999995155
54	2	1
54	3	1
54	4	1
54	5	1
55	0	0.99999904120045968
55	1	0.99999999999947553
55	2	1
55	3	1
55	4	1
55	5	1
56	0	0.99999743120329943
56	1	0.99999999999649114
56	2	1
56	3	1
56	4	1
56	5	1
56	6	1
57	0	0.9999997404000337
57	1	0.99999999999995082
57	2	1
57	3	1
57	4	1
57	5	1
58	0	0.99999954040010564
58	1	0.99999999999986611
58	2	1
58	3	1
58	4	1
58	5	1
60	0	0.99999900160049848
60	1	0.99999999999919698
60	2	1
60	3	1
60	4	1
60	5	1
61	0	0.99999739160340195
61	1	0.99999999999638534
61	2	1
61	3	1
61	4	1
61	5	1
61	6	1
62	0	0.99999895400054706
62	1	0.99999999999913369
62	2	1
62	3	1
62	4	1
62	5	1
65	0	0.99999866880088606
65	1	0.99999999999900535
65	2	1
65	3	1
65	4	1
65	5	1
66	0	0.99999715400404998
66	1	0.99999999999571809
66	2	1
66	3	1
66	4	1
66	5	1
66	6	1
68	0	0.99999838360130644
68	1	0.99999999999856182
68	2	1
68	3	1
68	4	1
68	5	1
69	0	0.99999862520094496
69	1	0.99999999999894273
69	2	1
69	3	1
69	4	1
69	5	1
71	0	0.99999711440416339
71	1	0.9999999999956013
71	2	1
71	3	1
71	4	1
71	5	1
71	6	1
72	0	0.99999858360100313
72	1	0.99999999999888134
72	2	1
72	3	1
72	4	1
72	5	1
75	0	0.99999854400106003
75	1	0.99999999999882128
75	2	1
75	3	1
75	4	1
75	5	1
76	0	0.99999834400137122
76	1	0.99999999999849376
76	2	1
76	3	1
76	4	1
76	5	1
78	0	0.99999850440111848
78	1	0.99999999999875966
78	2	1
78	3	1
78	4	1
78	5	1
79	0	0.99999846280118143
79	1	0.99999999999869305
79	2	1
79	3	1
79	4	1
79	5	1
80	0	0.99999810640179287
80	1	0.99999999999805267
80	2	1
80	3	1
80	4	1
80	5	1
80	6	1
81	0	0.99999970080004486
81	1	0.99999999999993749
81	2	1
81	3	1
81	4	1
81	5	1
82	0	0.99999711440416339
82	1	0.9999999999956013
82	2	1
82	3	1
82	4	1
82	5	1
82	6	1

[frame_wcrt_distribution]
frame_id	response_time_ms	probability
0	0.50120000000000009	0.99999949880012562
0	0.56280000000000008	5.0119971792471899e-07
0	0.62440000000000007	1.5647454229726542e-13
0	0.68600000000000017	3.9310425566372125e-20
0	0.74760000000000004	8.7258425858664324e-27
0	0.80920000000000014	1.7908244338049985e-33
1	1.9332	0.99999806680186876
1	2.0148000000000001	1.9331961049925628e-06
1	2.103600000000001	8.1151147711214807e-40
1	2.3340000000000005	2.0263755104340416e-12
1	2.3412000000000002	1.6575186581825691e-32
1	2.4156000000000009	2.0098780747566586e-18
1	2.4228000000000001	2.8643676611230098e-38
1	2.4972000000000008	1.3889433216571779e-24
1	2.5788000000000006	7.7968070046544299e-31
1	2.660400000000001	2.2602024217425221e-37
4	1.9728000000000001	0.99999802720194608
4	2.1432000000000011	8.1151147711214807e-40
4	2.2920000000000007	1.9727954783475832e-06
4	2.3736000000000006	2.5756815663549826e-12
4	2.3808000000000002	1.7325018293838707e-32
4	2.4552000000000009	2.2114970573657659e-18
4	2.4624000000000001	3.3007086959235211e-38
4	2.5368000000000008	1.5017716006539243e-24
4	2.6184000000000007	8.4816076745845985e-31
4	2.7000000000000011	2.5011502577995035e-37
5	0.54080000000000017	0.99999945920014632
5	0.60240000000000016	5.4079967422217776e-07
5	0.66400000000000015	1.7954548078176142e-13
5	0.72560000000000024	4.7454747348156205e-20
5	0.78720000000000012	1.0992092025063356e-26
5	0.84880000000000022	2.3392498115881015e-33
8	2.0124000000000004	0.99999798760202485
8	2.1828000000000012	8.1151147711214807e-40
8	2.3316000000000008	2.0123953078936304e-06
8	2.4132000000000007	2.6672285234363618e-12
8	2.4204000000000003	1.889743629831568e-32
8	2.494800000000001	2.3247890336130867e-18
8	2.5020000000000007	3.7910888841719691e-38
8	2.5764000000000009	1.6015062977742601e-24
8	2.6580000000000008	9.1663835104747526e-31
8	2.7396000000000011	3.3309804377148842e-37
9	2.5808000000000018	8.1151147711214807e-40
9	2.6480000000000024	0.99999735200350603
9	2.7296000000000022	2.6479927720290663e-06
9	2.8112000000000021	3.7220183366473571e-12
9	2.8928000000000025	3.6931954483621085e-18
9	2.9744000000000024	2.9033778855738259e-24
9	3.0560000000000023	4.4555225873999222e-31
9	3.1376000000000026	5.0872273077345095e-37
9	3.293600000000001	1.4790843722338111e-30
9	3.3752000000000013	8.0141816342095438e-37
10	0.58840000000000015	0.99999941160017314
10	0.65600000000000014	5.8839961400972715e-07
10	0.72360000000000013	2.1288296595783089e-13
10	0.79120000000000013	6.1389433711327558e-20
10	0.85880000000000023	1.5528773543172081e-26
10	0.92640000000000011	3.6114803597104432e-33
12	2.224400000000001	2.0363550261841613e-39
12	2.2916000000000007	0.99999770840262558
12	2.3732000000000006	2.2915945615813317e-06
12	2.4548000000000005	2.81270293536836e-12
12	2.4620000000000002	2.4613453497225222e-32
12	2.5364000000000009	2.4570950142056419e-18
12	2.5436000000000005	4.253428063335429e-38
12	2.6180000000000008	1.7133076795600949e-24
12	2.6996000000000007	9.8965776752435857e-31
12	2.781200000000001	3.6024754429035786e-37
12	100.08159999999999	1.1102230246251565e-16
13	0.63000000000000012	0.99999937000019845
13	0.69760000000000011	6.2999956051215307e-07
13	0.7652000000000001	2.410378155577936e-13
13	0.83280000000000021	7.2823302552728611e-20
13	0.90040000000000009	1.9161759088424398e-26
13	0.96800000000000019	4.6095695264099003e-33
14	1.6955999999999996	0.99999830440143755
14	1.7771999999999997	1.6955969865823563e-06
14	1.8587999999999996	1.5758877107372001e-12
14	1.8660000000000005	8.1151147711214807e-40
14	1.9403999999999995	1.0640299357703123e-18
14	2.0219999999999994	5.8405633891808919e-25
14	2.1035999999999997	2.7669033616291546e-31
16	2.6204000000000018	8.1151147711214807e-40
16	2.6876000000000024	0.99999731240361167
16	2.7692000000000023	2.6875925575083853e-06
16	2.8508000000000022	3.8308941188714879e-12
16	2.9324000000000026	3.8517538929296649e-18
16	3.0140000000000025	3.0660683047384716e-24
16	3.0956000000000023	2.62709672902262e-31
16	3.1772000000000027	5.7130193483981314e-37
16	3.3332000000000011	1.7939447131592457e-30
16	3.4148000000000014	9.4899252400523558e-37
17	0.10120000000000001	0.99999989880000517
17	0.1608	1.0119998372704138e-07
17	0.22040000000000001	1.1152237542046581e-14
17	0.28000000000000003	1.3223462964096524e-21
17	0.33960000000000001	1.651475624726784e-28
17	0.3992	2.1417129426682251e-35
19	0.67359999999999998	0.99999932640022682
19	0.74119999999999997	6.7359950072786524e-07
19	0.80879999999999996	2.724036196798642e-13
19	0.87640000000000007	8.6229364471218597e-20
19	0.94399999999999995	2.3610566622547915e-26
19	1.0116000000000001	5.8783539834531917e-33
20	1.7351999999999994	0.99999826480150544
20	1.8167999999999993	1.7351968474915044e-06
20	1.8983999999999994	1.6470487132397582e-12
20	1.9056000000000002	8.1151147711214807e-40
20	1.9799999999999995	1.1337774351184582e-18
20	2.1431999999999993	1.4384644322410299e-31
20	2.2991999999999999	6.3350568332603977e-25
20	2.3807999999999998	3.1175765027550491e-31
20	2.4623999999999997	6.3843393197388629e-38
21	1.7747999999999997	0.999998225201575
21	1.8563999999999998	1.7747967052643388e-06
21	1.9379999999999997	1.7197778670672664e-12
21	1.9452000000000007	8.1151147711214807e-40
21	2.0195999999999996	1.2065019178742681e-18
21	2.1827999999999999	1.5874690479375942e-31
21	2.3388000000000004	6.8602404672726774e-25
21	2.4204000000000003	3.4000784642322908e-31
21	2.5020000000000007	7.106719488673389e-38
22	2.2640000000000011	8.1151147711214807e-40
22	2.3312000000000008	0.99999766880271723
22	2.4128000000000007	2.3311943752874265e-06
22	2.4944000000000006	2.9074653876092938e-12
22	2.5016000000000003	2.2426300249044382e-32
22	2.576000000000001	2.5782135270467323e-18
22	2.5832000000000006	4.9881058046335547e-38
22	2.6576000000000009	1.823207017860724e-24
22	2.7392000000000007	1.0712582955128621e-30
22	2.8208000000000011	4.2327456683612484e-37
24	1.8143999999999998	0.99999818560164611
24	1.8959999999999999	1.8143965599008613e-06
24	1.9775999999999998	1.7940751720334329e-12
24	1.9848000000000008	8.1151147711214807e-40
24	2.2223999999999999	9.7288747683120411e-32
24	2.2968000000000006	1.2822651780259576e-18
24	2.3784000000000005	1.0464016569804392e-24
24	2.4600000000000004	5.0884420798379326e-31
24	2.5416000000000007	7.8887343936634726e-38
26	2.6600000000000019	8.1151147711214807e-40
26	2.7272000000000025	0.99999727280371886
26	2.8088000000000024	2.7271923398514013e-06
26	2.8904000000000023	3.9413380479400593e-12
26	2.9720000000000026	4.0147828221810786e-18
26	3.1352000000000024	9.1939784738530655e-32
26	3.2168000000000028	2.9208593099898362e-37
26	3.2912000000000012	3.2354951859842854e-24
26	3.3728000000000011	2.8726265758545321e-30
26	3.4544000000000015	1.4812343344495363e-36
27	0.71320000000000006	0.99999928680025429
27	0.78080000000000005	7.1319944313365682e-07
27	0.84840000000000004	3.0253918332564857e-13
27	0.91600000000000015	9.9735698508725215e-20
27	0.98360000000000003	2.8278425557441114e-26
27	1.0512000000000001	7.2572335777197492e-33
29	2.3036000000000012	1.0382104335251053e-39
29	2.3708000000000009	0.99999762920281032
29	2.4524000000000008	2.3707941858572107e-06
29	2.5340000000000007	3.0037959883713292e-12
29	2.5412000000000003	2.4330088237088533e-32
29	2.615600000000001	2.7032436383680381e-18
29	2.6228000000000007	5.6405968322937807e-38
29	2.6972000000000009	1.9383042967669195e-24
29	2.7788000000000008	1.1536600400058988e-30
29	2.8604000000000012	4.6044189387235136e-37
30	0.14080000000000001	0.99999985920001
30	0.20040000000000002	1.4079997178368289e-07
30	0.26000000000000001	1.8303995240960604e-14
30	0.3196	2.3969821885910364e-21
30	0.37919999999999998	3.1988673734852619e-28
30	0.43879999999999997	4.3499847285639739e-35
32	0.34079999999999999	0.99999965920005807
32	0.40239999999999998	3.4079986286210744e-07
32	0.46399999999999997	7.9065563313570072e-14
32	0.52560000000000007	1.5691296200652509e-20
32	0.58719999999999994	2.8750554826085171e-27
32	0.64880000000000004	5.0322414173376541e-34
35	2.3432000000000013	8.1151147711214807e-40
35	2.4104000000000019	0.99999758960290497
35	2.4920000000000018	2.4103939932906851e-06
35	2.5736000000000017	3.1016947374681578e-12
35	2.5808000000000009	2.5216538802072371e-32
35	2.655200000000002	2.8322474466759369e-18
35	2.6624000000000008	6.4438713798880821e-38
35	2.7368000000000019	2.0587607121571915e-24
35	2.8184000000000018	1.2421936465131345e-30
35	2.9000000000000021	5.0452193325397217e-37
36	1.5767999999999993	0.99999842320124321
36	1.6583999999999994	1.5767973850370486e-06
36	1.7399999999999993	1.3718136130422365e-12
36	1.7472000000000003	8.1151147711214807e-40
36	1.8215999999999992	8.7202835147970851e-19
36	1.9031999999999993	4.5291617413957384e-25
36	1.9847999999999995	2.0392083348079987e-31
37	0.1804	0.99999981960001627
37	0.23999999999999999	1.8039995670400535e-07
37	0.29959999999999998	2.7023911903634785e-14
37	0.35920000000000002	3.8793394492076876e-21
37	0.41880000000000001	5.5213481001709298e-28
37	0.47839999999999999	7.8744422567693165e-35
38	0.38040000000000002	0.99999961960007244
38	0.442	3.8039983186323739e-07
38	0.50360000000000005	9.5784671762827279e-14
38	0.56520000000000004	2.025318448889693e-20
38	0.62680000000000002	3.9031564346879863e-27
38	0.68840000000000001	7.1190567641082692e-34
39	0.75279999999999991	0.99999924720028333
39	0.82039999999999991	7.5279938240313337e-07
39	0.8879999999999999	3.3424290319217122e-13
39	0.9556	1.1457245714917464e-19
39	1.0231999999999999	3.3600792351154638e-26
39	1.0908	8.8813394545449263e-33
41	2.3828000000000014	8.1151147711214807e-40
41	2.450000000000002	0.99999755000300117
41	2.5316000000000018	2.4499937975878516e-06
41	2.6132000000000017	3.20116163471349e-12
41	2.6948000000000021	2.9652870504670299e-18
41	2.7020000000000008	7.2949409040667229e-38
41	2.776400000000002	2.1847399190035412e-24
41	2.8580000000000019	1.362173778403371e-30
41	2.9396000000000022	5.4952193463920956e-37
42	2.699600000000002	8.1151147711214807e-40
42	2.7668000000000026	0.99999723320382761
42	2.8484000000000025	2.7667921190581075e-06
42	2.9300000000000024	4.0533501236667464e-12
42	3.0116000000000027	4.182344334534186e-18
42	3.1748000000000025	9.649608492666262e-32
42	3.2564000000000028	3.1712844712862159e-37
42	3.3308000000000013	3.4118433526202133e-24
42	3.4124000000000012	3.0565550910522119e-30
42	3.4940000000000015	1.5914470243693058e-36
43	0.7964	0.99999920360031713
43	0.86399999999999999	7.9639931191069695e-07
43	0.93159999999999998	3.7096277441091907e-13
43	0.99920000000000009	1.3252091253437151e-19
43	1.1344000000000001	4.7915669350981189e-33
43	1.3044000000000004	4.0287327983930307e-26
43	1.3720000000000006	1.5771126191684806e-32
45	2.4224000000000014	8.1151147711214807e-40
45	2.489600000000002	0.99999751040309903
45	2.5712000000000019	2.4895935987487108e-06
45	2.6528000000000018	3.3021966799210339e-12
45	2.7344000000000022	3.1024245482280535e-18
45	2.7416000000000018	8.2376880162030322e-38
45	2.8160000000000021	2.3164080313708671e-24
45	2.897600000000002	1.4625166648440856e-30
45	2.9792000000000023	5.97641762056247e-37
46	0.22000000000000003	0.99999978000002421
46	0.27960000000000002	2.1999993848800866e-07
46	0.33920000000000006	3.7311987343771771e-14
46	0.39880000000000004	5.8315171410571755e-21
46	0.45840000000000003	8.8296820836728169e-28
46	0.51800000000000002	1.3199585365825641e-34
47	2.4620000000000015	8.1151147711214807e-40
47	2.5292000000000021	0.99999747080319856
47	2.610800000000002	2.5291933967732632e-06
47	2.6924000000000019	3.4047998729044915e-12
47	2.7740000000000022	3.2437220384359249e-18
47	2.8556000000000021	2.4539336224165467e-24
47	2.937200000000002	1.5686814106989256e-30
47	3.0188000000000024	7.445954268797407e-37
48	0.42000000000000004	0.99999958000008826
48	0.48160000000000003	4.1999979772804923e-07
48	0.54320000000000002	1.1407193803610666e-13
48	0.6048	2.5604797314213928e-20
48	0.6664000000000001	5.1789620002585732e-27
48	0.72799999999999998	9.830900321115695e-34
49	0.83799999999999986	0.99999916200035111
49	0.90559999999999985	8.3799924110754307e-07
49	0.97319999999999984	4.0777040315765119e-13
49	1.1759999999999999	3.8882202606323906e-33
49	1.2784000000000004	1.5129576797003309e-19
49	1.3460000000000003	8.3494721346082609e-26
49	1.4136000000000004	2.7466061961286652e-32
50	1.8539999999999999	0.99999814600171855
50	1.9356	1.8539964114010707e-06
50	2.0171999999999999	1.8699406279519616e-12
50	2.0244000000000009	8.1151147711214807e-40
50	2.262	1.0887403423888865e-31
50	2.3364000000000007	1.361129904812372e-18
50	2.4180000000000006	1.1241710530569426e-24
50	2.4996000000000005	5.5067919024631121e-31
50	2.5812000000000008	1.1160328937526022e-37
50	50.081600000000002	1.1102230246251565e-16
51	0.87959999999999994	0.99999912040038685
51	0.94719999999999993	8.795991668432743e-07
51	1.0147999999999999	4.4630858708581701e-13
51	1.2176	4.8927486491874283e-33
51	1.3200000000000005	1.7175483209947224e-19
51	1.3876000000000004	9.6548936753284165e-26
51	1.4552000000000005	3.2068844751432011e-32
53	2.7392000000000021	8.1151147711214807e-40
53	2.8064000000000027	0.99999719360393791
53	2.8880000000000026	2.806391895128507e-06
53	2.9696000000000025	4.1669303458652792e-12
53	3.2144000000000026	6.6689847768090818e-32
53	3.2888000000000011	4.3544994937678722e-18
53	3.2960000000000029	2.1931259181999098e-37
53	3.370400000000001	4.6299268581888094e-24
53	3.4520000000000008	3.491593478579606e-30
53	3.5336000000000007	1.8328709027592029e-36
53	1000.0816	1.1102230246251565e-16
54	0.9191999999999998	0.99999908080042255
54	0.98679999999999979	9.1919909293388677e-07
54	1.2571999999999999	5.7167018843068163e-33
54	1.2920000000000003	4.8460161389430955e-13
54	1.3596000000000004	3.0800210226405654e-19
54	1.4272000000000002	1.3176249416037628e-25
54	1.4948000000000004	4.1002187389674496e-32
55	0.95879999999999987	0.99999904120045968
55	1.0264	9.5879901588818536e-07
55	1.2968	7.0338913708180341e-33
55	1.3316000000000001	5.2446290162473542e-13
55	1.3992000000000002	3.4023254199429457e-19
55	1.4668000000000001	1.4865565853375873e-25
55	1.5344000000000002	4.6769225331209084e-32
56	2.5016000000000016	8.1151147711214807e-40
56	2.5688000000000022	0.99999743120329943
56	2.6504000000000021	2.5687931916615076e-06
56	2.732000000000002	3.5089712134775635e-12
56	2.8136000000000023	3.3892416195577179e-18
56	2.8952000000000022	2.5974877243899068e-24
56	2.9768000000000021	1.6809175125043237e-30
56	3.0584000000000024	8.1109826767196542e-37
57	0.25960000000000005	0.9999997404000337
57	0.31920000000000004	2.5959991713569323e-07
57	0.37880000000000003	4.9168221375074222e-14
57	0.43840000000000007	8.3156143171005576e-21
57	0.49800000000000005	1.3359224815104389e-27
57	0.5576000000000001	2.0912901964138001e-34
58	0.45960000000000006	0.99999954040010564
58	0.52120000000000011	4.5959976045654265e-07
58	0.5828000000000001	1.339273619471109e-13
58	0.64440000000000008	3.1808233678767649e-20
58	0.70600000000000007	6.738800118805441e-27
58	0.76760000000000006	1.3296531091001702e-33
60	0.99839999999999973	0.99999900160049848
60	1.3036000000000001	9.9839869848660792e-07
60	1.3363999999999998	6.7524052575999457e-33
60	1.3712	8.0311185877226439e-13
60	1.4388000000000001	4.1876885257894154e-19
60	1.5064	1.7474868726999511e-25
60	1.5740000000000001	5.6250403423539091e-32
61	2.5412000000000017	8.1151147711214807e-40
61	2.6084000000000023	0.99999739160340195
61	2.6900000000000022	2.6083929834134414e-06
61	2.7716000000000021	3.6147107014539473e-12
61	2.8532000000000024	3.5390453900506304e-18
61	2.9348000000000023	2.7472438286317189e-24
61	3.0164000000000022	1.7994814900594383e-30
61	3.0980000000000025	8.8238108553837131e-37
62	1.0459999999999998	0.99999895400054706
62	1.3512	1.045998586645755e-06
62	1.3839999999999999	8.2668730481429694e-33
62	1.4187999999999998	8.6629597089840469e-13
62	1.4863999999999999	4.6497989242670751e-19
62	1.5539999999999998	1.9941298964277316e-25
62	1.6215999999999999	6.5480191708300893e-32
65	1.3311999999999997	0.99999866880088606
65	1.4127999999999998	1.3311981192819685e-06
65	1.4943999999999997	9.9467115356231864e-13
65	1.5015999999999998	7.3913248160757259e-39
65	1.5759999999999996	5.5106623338559999e-19
65	1.6575999999999997	2.5262164658814729e-25
65	1.7391999999999999	1.0149846281214774e-31
66	2.7788000000000017	8.1151147711214807e-40
66	2.8460000000000027	0.99999715400404998
66	2.9276000000000026	2.8459916680625985e-06
66	3.0092000000000025	4.2820787143493508e-12
66	3.2540000000000027	7.0573426559619991e-32
66	3.3284000000000007	4.5313124255279691e-18
66	3.335600000000003	2.4172288844051069e-37
66	3.4100000000000006	4.8626867070958432e-24
66	3.4916000000000005	3.7037744541386435e-30
66	3.5732000000000008	1.9628243778652517e-36
68	1.6163999999999994	0.99999838360130644
68	1.6979999999999995	1.6163972553551296e-06
68	1.7795999999999994	1.4382701604521466e-12
68	1.7868000000000004	8.1151147711214807e-40
68	1.8611999999999993	9.3321749262998986e-19
68	1.9427999999999994	4.9387954653203387e-25
68	2.0243999999999995	2.2623100353770067e-31
69	1.3747999999999996	0.99999862520094496
69	1.4563999999999995	1.3747979977427376e-06
69	1.5379999999999996	1.0572195739950442e-12
69	1.5451999999999999	1.312959050936332e-39
69	1.6195999999999997	6.0103962641676504e-19
69	1.7011999999999996	2.8202893346642182e-25
69	1.7827999999999995	1.1573589736860705e-31
71	2.8184000000000022	8.1151147711214807e-40
71	2.8856000000000028	0.99999711440416339
71	2.9672000000000027	2.885591437860384e-06
71	3.2864000000000013	4.398794183779048e-12
71	3.2936000000000027	7.1626246992054522e-32
71	3.3680000000000012	5.7579976472446198e-18
71	3.3752000000000031	2.4662435823782964e-37
71	3.4496000000000011	5.3135017823546727e-24
71	3.531200000000001	3.9696538981167696e-30
71	3.6128000000000009	2.1569191068306103e-36
72	1.4163999999999994	0.99999858360100313
72	1.4979999999999993	1.4163978782343882e-06
72	1.5795999999999994	1.118670952945965e-12
72	1.5867999999999998	1.0382104335251053e-39
72	1.6611999999999996	6.5144505402124231e-19
72	1.7427999999999995	3.1240399090666269e-25
72	1.8243999999999994	1.3076280121574606e-31
75	1.4559999999999995	0.99999854400106003
75	1.5375999999999994	1.4559977612561205e-06
75	1.6191999999999995	1.1787756913248542e-12
75	1.6263999999999998	8.1151147711214807e-40
75	1.7007999999999996	7.0196568140241913e-19
75	1.7823999999999995	3.4353016632620769e-25
75	1.8639999999999994	1.464748410879737e-31
76	1.6559999999999995	0.99999834400137122
76	1.7375999999999996	1.6559971225368999e-06
76	1.8191999999999995	1.5062948597459006e-12
76	1.8264000000000005	8.1151147711214807e-40
76	1.9007999999999994	9.9719732116553116e-19
76	1.9823999999999995	5.3755399881935175e-25
76	2.0639999999999996	2.50447703871231e-31
78	1.4955999999999994	0.99999850440111848
78	1.5771999999999995	1.4955976411415391e-06
78	1.6587999999999994	1.240448582342183e-12
78	1.6659999999999999	8.1151147711214807e-40
78	1.7403999999999993	7.5502546503520245e-19
78	1.8219999999999994	3.7691944364001342e-25
78	1.9035999999999995	1.6365762861314461e-31
79	1.5371999999999992	0.99999846280118143
79	1.6187999999999994	1.5371975115826535e-06
79	1.7003999999999992	1.3069252177024693e-12
79	1.7076000000000002	1.0382104335251053e-39
79	1.7819999999999991	8.1356779902089016e-19
79	1.8635999999999993	4.1454953282812665e-25
79	1.9451999999999994	1.8340256936169829e-31
80	1.8935999999999999	0.99999810640179287
80	1.9752000000000001	1.893596259764972e-06
80	2.0640000000000009	8.1151147711214807e-40
80	2.2944000000000004	1.9473737719404933e-12
80	2.3016000000000001	1.0713424584025601e-31
80	2.3760000000000008	1.905853880645802e-18
80	2.4576000000000007	1.2988651220765972e-24
80	2.5392000000000006	6.2745296467804098e-31
80	2.6208000000000009	1.2258749393410599e-37
81	0.29920000000000002	0.99999970080004486
81	0.35880000000000001	2.9919989264705907e-07
81	0.41839999999999999	6.2592613811244857e-14
81	0.47800000000000004	1.1393730020462394e-20
81	0.53760000000000008	1.9369922992934541e-27
81	0.59719999999999995	3.1714606144780772e-34
82	2.8184000000000022	8.1151147711214807e-40
82	2.8856000000000028	0.99999711440416339
82	2.9672000000000027	2.885591437860384e-06
82	3.2864000000000013	4.398794183779048e-12
82	3.2936000000000027	7.1626246992054522e-32
82	3.3680000000000012	5.7579976472446198e-18
82	3.3752000000000031	2.4662435823782964e-37
82	3.4496000000000011	5.3135017823546727e-24
82	3.531200000000001	3.9696538981167696e-30
82	3.6128000000000009	2.1569191068306103e-36

[frame_wcrt_cdf]
frame_id	response_time_ms	cumulative_probability
0	0.50120000000000009	0.99999949880012562
0	0.56280000000000008	0.99999999999984357
0	0.62440000000000007	1
0	0.68600000000000017	1
0	0.74760000000000004	1
0	0.80920000000000014	1
1	1.9332	0.99999806680186876
1	2.0148000000000001	0.99999999999797373
1	2.103600000000001	0.99999999999797373
1	2.3340000000000005	1
1	2.3412000000000002	1
1	2.4156000000000009	1
1	2.4228000000000001	1
1	2.4972000000000008	1
1	2.5788000000000006	1
1	2.660400000000001	1
4	1.9728000000000001	0.99999802720194608
4	2.1432000000000011	0.99999802720194608
4	2.2920000000000007	0.99999999999742439
4	2.3736000000000006	1
4	2.3808000000000002	1
4	2.4552000000000009	1
4	2.4624000000000001	1
4	2.5368000000000008	1
4	2.6184000000000007	1
4	2.7000000000000011	1
5	0.54080000000000017	0.99999945920014632
5	0.60240000000000016	0.99999999999982059
5	0.66400000000000015	1
5	0.72560000000000024	1
5	0.78720000000000012	1
5	0.84880000000000022	1
8	2.0124000000000004	0.99999798760202485
8	2.1828000000000012	0.99999798760202485
8	2.3316000000000008	0.9999999999973328
8	2.4132000000000007	1
8	2.4204000000000003	1
8	2.494800000000001	1
8	2.5020000000000007	1
8	2.5764000000000009	1
8	2.6580000000000008	1
8	2.7396000000000011	1
9	2.5808000000000018	8.1151147711214807e-40
9	2.6480000000000024	0.99999735200350603
9	2.7296000000000022	0.99999999999627809
9	2.8112000000000021	1
9	2.8928000000000025	1
9	2.9744000000000024	1
9	3.0560000000000023	1
9	3.1376000000000026	1
9	3.293600000000001	1
9	3.3752000000000013	1
10	0.58840000000000015	0.99999941160017314
10	0.65600000000000014	0.99999999999978717
10	0.72360000000000013	1
10	0.79120000000000013	1
10	0.85880000000000023	1
10	0.92640000000000011	1
12	2.224400000000001	2.0363550261841613e-39
12	2.2916000000000007	0.99999770840262558
12	2.3732000000000006	0.99999999999718714
12	2.4548000000000005	0.99999999999999989
12	2.4620000000000002	0.99999999999999989
12	2.5364000000000009	0.99999999999999989
12	2.5436000000000005	0.99999999999999989
12	2.6180000000000008	0.99999999999999989
12	2.6996000000000007	0.99999999999999989
12	2.781200000000001	0.99999999999999989
12	100.08159999999999	1
13	0.63000000000000012	0.99999937000019845
13	0.69760000000000011	0.99999999999975897
13	0.7652000000000001	1
13	0.83280000000000021	1
13	0.90040000000000009	1
13	0.96800000000000019	1
14	1.6955999999999996	0.99999830440143755
14	1.7771999999999997	0.99999999999842415
14	1.8587999999999996	1
14	1.8660000000000005	1
14	1.9403999999999995	1
14	2.0219999999999994	1
14	2.1035999999999997	1
16	2.6204000000000018	8.1151147711214807e-40
16	2.6876000000000024	0.99999731240361167
16	2.7692000000000023	0.99999999999616918
16	2.8508000000000022	1
16	2.9324000000000026	1
16	3.0140000000000025	1
16	3.0956000000000023	1
16	3.1772000000000027	1
16	3.3332000000000011	1
16	3.4148000000000014	1
17	0.10120000000000001	0.99999989880000517
17	0.1608	0.9999999999999889
17	0.22040000000000001	1
17	0.28000000000000003	1
17	0.33960000000000001	1
17	0.3992	1
19	0.67359999999999998	0.99999932640022682
19	0.74119999999999997	0.99999999999972755
19	0.80879999999999996	1
19	0.87640000000000007	1
19	0.94399999999999995	1
19	1.0116000000000001	1
20	1.7351999999999994	0.99999826480150544
20	1.8167999999999993	0.99999999999835298
20	1.8983999999999994	1
20	1.9056000000000002	1
20	1.9799999999999995	1
20	2.1431999999999993	1
20	2.2991999999999999	1
20	2.3807999999999998	1
20	2.4623999999999997	1
21	1.7747999999999997	0.999998225201575
21	1.8563999999999998	0.99999999999828026
21	1.9379999999999997	1
21	1.9452000000000007	1
21	2.0195999999999996	1
21	2.1827999999999999	1
21	2.3388000000000004	1
21	2.4204000000000003	1
21	2.5020000000000007	1
22	2.2640000000000011	8.1151147711214807e-40
22	2.3312000000000008	0.99999766880271723
22	2.4128000000000007	0.99999999999709255
22	2.4944000000000006	1
22	2.5016000000000003	1
22	2.576000000000001	1
22	2.5832000000000006	1
22	2.6576000000000009	1
22	2.7392000000000007	1
22	2.8208000000000011	1
24	1.8143999999999998	0.99999818560164611
24	1.8959999999999999	0.99999999999820599
24	1.9775999999999998	1
24	1.9848000000000008	1
24	2.2223999999999999	1
24	2.2968000000000006	1
24	2.3784000000000005	1
24	2.4600000000000004	1
24	2.5416000000000007	1
26	2.6600000000000019	8.1151147711214807e-40
26	2.7272000000000025	0.99999727280371886
26	2.8088000000000024	0.99999999999605871
26	2.8904000000000023	1
26	2.9720000000000026	1
26	3.1352000000000024	1
26	3.2168000000000028	1
26	3.2912000000000012	1
26	3.3728000000000011	1
26	3.4544000000000015	1
27	0.71320000000000006	0.99999928680025429
27	0.78080000000000005	0.99999999999969746
27	0.84840000000000004	1
27	0.91600000000000015	1
27	0.98360000000000003	1
27	1.0512000000000001	1
29	2.3036000000000012	1.0382104335251053e-39
29	2.3708000000000009	0.99999762920281032
29	2.4524000000000008	0.99999999999699618
29	2.5340000000000007	1
29	2.5412000000000003	1
29	2.615600000000001	1
29	2.6228000000000007	1
29	2.6972000000000009	1
29	2.7788000000000008	1
29	2.8604000000000012	1
30	0.14080000000000001	0.99999985920001
30	0.20040000000000002	0.99999999999998179
30	0.26000000000000001	1
30	0.3196	1
30	0.37919999999999998	1
30	0.43879999999999997	1
32	0.34079999999999999	0.99999965920005807
32	0.40239999999999998	0.99999999999992095
32	0.46399999999999997	1
32	0.52560000000000007	1
32	0.58719999999999994	1
32	0.64880000000000004	1
35	2.3432000000000013	8.1151147711214807e-40
35	2.4104000000000019	0.99999758960290497
35	2.4920000000000018	0.99999999999689826
35	2.5736000000000017	1
35	2.5808000000000009	1
35	2.655200000000002	1
35	2.6624000000000008	1
35	2.7368000000000019	1
35	2.8184000000000018	1
35	2.9000000000000021	1
36	1.5767999999999993	0.99999842320124321
36	1.6583999999999994	0.99999999999862821
36	1.7399999999999993	1
36	1.7472000000000003	1
36	1.8215999999999992	1
36	1.9031999999999993	1
36	1.9847999999999995	1
37	0.1804	0.99999981960001627
37	0.23999999999999999	0.99999999999997302
37	0.29959999999999998	1
37	0.35920000000000002	1
37	0.41880000000000001	1
37	0.47839999999999999	1
38	0.38040000000000002	0.99999961960007244
38	0.442	0.9999999999999043
38	0.50360000000000005	1
38	0.56520000000000004	1
38	0.62680000000000002	1
38	0.68840000000000001	1
39	0.75279999999999991	0.99999924720028333
39	0.82039999999999991	0.99999999999966571
39	0.8879999999999999	1
39	0.9556	1
39	1.0231999999999999	1
39	1.0908	1
41	2.3828000000000014	8.1151147711214807e-40
41	2.450000000000002	0.99999755000300117
41	2.5316000000000018	0.99999999999679878
41	2.6132000000000017	1
41	2.6948000000000021	1
41	2.7020000000000008	1
41	2.776400000000002	1
41	2.8580000000000019	1
41	2.9396000000000022	1
42	2.699600000000002	8.1151147711214807e-40
42	2.7668000000000026	0.99999723320382761
42	2.8484000000000025	0.99999999999594669
42	2.9300000000000024	1
42	3.0116000000000027	1
42	3.1748000000000025	1
42	3.2564000000000028	1
42	3.3308000000000013	1
42	3.4124000000000012	1
42	3.4940000000000015	1
43	0.7964	0.99999920360031713
43	0.86399999999999999	0.99999999999962907
43	0.93159999999999998	1
43	0.99920000000000009	1
43	1.1344000000000001	1
43	1.3044000000000004	1
43	1.3720000000000006	1
45	2.4224000000000014	8.1151147711214807e-40
45	2.489600000000002	0.99999751040309903
45	2.5712000000000019	0.99999999999669775
45	2.6528000000000018	1
45	2.7344000000000022	1
45	2.7416000000000018	1
45	2.8160000000000021	1
45	2.897600000000002	1
45	2.9792000000000023	1
46	0.22000000000000003	0.99999978000002421
46	0.27960000000000002	0.9999999999999627
46	0.33920000000000006	1
46	0.39880000000000004	1
46	0.45840000000000003	1
46	0.51800000000000002	1
47	2.4620000000000015	8.1151147711214807e-40
47	2.5292000000000021	0.99999747080319856
47	2.610800000000002	0.99999999999659539
47	2.6924000000000019	1
47	2.7740000000000022	1
47	2.8556000000000021	1
47	2.937200000000002	1
47	3.0188000000000024	1
48	0.42000000000000004	0.99999958000008826
48	0.48160000000000003	0.99999999999988598
48	0.54320000000000002	1
48	0.6048	1
48	0.6664000000000001	1
48	0.72799999999999998	1
49	0.83799999999999986	0.99999916200035111
49	0.90559999999999985	0.99999999999959222
49	0.97319999999999984	1
49	1.1759999999999999	1
49	1.2784000000000004	1
49	1.3460000000000003	1
49	1.4136000000000004	1
50	1.8539999999999999	0.99999814600171855
50	1.9356	0.99999999999812994
50	2.0171999999999999	0.99999999999999989
50	2.0244000000000009	0.99999999999999989
50	2.262	0.99999999999999989
50	2.3364000000000007	0.99999999999999989
50	2.4180000000000006	0.99999999999999989
50	2.4996000000000005	0.99999999999999989
50	2.5812000000000008	0.99999999999999989
50	50.081600000000002	1
51	0.87959999999999994	0.99999912040038685
51	0.94719999999999993	0.99999999999955369
51	1.0147999999999999	1
51	1.2176	1
51	1.3200000000000005	1
51	1.3876000000000004	1
51	1.4552000000000005	1
53	2.7392000000000021	8.1151147711214807e-40
53	2.8064000000000027	0.99999719360393791
53	2.8880000000000026	0.999999999995833
53	2.9696000000000025	0.99999999999999989
53	3.2144000000000026	0.99999999999999989
53	3.2888000000000011	0.99999999999999989
53	3.2960000000000029	0.99999999999999989
53	3.370400000000001	0.99999999999999989
53	3.4520000000000008	0.99999999999999989
53	3.5336000000000007	0.99999999999999989
53	1000.0816	1
54	0.9191999999999998	0.99999908080042255
54	0.98679999999999979	0.9999999999995155
54	1.2571999999999999	0.9999999999995155
54	1.2920000000000003	1
54	1.3596000000000004	1
54	1.4272000000000002	1
54	1.4948000000000004	1
55	0.95879999999999987	0.99999904120045968
55	1.0264	0.99999999999947553
55	1.2968	0.99999999999947553
55	1.3316000000000001	1
55	1.3992000000000002	1
55	1.4668000000000001	1
55	1.5344000000000002	1
56	2.5016000000000016	8.1151147711214807e-40
56	2.5688000000000022	0.99999743120329943
56	2.6504000000000021	0.99999999999649114
56	2.732000000000002	1
56	2.8136000000000023	1
56	2.8952000000000022	1
56	2.9768000000000021	1
56	3.0584000000000024	1
57	0.25960000000000005	0.9999997404000337
57	0.31920000000000004	0.99999999999995082
57	0.37880000000000003	1
57	0.43840000000000007	1
57	0.49800000000000005	1
57	0.5576000000000001	1
58	0.45960000000000006	0.99999954040010564
58	0.52120000000000011	0.99999999999986611
58	0.5828000000000001	1
58	0.64440000000000008	1
58	0.70600000000000007	1
58	0.76760000000000006	1
60	0.99839999999999973	0.99999900160049848
60	1.3036000000000001	0.99999999999919698
60	1.3363999999999998	0.99999999999919698
60	1.3712	1
60	1.4388000000000001	1
60	1.5064	1
60	1.5740000000000001	1
61	2.5412000000000017	8.1151147711214807e-40
61	2.6084000000000023	0.99999739160340195
61	2.6900000000000022	0.99999999999638534
61	2.7716000000000021	1
61	2.8532000000000024	1
61	2.9348000000000023	1
61	3.0164000000000022	1
61	3.0980000000000025	1
62	1.0459999999999998	0.99999895400054706
62	1.3512	0.99999999999913369
62	1.3839999999999999	0.99999999999913369
62	1.4187999999999998	1
62	1.4863999999999999	1
62	1.5539999999999998	1
62	1.6215999999999999	1
65	1.3311999999999997	0.99999866880088606
65	1.4127999999999998	0.99999999999900535
65	1.4943999999999997	1
65	1.5015999999999998	1
65	1.5759999999999996	1
65	1.6575999999999997	1
65	1.7391999999999999	1
66	2.7788000000000017	8.1151147711214807e-40
66	2.8460000000000027	0.99999715400404998
66	2.9276000000000026	0.99999999999571809
66	3.0092000000000025	1
66	3.2540000000000027	1
66	3.3284000000000007	1
66	3.335600000000003	1
66	3.4100000000000006	1
66	3.4916000000000005	1
66	3.5732000000000008	1
68	1.6163999999999994	0.99999838360130644
68	1.6979999999999995	0.99999999999856182
68	1.7795999999999994	1
68	1.7868000000000004	1
68	1.8611999999999993	1
68	1.9427999999999994	1
68	2.0243999999999995	1
69	1.3747999999999996	0.99999862520094496
69	1.4563999999999995	0.99999999999894273
69	1.5379999999999996	1
69	1.5451999999999999	1
69	1.6195999999999997	1
69	1.7011999999999996	1
69	1.7827999999999995	1
71	2.8184000000000022	8.1151147711214807e-40
71	2.8856000000000028	0.99999711440416339
71	2.9672000000000027	0.9999999999956013
71	3.2864000000000013	1
71	3.2936000000000027	1
71	3.3680000000000012	1
71	3.3752000000000031	1
71	3.4496000000000011	1
71	3.531200000000001	1
71	3.6128000000000009	1
72	1.4163999999999994	0.99999858360100313
72	1.4979999999999993	0.99999999999888134
72	1.5795999999999994	1
72	1.5867999999999998	1
72	1.6611999999999996	1
72	1.7427999999999995	1
72	1.8243999999999994	1
75	1.4559999999999995	0.99999854400106003
75	1.5375999999999994	0.99999999999882128
75	1.6191999999999995	1
75	1.6263999999999998	1
75	1.7007999999999996	1
75	1.7823999999999995	1
75	1.8639999999999994	1
76	1.6559999999999995	0.99999834400137122
76	1.7375999999999996	0.99999999999849376
76	1.8191999999999995	1
76	1.8264000000000005	1
76	1.9007999999999994	1
76	1.9823999999999995	1
76	2.0639999999999996	1
78	1.4955999999999994	0.99999850440111848
78	1.5771999999999995	0.99999999999875966
78	1.6587999999999994	1
78	1.6659999999999999	1
78	1.7403999999999993	1
78	1.8219999999999994	1
78	1.9035999999999995	1
79	1.5371999999999992	0.99999846280118143
79	1.6187999999999994	0.99999999999869305
79	1.7003999999999992	1
79	1.7076000000000002	1
79	1.7819999999999991	1
79	1.8635999999999993	1
79	1.9451999999999994	1
80	1.8935999999999999	0.99999810640179287
80	1.9752000000000001	0.99999999999805267
80	2.0640000000000009	0.99999999999805267
80	2.2944000000000004	1
80	2.3016000000000001	1
80	2.3760000000000008	1
80	2.4576000000000007	1
80	2.5392000000000006	1
80	2.6208000000000009	1
81	0.29920000000000002	0.99999970080004486
81	0.35880000000000001	0.99999999999993749
81	0.41839999999999999	1
81	0.47800000000000004	1
81	0.53760000000000008	1
81	0.59719999999999995	1
82	2.8184000000000022	8.1151147711214807e-40
82	2.8856000000000028	0.99999711440416339
82	2.9672000000000027	0.9999999999956013
82	3.2864000000000013	1
82	3.2936000000000027	1
82	3.3680000000000012	1
82	3.3752000000000031	1
82	3.4496000000000011	1
82	3.531200000000001	1
82	3.6128000000000009	1

[frame_distribution_quantiles]
frame_id	retry_q50	retry_q90	retry_q95	retry_q99	wcrt_q50_ms	wcrt_q90_ms	wcrt_q95_ms	wcrt_q99_ms
0	0	0	0	0	0.50120000000000009	0.50120000000000009	0.50120000000000009	0.50120000000000009
1	0	0	0	0	1.9332	1.9332	1.9332	1.9332
4	0	0	0	0	1.9728000000000001	1.9728000000000001	1.9728000000000001	1.9728000000000001
5	0	0	0	0	0.54080000000000017	0.54080000000000017	0.54080000000000017	0.54080000000000017
8	0	0	0	0	2.0124000000000004	2.0124000000000004	2.0124000000000004	2.0124000000000004
9	0	0	0	0	2.6480000000000024	2.6480000000000024	2.6480000000000024	2.6480000000000024
10	0	0	0	0	0.58840000000000015	0.58840000000000015	0.58840000000000015	0.58840000000000015
12	0	0	0	0	2.2916000000000007	2.2916000000000007	2.2916000000000007	2.2916000000000007
13	0	0	0	0	0.63000000000000012	0.63000000000000012	0.63000000000000012	0.63000000000000012
14	0	0	0	0	1.6955999999999996	1.6955999999999996	1.6955999999999996	1.6955999999999996
16	0	0	0	0	2.6876000000000024	2.6876000000000024	2.6876000000000024	2.6876000000000024
17	0	0	0	0	0.10120000000000001	0.10120000000000001	0.10120000000000001	0.10120000000000001
19	0	0	0	0	0.67359999999999998	0.67359999999999998	0.67359999999999998	0.67359999999999998
20	0	0	0	0	1.7351999999999994	1.7351999999999994	1.7351999999999994	1.7351999999999994
21	0	0	0	0	1.7747999999999997	1.7747999999999997	1.7747999999999997	1.7747999999999997
22	0	0	0	0	2.3312000000000008	2.3312000000000008	2.3312000000000008	2.3312000000000008
24	0	0	0	0	1.8143999999999998	1.8143999999999998	1.8143999999999998	1.8143999999999998
26	0	0	0	0	2.7272000000000025	2.7272000000000025	2.7272000000000025	2.7272000000000025
27	0	0	0	0	0.71320000000000006	0.71320000000000006	0.71320000000000006	0.71320000000000006
29	0	0	0	0	2.3708000000000009	2.3708000000000009	2.3708000000000009	2.3708000000000009
30	0	0	0	0	0.14080000000000001	0.14080000000000001	0.14080000000000001	0.14080000000000001
32	0	0	0	0	0.34079999999999999	0.34079999999999999	0.34079999999999999	0.34079999999999999
35	0	0	0	0	2.4104000000000019	2.4104000000000019	2.4104000000000019	2.4104000000000019
36	0	0	0	0	1.5767999999999993	1.5767999999999993	1.5767999999999993	1.5767999999999993
37	0	0	0	0	0.1804	0.1804	0.1804	0.1804
38	0	0	0	0	0.38040000000000002	0.38040000000000002	0.38040000000000002	0.38040000000000002
39	0	0	0	0	0.75279999999999991	0.75279999999999991	0.75279999999999991	0.75279999999999991
41	0	0	0	0	2.450000000000002	2.450000000000002	2.450000000000002	2.450000000000002
42	0	0	0	0	2.7668000000000026	2.7668000000000026	2.7668000000000026	2.7668000000000026
43	0	0	0	0	0.7964	0.7964	0.7964	0.7964
45	0	0	0	0	2.489600000000002	2.489600000000002	2.489600000000002	2.489600000000002
46	0	0	0	0	0.22000000000000003	0.22000000000000003	0.22000000000000003	0.22000000000000003
47	0	0	0	0	2.5292000000000021	2.5292000000000021	2.5292000000000021	2.5292000000000021
48	0	0	0	0	0.42000000000000004	0.42000000000000004	0.42000000000000004	0.42000000000000004
49	0	0	0	0	0.83799999999999986	0.83799999999999986	0.83799999999999986	0.83799999999999986
50	0	0	0	0	1.8539999999999999	1.8539999999999999	1.8539999999999999	1.8539999999999999
51	0	0	0	0	0.87959999999999994	0.87959999999999994	0.87959999999999994	0.87959999999999994
53	0	0	0	0	2.8064000000000027	2.8064000000000027	2.8064000000000027	2.8064000000000027
54	0	0	0	0	0.9191999999999998	0.9191999999999998	0.9191999999999998	0.9191999999999998
55	0	0	0	0	0.95879999999999987	0.95879999999999987	0.95879999999999987	0.95879999999999987
56	0	0	0	0	2.5688000000000022	2.5688000000000022	2.5688000000000022	2.5688000000000022
57	0	0	0	0	0.25960000000000005	0.25960000000000005	0.25960000000000005	0.25960000000000005
58	0	0	0	0	0.45960000000000006	0.45960000000000006	0.45960000000000006	0.45960000000000006
60	0	0	0	0	0.99839999999999973	0.99839999999999973	0.99839999999999973	0.99839999999999973
61	0	0	0	0	2.6084000000000023	2.6084000000000023	2.6084000000000023	2.6084000000000023
62	0	0	0	0	1.0459999999999998	1.0459999999999998	1.0459999999999998	1.0459999999999998
65	0	0	0	0	1.3311999999999997	1.3311999999999997	1.3311999999999997	1.3311999999999997
66	0	0	0	0	2.8460000000000027	2.8460000000000027	2.8460000000000027	2.8460000000000027
68	0	0	0	0	1.6163999999999994	1.6163999999999994	1.6163999999999994	1.6163999999999994
69	0	0	0	0	1.3747999999999996	1.3747999999999996	1.3747999999999996	1.3747999999999996
71	0	0	0	0	2.8856000000000028	2.8856000000000028	2.8856000000000028	2.8856000000000028
72	0	0	0	0	1.4163999999999994	1.4163999999999994	1.4163999999999994	1.4163999999999994
75	0	0	0	0	1.4559999999999995	1.4559999999999995	1.4559999999999995	1.4559999999999995
76	0	0	0	0	1.6559999999999995	1.6559999999999995	1.6559999999999995	1.6559999999999995
78	0	0	0	0	1.4955999999999994	1.4955999999999994	1.4955999999999994	1.4955999999999994
79	0	0	0	0	1.5371999999999992	1.5371999999999992	1.5371999999999992	1.5371999999999992
80	0	0	0	0	1.8935999999999999	1.8935999999999999	1.8935999999999999	1.8935999999999999
81	0	0	0	0	0.29920000000000002	0.29920000000000002	0.29920000000000002	0.29920000000000002
82	0	0	0	0	2.8856000000000028	2.8856000000000028	2.8856000000000028	2.8856000000000028

[signal_summary]
code	frame_id	period_ms	level	type	p_timeout	expected_wcrt_ms	wcrt_p95_ms	threshold_wcrt_ms	expected_retry_count	p_threshold
35156150	51	10	0	0	0	0.87960005946096387	0.87959999999999994	0.87959999999999994	8.7960005946096382e-07	1
54150263	54	10	0	0	0	0.91920006213803918	0.9191999999999998	0.9191999999999998	9.1920006213803856e-07	1
81729404	0	10	0	0	0	0.50120003087392195	0.50120000000000009	0.50120000000000009	5.0120003087392155e-07	1
123675539	39	20	0	0	0	0.75280005088928326	0.75279999999999991	0.75279999999999991	7.5280005088928347e-07	1
135722455	10	20	0	0	0	0.58840003977584288	0.58840000000000015	0.58840000000000015	5.884000397758432e-07	1
144163148	68	20	0	0	0	1.6164001318982504	1.6163999999999994	1.6163999999999994	1.6164001318982501e-06	1
167660054	49	20	0	0	0	0.83800005664880362	0.83799999999999986	0.83799999999999986	8.3800005664880326e-07	1
174754768	51	10	0	0	0	0.87960005946096387	0.87959999999999994	0.87959999999999994	8.7960005946096382e-07	1
198441302	10	10	1	0	0	0.58840003977584288	0.58840000000000015	0.65600000000000014	5.884000397758432e-07	2.7777777777777779e-13
220378375	35	100	0	0	0	2.4104001966886579	2.4104000000000019	2.3432000000000013	2.4104001966886565e-06	1
222747217	46	2	0	0	0	0.22000001311200082	0.22000000000000003	0.22000000000000003	2.2000001311200084e-07	1
223203464	51	10	0	0	0	0.87960005946096387	0.87959999999999994	0.87959999999999994	8.7960005946096382e-07	1
223628706	62	20	0	0	0	1.0460003192390912	1.0459999999999998	1.0459999999999998	1.0460003192390916e-06	1
224374452	38	5	0	0	0	0.38040002343264151	0.38040000000000002	0.38040000000000002	3.8040002343264169e-07	1
233340117	53	1000	0	0	1.1102230246251565e-16	2.8064002290023722	2.8064000000000027	2.7392000000000021	2.8064002297794184e-06	1
236223621	22	100	0	0	0	2.3312001902259363	2.3312000000000008	2.2640000000000011	2.3312001902259366e-06	1
248775274	13	20	0	0	0	0.63000004258800302	0.63000000000000012	0.63000000000000012	6.3000004258800259e-07	1
252134324	61	100	3	0	0	2.60840021284546	2.6084000000000023	2.7716000000000021	2.6084002128454615e-06	2.7777777777777779e-13
258034788	79	20	0	0	0	1.5372001254355294	1.5371999999999992	1.5371999999999992	1.5372001254355295e-06	1
291833561	29	100	1	0	0	2.3708001934572969	2.3708000000000009	2.5340000000000007	2.3708001934572974e-06	2.7777777777777777e-12
296828807	62	20	1	0	0	1.0460003192390912	1.0459999999999998	1.4187999999999998	1.0460003192390916e-06	5.5555555555555559e-13
300048795	72	10	0	0	0	1.4164001155782489	1.4163999999999994	1.4163999999999994	1.4164001155782484e-06	1
338437739	72	20	0	0	0	1.4164001155782489	1.4163999999999994	1.4163999999999994	1.4164001155782484e-06	1
342439082	29	100	0	0	0	2.3708001934572969	2.3708000000000009	2.3036000000000012	2.3708001934572974e-06	1
351951351	50	50	2	0	1.1102230246251565e-16	1.8540001512864177	1.8539999999999999	2.0171999999999999	1.8540001520635661e-06	1.3888888888888889e-12
389905951	58	10	0	0	0	0.45960002831136182	0.45960000000000006	0.45960000000000006	4.5960002831136201e-07	1
405944322	10	20	0	0	0	0.58840003977584288	0.58840000000000015	0.58840000000000015	5.884000397758432e-07	1
413812979	62	10	0	0	0	1.0460003192390912	1.0459999999999998	1.0459999999999998	1.0460003192390916e-06	1
435418399	42	1000	0	0	0	2.766800225770901	2.7668000000000026	2.699600000000002	2.7668002257709018e-06	1
442500879	69	10	0	0	0	1.3748001121836886	1.3747999999999996	1.3747999999999996	1.3748001121836888e-06	1
459752656	62	20	0	0	0	1.0460003192390912	1.0459999999999998	1.0459999999999998	1.0460003192390916e-06	1
480462030	17	2	0	0	0	0.10120000603152038	0.10120000000000001	0.10120000000000001	1.0120000603152044e-07	1
525793799	30	1	0	0	0	0.1408000083916805	0.14080000000000001	0.14080000000000001	1.4080000839168057e-07	1
551386722	56	100	0	0	0	2.5688002096140998	2.5688000000000022	2.5016000000000016	2.5688002096141024e-06	1
572228952	36	20	3	0	0	1.5768001286668898	1.5767999999999993	1.7399999999999993	1.5768001286668908e-06	5.5555555555555561e-14
593618177	62	20	2	0	0	1.0460003192390912	1.0459999999999998	1.4187999999999998	1.0460003192390916e-06	5.5555555555555559e-13
594134089	78	20	2	0	0	1.4956001220409694	1.4955999999999994	1.6587999999999994	1.495600122040969e-06	5.5555555555555559e-13
595750555	72	20	0	0	0	1.4164001155782489	1.4163999999999994	1.4163999999999994	1.4164001155782484e-06	1
631929010	8	100	0	0	0	2.0124006423576515	2.0124000000000004	2.0124000000000004	2.0124006423576516e-06	1
632461704	4	100	0	0	0	1.9728006297173493	1.9728000000000001	1.9728000000000001	1.9728006297173501e-06	1
652909131	24	100	0	0	0	1.814400148055052	1.8143999999999998	1.8143999999999998	1.8144001480550521e-06	1
751570410	47	100	0	0	0	2.5292002063827392	2.5292000000000021	2.4620000000000015	2.5292002063827403e-06	1
754875499	19	10	1	0	0	0.6736000455353629	0.67359999999999998	0.74119999999999997	6.7360004553536331e-07	2.7777777777777779e-13
757695437	19	10	0	0	0	0.6736000455353629	0.67359999999999998	0.67359999999999998	6.7360004553536331e-07	1
758328083	66	1000	0	0	0	2.8460002322336222	2.8460000000000027	2.7788000000000017	2.8460002322336214e-06	1
811608885	51	10	2	0	0	0.87960005946096387	0.87959999999999994	1.0147999999999999	8.7960005946096382e-07	2.7777777777777779e-13
813652620	55	20	1	0	0	0.95880006481500879	0.95879999999999987	1.0264	9.5880006481500923e-07	5.5555555555555559e-13
818702445	8	100	0	0	0	2.0124006423576515	2.0124000000000004	2.0124000000000004	2.0124006423576516e-06	1
849498141	43	20	2	0	0	0.79640005383664358	0.7964	0.86399999999999999	7.9640005383664334e-07	5.5555555555555559e-13
877821872	20	100	0	0	0	1.735200141592331	1.7351999999999994	1.7351999999999994	1.7352001415923322e-06	1
887370563	79	20	1	0	0	1.5372001254355294	1.5371999999999992	1.7003999999999992	1.5372001254355295e-06	5.5555555555555559e-13
887730995	39	10	0	0	0	0.75280005088928326	0.75279999999999991	0.75279999999999991	7.5280005088928347e-07	1
893304274	51	10	0	0	0	0.87960005946096387	0.87959999999999994	0.87959999999999994	8.7960005946096382e-07	1
899228569	69	10	0	1	0	1.3748001121836886	1.3747999999999996	1.3747999999999996	1.3748001121836888e-06	1
915700410	78	10	0	0	0	1.4956001220409694	1.4955999999999994	1.4955999999999994	1.495600122040969e-06	1
918432961	55	20	0	0	0	0.95880006481500879	0.95879999999999987	0.95879999999999987	9.5880006481500923e-07	1
921100111	21	50	0	0	0	1.7748001448236916	1.7747999999999997	1.7747999999999997	1.7748001448236926e-06	1
953891712	12	100	2	0	1.1102230246251565e-16	2.2916001869945868	2.2916000000000007	2.4548000000000005	2.2916001877717298e-06	2.7777777777777777e-12
1010287458	13	20	1	0	0	0.63000004258800302	0.63000000000000012	0.69760000000000011	6.3000004258800259e-07	5.5555555555555559e-13
1038960256	17	2	0	0	0	0.10120000603152038	0.10120000000000001	0.10120000000000001	1.0120000603152044e-07	1
1050584390	14	100	2	0	0	1.6956001383609707	1.6955999999999996	1.7771999999999997	1.6956001383609699e-06	2.7777777777777777e-12
1060551660	22	100	0	0	0	2.3312001902259363	2.3312000000000008	2.2640000000000011	2.3312001902259366e-06	1
1084569131	27	10	0	0	0	0.7132000482123233	0.71320000000000006	0.71320000000000006	7.1320004821232265e-07	1
1096325056	14	50	0	0	0	1.6956001383609707	1.6955999999999996	1.6955999999999996	1.6956001383609699e-06	1
1122791906	65	10	3	0	0	1.3312001086259284	1.3311999999999997	1.4943999999999997	1.3312001086259288e-06	2.7777777777777781e-14
1156169700	65	20	0	0	0	1.3312001086259284	1.3311999999999997	1.3311999999999997	1.3312001086259288e-06	1
1232613185	32	5	2	0	0	0.34080002099328133	0.34079999999999999	0.40239999999999998	3.4080002099328113e-07	1.388888888888889e-13
1257049088	43	20	1	0	0	0.79640005383664358	0.7964	0.86399999999999999	7.9640005383664334e-07	5.5555555555555559e-13
1315685152	24	100	0	0	0	1.814400148055052	1.8143999999999998	1.8143999999999998	1.8144001480550521e-06	1
1365492168	79	20	0	0	0	1.5372001254355294	1.5371999999999992	1.5371999999999992	1.5372001254355295e-06	1
1372578498	29	100	2	0	0	2.3708001934572969	2.3708000000000009	2.5340000000000007	2.3708001934572974e-06	2.7777777777777777e-12
1408494727	13	10	0	0	0	0.63000004258800302	0.63000000000000012	0.63000000000000012	6.3000004258800259e-07	1
1417698540	46	1	0	0	0	0.22000001311200082	0.22000000000000003	0.22000000000000003	2.2000001311200084e-07	1
1423653378	37	1	1	0	0	0.18040001075184064	0.1804	0.23999999999999999	1.804000107518408e-07	2.7777777777777774e-14
1444809001	43	10	0	0	0	0.79640005383664358	0.7964	0.7964	7.9640005383664334e-07	1
1445541278	29	100	1	0	0	2.3708001934572969	2.3708000000000009	2.5340000000000007	2.3708001934572974e-06	2.7777777777777777e-12
1493709338	14	100	0	0	0	1.6956001383609707	1.6955999999999996	1.6955999999999996	1.6956001383609699e-06	1
1522173039	65	10	0	0	0	1.3312001086259284	1.3311999999999997	1.3311999999999997	1.3312001086259288e-06	1
1590731422	39	20	0	0	0	0.75280005088928326	0.75279999999999991	0.75279999999999991	7.5280005088928347e-07	1
1611163263	26	1000	0	0	0	2.7272002225395409	2.7272000000000025	2.6600000000000019	2.7272002225395414e-06	1
1614178232	62	10	0	0	0	1.0460003192390912	1.0459999999999998	1.0459999999999998	1.0460003192390916e-06	1
1622590577	39	20	3	0	0	0.75280005088928326	0.75279999999999991	0.8879999999999999	7.5280005088928347e-07	5.5555555555555561e-14
1665289756	14	100	3	0	0	1.6956001383609707	1.6955999999999996	1.8587999999999996	1.6956001383609699e-06	2.7777777777777779e-13
1695067200	80	50	0	0	0	1.893600154518235	1.8935999999999999	1.8935999999999999	1.8936001545182333e-06	1
1696021263	76	20	0	0	0	1.6560001351296105	1.6559999999999995	1.6559999999999995	1.6560001351296109e-06	1
1738395637	19	10	0	0	0	0.6736000455353629	0.67359999999999998	0.67359999999999998	6.7360004553536331e-07	1
1747768852	62	20	0	0	0	1.0460003192390912	1.0459999999999998	1.0459999999999998	1.0460003192390916e-06	1
1753035332	16	1000	0	0	0	2.6876002193081807	2.6876000000000024	2.6204000000000018	2.6876002193081781e-06	1
1772765610	69	10	0	0	0	1.3748001121836886	1.3747999999999996	1.3747999999999996	1.3748001121836888e-06	1
1778816994	0	10	0	0	0	0.50120003087392195	0.50120000000000009	0.50120000000000009	5.0120003087392155e-07	1
1860467519	72	10	0	0	0	1.4164001155782489	1.4163999999999994	1.4163999999999994	1.4164001155782484e-06	1
1928700242	76	20	0	0	0	1.6560001351296105	1.6559999999999995	1.6559999999999995	1.6560001351296109e-06	1
1984178112	58	5	0	0	0	0.45960002831136182	0.45960000000000006	0.45960000000000006	4.5960002831136201e-07	1
1993911757	16	1000	0	0	0	2.6876002193081807	2.6876000000000024	2.6204000000000018	2.6876002193081781e-06	1
2003939336	24	50	3	0	0	1.814400148055052	1.8143999999999998	1.9775999999999998	1.8144001480550521e-06	1.388888888888889e-13
2014655393	57	1	0	0	0	0.25960001547216099	0.25960000000000005	0.25960000000000005	2.5960001547216091e-07	1
2020581151	20	50	2	0	0	1.735200141592331	1.7351999999999994	1.8983999999999994	1.7352001415923322e-06	1.3888888888888889e-12
2057473717	19	10	2	0	0	0.6736000455353629	0.67359999999999998	0.74119999999999997	6.7360004553536331e-07	2.7777777777777779e-13
2062473128	78	20	0	0	0	1.4956001220409694	1.4955999999999994	1.4955999999999994	1.495600122040969e-06	1
2072021689	51	20	1	0	0	0.87960005946096387	0.87959999999999994	0.94719999999999993	8.7960005946096382e-07	5.5555555555555559e-13
2076174667	56	100	0	0	0	2.5688002096140998	2.5688000000000022	2.5016000000000016	2.5688002096141024e-06	1
2105045089	55	20	0	0	0	0.95880006481500879	0.95879999999999987	0.95879999999999987	9.5880006481500923e-07	1
2106948972	75	10	0	0	0	1.4560001188096092	1.4559999999999995	1.4559999999999995	1.456000118809609e-06	1
2120150145	13	10	3	0	0	0.63000004258800302	0.63000000000000012	0.7652000000000001	6.3000004258800259e-07	2.7777777777777781e-14
2131036682	8	100	0	0	0	2.0124006423576515	2.0124000000000004	2.0124000000000004	2.0124006423576516e-06	1
2139289332	13	10	2	0	0	0.63000004258800302	0.63000000000000012	0.69760000000000011	6.3000004258800259e-07	2.7777777777777779e-13
2141475583	54	20	0	0	0	0.91920006213803918	0.9191999999999998	0.9191999999999998	9.1920006213803856e-07	1
2162953140	81	1	2	0	0	0.29920001783232114	0.29920000000000002	0.41839999999999999	2.9920001783232087e-07	2.7777777777777774e-14
2167279559	65	20	0	0	0	1.3312001086259284	1.3311999999999997	1.3311999999999997	1.3312001086259288e-06	1
2186609415	19	20	2	0	0	0.6736000455353629	0.67359999999999998	0.74119999999999997	6.7360004553536331e-07	5.5555555555555559e-13
2186808761	75	10	0	0	0	1.4560001188096092	1.4559999999999995	1.4559999999999995	1.456000118809609e-06	1
2189799687	45	100	0	0	0	2.4896002031513786	2.489600000000002	2.4224000000000014	2.4896002031513778e-06	1
2216688145	10	10	0	0	0	0.58840003977584288	0.58840000000000015	0.58840000000000015	5.884000397758432e-07	1
2217444604	0	10	0	0	0	0.50120003087392195	0.50120000000000009	0.50120000000000009	5.0120003087392155e-07	1
2276275557	60	10	0	0	0	0.99840030471158192	0.99839999999999973	0.99839999999999973	9.9840030471158188e-07	1
2320677365	24	100	2	0	0	1.814400148055052	1.8143999999999998	1.8959999999999999	1.8144001480550521e-06	2.7777777777777777e-12
2354561026	72	20	0	0	0	1.4164001155782489	1.4163999999999994	1.4163999999999994	1.4164001155782484e-06	1
2434569552	14	100	0	0	0	1.6956001383609707	1.6955999999999996	1.6955999999999996	1.6956001383609699e-06	1
2438883829	56	100	1	0	0	2.5688002096140998	2.5688000000000022	2.732000000000002	2.5688002096141024e-06	2.7777777777777777e-12
2448417957	30	1	0	0	0	0.1408000083916805	0.14080000000000001	0.14080000000000001	1.4080000839168057e-07	1
2456544208	1	100	0	0	0	1.9332001577496147	1.9332	1.9332	1.9332001577496132e-06	1
2502055010	79	10	0	0	0	1.5372001254355294	1.5371999999999992	1.5371999999999992	1.5372001254355295e-06	1
2514530357	55	20	1	0	0	0.95880006481500879	0.95879999999999987	1.0264	9.5880006481500923e-07	5.5555555555555559e-13
2549866338	19	10	0	0	0	0.6736000455353629	0.67359999999999998	0.67359999999999998	6.7360004553536331e-07	1
2559567315	38	10	0	0	0	0.38040002343264151	0.38040000000000002	0.38040000000000002	3.8040002343264169e-07	1
2595925993	43	20	0	0	0	0.79640005383664358	0.7964	0.7964	7.9640005383664334e-07	1
2611531613	60	20	0	0	0	0.99840030471158192	0.99839999999999973	0.99839999999999973	9.9840030471158188e-07	1
2612891438	19	20	0	0	0	0.6736000455353629	0.67359999999999998	0.67359999999999998	6.7360004553536331e-07	1
2629453818	19	20	0	0	0	0.6736000455353629	0.67359999999999998	0.67359999999999998	6.7360004553536331e-07	1
2640422012	10	20	0	0	0	0.58840003977584288	0.58840000000000015	0.58840000000000015	5.884000397758432e-07	1
2659037138	79	20	3	0	0	1.5372001254355294	1.5371999999999992	1.7003999999999992	1.5372001254355295e-06	5.5555555555555561e-14
2702015439	19	10	0	0	0	0.6736000455353629	0.67359999999999998	0.67359999999999998	6.7360004553536331e-07	1
2707608392	62	20	0	0	0	1.0460003192390912	1.0459999999999998	1.0459999999999998	1.0460003192390916e-06	1
2743099524	62	10	0	0	0	1.0460003192390912	1.0459999999999998	1.0459999999999998	1.0460003192390916e-06	1
2748791745	42	1000	0	0	0	2.766800225770901	2.7668000000000026	2.699600000000002	2.7668002257709018e-06	1
2765016396	56	100	0	0	0	2.5688002096140998	2.5688000000000022	2.5016000000000016	2.5688002096141024e-06	1
2798171226	41	100	0	0	0	2.4500001999200185	2.450000000000002	2.3828000000000014	2.4500001999200169e-06	1
2843713713	10	20	0	0	0	0.58840003977584288	0.58840000000000015	0.58840000000000015	5.884000397758432e-07	1
2869543100	50	100	0	0	1.1102230246251565e-16	1.8540001512864177	1.8539999999999999	1.8539999999999999	1.8540001520635661e-06	1
2878741354	43	20	2	0	0	0.79640005383664358	0.7964	0.86399999999999999	7.9640005383664334e-07	5.5555555555555559e-13
2905877035	71	1000	0	0	0	2.8856002354660273	2.8856000000000028	2.8184000000000022	2.8856002354660257e-06	1
2912958779	43	10	0	0	0	0.79640005383664358	0.7964	0.7964	7.9640005383664334e-07	1
2915352670	69	10	0	0	0	1.3748001121836886	1.3747999999999996	1.3747999999999996	1.3748001121836888e-06	1
2954702169	72	20	0	0	0	1.4164001155782489	1.4163999999999994	1.4163999999999994	1.4164001155782484e-06	1
2970736283	51	10	0	0	0	0.87960005946096387	0.87959999999999994	0.87959999999999994	8.7960005946096382e-07	1
2978135189	4	100	3	0	0	1.9728006297173493	1.9728000000000001	2.3736000000000006	1.9728006297173501e-06	2.7777777777777779e-13
2993058322	32	10	0	0	0	0.34080002099328133	0.34079999999999999	0.34079999999999999	3.4080002099328113e-07	1
3016213912	30	2	1	0	0	0.1408000083916805	0.14080000000000001	0.20040000000000002	1.4080000839168057e-07	5.5555555555555549e-14
3016729615	80	100	0	0	0	1.893600154518235	1.8935999999999999	1.8935999999999999	1.8936001545182333e-06	1
3039171021	10	10	0	0	0	0.58840003977584288	0.58840000000000015	0.58840000000000015	5.884000397758432e-07	1
3049519286	36	20	0	0	0	1.5768001286668898	1.5767999999999993	1.5767999999999993	1.5768001286668908e-06	1
3053828023	9	1000	0	0	0	2.6480002160768201	2.6480000000000024	2.5808000000000018	2.6480002160768194e-06	1
3056936980	49	10	0	0	0	0.83800005664880362	0.83799999999999986	0.83799999999999986	8.3800005664880326e-07	1
3059155797	62	10	0	0	0	1.0460003192390912	1.0459999999999998	1.0459999999999998	1.0460003192390916e-06	1
3095397336	13	10	0	0	0	0.63000004258800302	0.63000000000000012	0.63000000000000012	6.3000004258800259e-07	1
3099686313	35	100	0	0	0	2.4104001966886579	2.4104000000000019	2.3432000000000013	2.4104001966886565e-06	1
3193939279	0	10	0	0	0	0.50120003087392195	0.50120000000000009	0.50120000000000009	5.0120003087392155e-07	1
3220403745	32	10	0	0	0	0.34080002099328133	0.34079999999999999	0.34079999999999999	3.4080002099328113e-07	1
3282692053	65	20	0	1	0	1.3312001086259284	1.3311999999999997	1.3311999999999997	1.3312001086259288e-06	1
3347906568	12	100	0	0	1.1102230246251565e-16	2.2916001869945868	2.2916000000000007	2.224400000000001	2.2916001877717298e-06	1
3353558889	72	20	2	0	0	1.4164001155782489	1.4163999999999994	1.5795999999999994	1.4164001155782484e-06	5.5555555555555559e-13
3416663317	10	20	1	0	0	0.58840003977584288	0.58840000000000015	0.65600000000000014	5.884000397758432e-07	5.5555555555555559e-13
3421592645	60	20	0	0	0	0.99840030471158192	0.99839999999999973	0.99839999999999973	9.9840030471158188e-07	1
3474826725	79	10	0	0	0	1.5372001254355294	1.5371999999999992	1.5371999999999992	1.5372001254355295e-06	1
3489331704	81	2	0	0	0	0.29920001783232114	0.29920000000000002	0.29920000000000002	2.9920001783232087e-07	1
3540857080	78	10	1	0	0	1.4956001220409694	1.4955999999999994	1.6587999999999994	1.495600122040969e-06	2.7777777777777779e-13
3548405911	68	20	2	0	0	1.6164001318982504	1.6163999999999994	1.7795999999999994	1.6164001318982501e-06	5.5555555555555559e-13
3549086154	17	1	2	0	0	0.10120000603152038	0.10120000000000001	0.1608	1.0120000603152044e-07	2.7777777777777774e-14
3549556211	41	100	0	0	0	2.4500001999200185	2.450000000000002	2.3828000000000014	2.4500001999200169e-06	1
3557166077	38	5	1	0	0	0.38040002343264151	0.38040000000000002	0.442	3.8040002343264169e-07	1.388888888888889e-13
3561748862	12	100	0	0	1.1102230246251565e-16	2.2916001869945868	2.2916000000000007	2.224400000000001	2.2916001877717298e-06	1
3570137836	72	10	3	0	0	1.4164001155782489	1.4163999999999994	1.5795999999999994	1.4164001155782484e-06	2.7777777777777781e-14
3651972604	10	10	0	0	0	0.58840003977584288	0.58840000000000015	0.58840000000000015	5.884000397758432e-07	1
3663942383	58	10	2	0	0	0.45960002831136182	0.45960000000000006	0.52120000000000011	4.5960002831136201e-07	2.7777777777777779e-13
3687933570	69	20	0	0	0	1.3748001121836886	1.3747999999999996	1.3747999999999996	1.3748001121836888e-06	1
3720325065	20	100	0	0	0	1.735200141592331	1.7351999999999994	1.7351999999999994	1.7352001415923322e-06	1
3741171972	49	10	1	0	0	0.83800005664880362	0.83799999999999986	0.97319999999999984	8.3800005664880326e-07	2.7777777777777779e-13
3765183988	49	20	0	0	0	0.83800005664880362	0.83799999999999986	0.83799999999999986	8.3800005664880326e-07	1
3790865052	27	20	0	0	0	0.7132000482123233	0.71320000000000006	0.71320000000000006	7.1320004821232265e-07	1
3796219845	51	10	0	0	0	0.87960005946096387	0.87959999999999994	0.87959999999999994	8.7960005946096382e-07	1
3860245504	41	100	0	0	0	2.4500001999200185	2.450000000000002	2.3828000000000014	2.4500001999200169e-06	1
3876357336	19	20	0	0	0	0.6736000455353629	0.67359999999999998	0.67359999999999998	6.7360004553536331e-07	1
3879792937	20	100	0	0	0	1.735200141592331	1.7351999999999994	1.7351999999999994	1.7352001415923322e-06	1
4032389356	43	20	0	0	0	0.79640005383664358	0.7964	0.7964	7.9640005383664334e-07	1
4048951993	69	20	0	0	0	1.3748001121836886	1.3747999999999996	1.3747999999999996	1.3748001121836888e-06	1
4064557352	5	20	0	0	0	0.5408000333132823	0.54080000000000017	0.54080000000000017	5.4080003331328169e-07	1
4081281717	5	10	0	0	0	0.5408000333132823	0.54080000000000017	0.54080000000000017	5.4080003331328169e-07	1
4097882805	38	5	0	0	0	0.38040002343264151	0.38040000000000002	0.38040000000000002	3.8040002343264169e-07	1
4098173436	82	1000	0	0	0	2.8856002354660273	2.8856000000000028	2.8184000000000022	2.8856002354660257e-06	1
4127559539	57	1	0	0	0	0.25960001547216099	0.25960000000000005	0.25960000000000005	2.5960001547216091e-07	1
4168097558	55	10	0	0	0	0.95880006481500879	0.95879999999999987	0.95879999999999987	9.5880006481500923e-07	1
4196718793	32	10	0	0	0	0.34080002099328133	0.34079999999999999	0.34079999999999999	3.4080002099328113e-07	1
4226550478	69	10	1	0	0	1.3748001121836886	1.3747999999999996	1.5379999999999996	1.3748001121836888e-06	2.7777777777777779e-13
4227599918	48	5	0	0	0	0.42000002587200164	0.42000000000000004	0.42000000000000004	4.2000002587200214e-07	1
4228337598	29	100	1	0	0	2.3708001934572969	2.3708000000000009	2.5340000000000007	2.3708001934572974e-06	2.7777777777777777e-12
4244036289	68	20	0	0	0	1.6164001318982504	1.6163999999999994	1.6163999999999994	1.6164001318982501e-06	1
4257427878	19	10	0	0	0	0.6736000455353629	0.67359999999999998	0.67359999999999998	6.7360004553536331e-07	1
4282658725	69	20	0	0	0	1.3748001121836886	1.3747999999999996	1.3747999999999996	1.3748001121836888e-06	1
4286599749	17	2	0	0	0	0.10120000603152038	0.10120000000000001	0.10120000000000001	1.0120000603152044e-07	1
4289601827	68	20	0	0	0	1.6164001318982504	1.6163999999999994	1.6163999999999994	1.6164001318982501e-06	1
