base_bandwidth_utilization	0.34789239999999999
expected_bandwidth_utilization	0.34789258128850165

rounded_expected_bandwidth_utilization	0.6957848000000002

bandwidth_utilization_p99	0.3478924000000001

[frame_summary]
frame_id	priority	period_ms	deadline_ms	trans_time_ms	expected_retry_count	expected_tx_count	rounded_expected_retry_count	rounded_expected_tx_count	retry_p99	tx_count_p99	expected_wcrt_ms	p_timeout	wcrt_p95_ms
0	10	10	10	0.0436	5.132000333056561e-07	1.0000005132000334	1	2	0	1	0.5132000326395233	1.1102230246251565e-16	0.5132000000000001
2	41	100	100	0.039600000000000003	1.9552001595448385e-06	1.0000019552001596	1	2	0	1	1.9552001595448378	0	1.9552000000000003
3	4	2	2	0.039600000000000003	2.6560001689216117e-07	1.0000002656000169	1	2	0	1	0.26560001689216112	0	0.2656
4	6	5	5	0.041599999999999998	3.468000220564813e-07	1.000000346800022	1	2	0	1	0.34680002205648136	0	0.3468
5	11	10	10	0.0436	5.5680003541248231e-07	1.0000005568000354	1	2	0	1	0.55680003541248235	0	0.55680000000000007
6	12	10	10	0.039600000000000003	5.9640003793104257e-07	1.000000596400038	1	2	0	1	0.59640003793104257	0	0.59640000000000015
7	42	100	100	0.039600000000000003	1.9948006487085293e-06	1.0000019948006487	1	2	0	1	1.9948006487085286	0	1.9948000000000004
8	56	1000	1000	0.039600000000000003	2.798800228382101e-06	1.0000027988002285	1	2	0	1	2.7988002283821012	0	2.7988000000000017
9	13	10	10	0.041599999999999998	6.3800004057680298e-07	1.0000006380000406	1	2	0	1	0.63800004057680249	0	0.63800000000000001
11	43	100	100	0.039600000000000003	2.034400661586429e-06	1.0000020344006615	1	2	0	1	2.0344006615864303	0	2.0344000000000007
12	14	10	10	0.041599999999999998	6.7960004322256296e-07	1.0000006796000431	1	2	0	1	0.67960004322256273	0	0.67959999999999998
14	44	100	100	0.041599999999999998	2.3196001892793772e-06	1.0000023196001893	1	2	0	1	2.3196001892793765	0	2.3196000000000012
15	57	1000	1000	0.039600000000000003	2.8384002316134597e-06	1.0000028384002315	1	2	0	1	2.8384002316134609	0	2.8384000000000018
16	45	100	100	0.039600000000000003	2.3592001925107364e-06	1.0000023592001925	1	2	0	1	2.3592001925107371	0	2.3592000000000013
19	32	20	20	0.041599999999999998	1.5948001301356902e-06	1.0000015948001302	1	2	0	1	1.5948001301356902	0	1.5947999999999998
20	15	10	10	0.041599999999999998	7.2120004586832368e-07	1.0000007212000459	1	2	0	1	0.72120004586832276	0	0.72119999999999984
21	35	50	50	0.039600000000000003	1.7156001399929692e-06	1.00000171560014	1	2	0	1	1.7156001399929715	0	1.7156
22	36	50	50	0.041599999999999998	1.7572001433875323e-06	1.0000017572001434	1	2	0	1	1.7572001433875319	0	1.7572000000000001
24	16	10	10	0.049600000000000005	7.7080005364768372e-07	1.0000007708000536	1	2	0	1	0.77080005364768367	0	0.77079999999999993
26	37	50	50	0.039600000000000003	1.7968001466188929e-06	1.0000017968001467	1	2	0	1	1.7968001466188921	0	1.7968000000000002
29	46	100	100	0.039600000000000003	2.398800195742098e-06	1.0000023988001958	1	2	0	1	2.3988001957420977	0	2.3988000000000014
30	47	100	100	0.039600000000000003	2.4384001989734597e-06	1.0000024384001989	1	2	0	1	2.4384001989734583	0	2.4384000000000015
31	58	1000	1000	0.039600000000000003	2.8780002348455409e-06	1.0000028780002348	1	2	0	1	2.8780002348455405	0	2.8780000000000014
32	33	20	20	0.041599999999999998	1.6364001335302522e-06	1.0000016364001336	1	2	0	1	1.6364001335302509	0	1.6363999999999999
33	59	1000	1000	0.039600000000000003	2.9176002380769212e-06	1.0000029176002381	1	2	0	1	2.9176002380769201	0	2.9176000000000015
34	48	100	100	0.041599999999999998	2.4800002023680185e-06	1.0000024800002023	1	2	0	1	2.4800002023680183	0	2.4800000000000018
36	0	1	1	0.039600000000000003	1.0120000603152044e-07	1.0000001012000059	1	2	0	1	0.10120000603152038	0	0.10120000000000001
37	7	5	5	0.041599999999999998	3.8840002470224139e-07	1.0000003884000248	1	2	0	1	0.38840002470224161	0	0.38840000000000002
38	17	10	10	0.039600000000000003	8.1040005640384402e-07	1.0000008104000564	1	2	0	1	0.81040005640384372	0	0.81039999999999979
40	49	100	100	0.039600000000000003	2.5196002055993785e-06	1.0000025196002056	1	2	0	1	2.5196002055993789	0	2.5196000000000018
41	60	1000	1000	0.039600000000000003	2.9572007274705417e-06	1.0000029572007274	1	2	0	1	2.9572007274705423	0	2.9572000000000016
42	18	10	10	0.041599999999999998	8.5200005929920365e-07	1.0000008520000594	1	2	0	1	0.85200005929920397	0	0.85199999999999976
44	50	100	100	0.039600000000000003	2.5592002088307351e-06	1.0000025592002089	1	2	0	1	2.5592002088307395	0	2.5592000000000019
45	61	1000	1000	0.039600000000000003	2.9968007372121244e-06	1.0000029968007371	1	2	0	1	2.9968007372121237	0	2.9968000000000017
46	1	1	1	0.0436	1.448000092092807e-07	1.0000001448000093	1	2	0	1	0.1448000092092806	0	0.14480000000000001
48	19	10	10	0.039600000000000003	8.9160006205536438e-07	1.000000891600062	1	2	0	1	0.89160006205536413	0	0.89159999999999973
49	20	10	10	0.061600000000000002	9.3520007631241044e-07	1.0000009352000763	1	2	0	1	0.93520007631241031	0	0.9351999999999997
50	51	100	100	0.039600000000000003	2.5988002120620976e-06	1.0000025988002121	1	2	0	1	2.5988002120620992	0	2.598800000000002
51	21	10	10	0.041599999999999998	9.768002402927415e-07	1.0000009768002402	1	2	0	1	0.97680024029274082	0	0.97679999999999967
53	38	50	50	0.039600000000000003	1.836400150627409e-06	1.0000018364001506	1	2	0	1	1.836400149850258	1.1102230246251565e-16	1.8364000000000003
55	62	1000	1000	0.039600000000000003	3.0364007469537085e-06	1.0000030364007471	1	2	0	1	3.0364007469537047	0	3.0364000000000018
56	22	10	10	0.039600000000000003	1.0164002500343334e-06	1.00000101640025	1	2	0	1	1.0164002500343352	0	1.0163999999999997
57	23	10	10	0.041599999999999998	1.2224000997478473e-06	1.0000012224000998	1	2	0	1	1.2224000997478479	0	1.2223999999999997
58	52	100	100	0.041599999999999998	2.640400215456659e-06	1.0000026404002154	1	2	0	1	2.6404002154566597	0	2.6404000000000019
59	24	10	10	0.0436	1.2660001033056068e-06	1.0000012660001032	1	2	0	1	1.2660001033056076	0	1.2659999999999993
60	63	1000	1000	0.039600000000000003	3.2404002644166619e-06	1.0000032404002643	1	2	0	1	3.2404002644166634	0	3.2404000000000015
61	39	50	50	0.039600000000000003	1.8760001530820802e-06	1.000001876000153	1	2	0	1	1.8760001530820789	0	1.8760000000000003
63	2	1	1	0.039600000000000003	1.8440001172784077e-07	1.0000001844000117	1	2	0	1	0.18440001172784079	0	0.18440000000000001
65	8	5	5	0.039600000000000003	4.2800002722080181e-07	1.0000004280000272	1	2	0	1	0.42800002722080183	0	0.42800000000000005
66	25	10	10	0.039600000000000003	1.3056001065369681e-06	1.0000013056001065	1	2	0	1	1.3056001065369682	0	1.3055999999999994
67	26	10	10	0.0436	1.3492001100947285e-06	1.0000013492001101	1	2	0	1	1.3492001100947284	0	1.3491999999999995
68	40	50	50	0.039600000000000003	1.915600156313459e-06	1.0000019156001563	1	2	0	1	1.9156001563134581	0	1.9156000000000004
70	5	2	2	0.039600000000000003	3.0520001941072122e-07	1.0000003052000195	1	2	0	1	0.30520001941072128	0	0.30520000000000003
71	9	5	5	0.041599999999999998	4.6960002986656184e-07	1.00000046960003	1	2	0	1	0.46960002986656191	0	0.46960000000000002
72	27	10	10	0.039600000000000003	1.3888001133260889e-06	1.0000013888001134	1	2	0	1	1.3888001133260888	0	1.3887999999999994
73	34	20	20	0.039600000000000003	1.6760001374277447e-06	1.0000016760001373	1	2	0	1	1.6760001367616133	1.1102230246251565e-16	1.6759999999999999
74	53	100	100	0.039600000000000003	2.6800002186880198e-06	1.0000026800002186	1	2	0	1	2.6800002186880194	0	2.6800000000000019
75	64	1000	1000	0.0436	3.2404002644166615e-06	1.0000032404002643	1	2	0	1	3.2404002644166625	0	3.2404000000000011
76	3	1	1	0.041599999999999998	2.2600001437360126e-07	1.0000002260000145	1	2	0	1	0.2260000143736009	0	0.22599999999999998
78	28	10	10	0.039600000000000003	1.4284001165574484e-06	1.0000014284001166	1	2	0	1	1.4284001165574491	0	1.4283999999999994
80	54	100	100	0.039600000000000003	2.7196002219193793e-06	1.0000027196002219	1	2	0	1	2.7196002219193804	0	2.719600000000002
81	29	10	10	0.041599999999999998	1.4700001206181436e-06	1.0000014700001205	1	2	0	1	1.4700001199520103	1.1102230246251565e-16	1.4699999999999995
82	30	10	10	0.041599999999999998	1.5116001233465711e-06	1.0000015116001233	1	2	0	1	1.5116001233465699	0	1.5115999999999996
83	55	100	100	0.039600000000000003	2.7592002251507406e-06	1.0000027592002252	1	2	0	1	2.7592002251507406	0	2.7592000000000021
84	31	10	10	0.041599999999999998	1.5532001267411302e-06	1.0000015532001267	1	2	0	1	1.5532001267411302	0	1.5531999999999997

[frame_retry_distribution]
frame_id	retry_count	probability
0	0	0.99999948680013162
0	1	5.1319970398632561e-07
0	2	1.6432653476525369e-13
0	3	4.2391658689595049e-20
0	4	9.6711912315342015e-27
0	5	2.0413958630396335e-33
0	6	1.1102230246251565e-16
2	0	0.99999804480191146
2	1	1.9551960176526963e-06
2	2	2.0709429484269813e-12
2	3	2.0816724737095962e-18
2	4	1.4544185874849532e-24
2	5	8.4208330108322184e-31
2	6	2.9087585261997494e-37
3	0	0.99999973440003531
3	1	2.6559991256449446e-07
3	2	5.2163819510047613e-14
3	3	9.2207849542994492e-21
3	4	1.5560610575147046e-27
3	5	2.5674840115618706e-34
4	0	0.99999965320006012
4	1	3.467998576733091e-07
4	2	8.2191561041190837e-14
4	3	1.6704986347396939e-20
4	4	3.1399627916234037e-27
4	5	5.6449700642689969e-34
5	0	0.9999994432001551
5	1	5.567996545613872e-07
5	2	1.9042546974893432e-13
5	3	5.1866415752653078e-20
5	4	1.2384299847381475e-26
5	5	2.7173948691432787e-33
6	0	0.99999940360017792
6	1	5.9639960637613014e-07
6	2	2.1577736386344332e-13
6	3	6.1596525207196267e-20
6	4	1.5304123697169193e-26
6	5	3.4745687993405286e-33
7	0	0.99999800520198956
7	1	1.9947953720693691e-06
7	2	2.6383161438123487e-12
7	3	2.2907441694836899e-18
7	4	1.5716895327762552e-24
7	5	9.1454177239848022e-31
7	6	3.4339445202646939e-37
8	0	0.99999720120391677
8	1	2.7987919383480928e-06
8	2	4.1450105224606583e-12
8	3	4.3211005523618665e-18
8	4	4.2699187435823426e-24
8	5	3.1680231598722065e-30
8	6	1.7522312981543905e-36
9	0	0.99999936200020345
9	1	6.379995523793574e-07
9	2	2.4409861321567021e-13
9	3	7.3041309916670767e-20
9	4	1.8892426194946035e-26
9	5	4.4408964057565954e-33
11	0	0.99999796560206944
11	1	2.0343951996354225e-06
11	2	2.7309718931432809e-12
11	3	2.4067054578064842e-18
11	4	1.6748552076461322e-24
11	5	9.8772149248841683e-31
11	6	3.7931462898185826e-37
12	0	0.99999932040023098
12	1	6.7959949492146797e-07
12	2	2.7415041881535321e-13
12	3	8.5810317033334231e-20
12	4	2.3071846389152029e-26
12	5	5.6091558882902202e-33
14	0	0.99999768040269033
14	1	2.3195944301831689e-06
14	2	2.8795442906585699e-12
14	3	2.5423320498113432e-18
14	4	1.7904831108198275e-24
14	5	1.0699252450062597e-30
14	6	4.1823594387287875e-37
15	0	0.99999716160402841
15	1	2.8383917118841016e-06
15	2	4.2598579335912501e-12
15	3	4.4970149564731917e-18
15	4	4.4881734990574935e-24
15	5	3.3646476660746716e-30
15	6	1.8866695532537614e-36
16	0	0.99999764080278297
16	1	2.3591942416716683e-06
16	2	2.9754155348023957e-12
16	3	2.6662099083803677e-18
16	4	1.9040411768307243e-24
16	5	1.152774988231022e-30
16	6	4.6256592633998341e-37
19	0	0.99999840520127159
19	1	1.5947973264795206e-06
19	2	1.4018267355864308e-12
19	3	8.9949961020699363e-19
19	4	4.7120716420163067e-25
19	5	2.1383290519640545e-31
20	0	0.99999927880026007
20	1	7.2119943400246279e-07
20	2	3.0593278044651963e-13
20	3	9.9975537622268316e-20
20	4	2.7903547951426171e-26
20	5	7.0092351721106677e-33
21	0	0.99999828440147165
21	1	1.7155969167264485e-06
21	2	1.6116316120636812e-12
21	3	1.0988877282877204e-18
21	4	6.0865475118097746e-25
21	5	4.3902168452157623e-31
21	6	6.0921648328150472e-38
22	0	0.99999824280154392
22	1	1.7571967688636113e-06
22	2	1.6872601997824042e-12
22	3	1.1738084214998567e-18
22	4	6.6229578098324928e-25
22	5	4.8316866461647083e-31
22	6	6.7560877014999729e-38
24	0	0.99999922920029705
24	1	7.7079935221995219e-07
24	2	3.5071368085040541e-13
24	3	1.2327856859092126e-19
24	4	3.7094095263334737e-26
24	5	1.6162251655416213e-32
26	0	0.99999820320161426
26	1	1.7967966248940508e-06
26	2	1.7608605487099461e-12
26	3	1.2482133126143511e-18
26	4	1.0206373185062296e-24
26	5	5.9023362684256717e-31
26	6	7.5105037129473288e-38
29	0	0.99999760120287717
29	1	2.3987940500238609e-06
29	2	3.0728549273355923e-12
29	3	2.7940432734654476e-18
29	4	2.0229109056651448e-24
29	5	1.2406733867886501e-30
29	6	5.6455783580483745e-37
30	0	0.99999756160297304
30	1	2.438393855239746e-06
30	2	3.1718624680718757e-12
30	3	2.9258942435660421e-18
30	4	2.1472552319545999e-24
30	5	1.3338475946512656e-30
30	6	6.1735757149409547e-37
31	0	0.99999712200414148
31	1	2.8779914822838065e-06
31	2	4.376272771397537e-12
31	3	5.3970955051451791e-18
31	4	4.8324979878294207e-24
31	5	3.5909702189720122e-30
31	6	2.0681767328395968e-36
32	0	0.99999836360133898
32	1	1.6363971886672162e-06
32	2	1.472430070212462e-12
32	3	9.6517784317506933e-19
32	4	5.1559123360774817e-25
32	5	2.3821599671243706e-31
33	0	0.99999708240425633
33	1	2.917591249547205e-06
33	2	4.4942564552153062e-12
33	3	5.601882442965192e-18
33	4	5.0705774502705518e-24
33	5	3.8077236979445316e-30
33	6	2.2209605686213533e-36
34	0	0.99999752000307518
34	1	2.4799936472401388e-06
34	2	3.277559336743717e-12
34	3	3.0687994546571966e-18
34	4	2.2839570639954532e-24
34	5	1.4376658462645146e-30
34	6	6.7854934802327561e-37
36	0	0.99999989880000517
36	1	1.0119998372704138e-07
36	2	1.1152237542046581e-14
36	3	1.3223462964096524e-21
36	4	1.651475624726784e-28
36	5	2.1417129426682251e-35
37	0	0.99999961160007544
37	1	3.8839982444323948e-07
37	2	1.0012946837323274e-13
37	3	2.1716249651277863e-20
37	4	4.298285954130758e-27
37	5	8.0593585613083236e-34
38	0	0.99999918960032841
38	1	8.1039928684831393e-07
38	2	3.8477755461506122e-13
38	3	1.4030287464590418e-19
38	4	4.3584491452678959e-26
38	5	1.9325804716239419e-32
40	0	0.99999748040317427
40	1	2.5195934460250058e-06
40	2	3.3797823727076916e-12
40	3	3.2090827595086922e-18
40	4	2.4200470482873629e-24
40	5	1.5423965844783164e-30
40	6	7.4300983308830828e-37
41	0	0.99999704280437252
41	1	2.9571905275121321e-06
41	2	5.0999703675898264e-12
41	3	5.8913916829723346e-18
41	4	5.3308972674120135e-24
41	5	4.0372034386802549e-30
41	6	2.3829197208498205e-36
42	0	0.99999914800036305
42	1	8.519992147971613e-07
42	2	4.2225078146481805e-13
42	3	1.5979192710281047e-19
42	4	7.7546983291044756e-26
42	5	2.7140269134208116e-32
44	0	0.99999744080327491
44	1	2.5591932416735618e-06
44	2	3.4835735563064419e-12
44	3	3.3535731011011837e-18
44	4	2.5621238553315788e-24
44	5	1.6531375551750629e-30
44	6	8.0895544652512721e-37
45	0	0.99999700320449048
45	1	2.9967902819927193e-06
45	2	5.227600541335882e-12
45	3	6.107485008601316e-18
45	4	5.5867118675309152e-24
45	5	4.2750164315460577e-30
45	6	2.6101951610532755e-36
46	0	0.99999985520001056
46	1	1.4479996982368326e-07
46	2	1.9692794643559139e-14
46	3	2.7180727091479822e-21
46	4	3.8382101062288904e-28
46	5	5.535547183156377e-35
48	0	0.99999910840039752
48	1	8.9159914299449199e-07
48	2	4.5953016631606089e-13
48	3	1.7993656419208947e-19
48	4	8.9081412647657997e-26
48	5	3.1815690555935271e-32
49	0	0.99999906480043732
49	1	9.3519904908912322e-07
49	2	5.136111914113775e-13
49	3	3.014661278713319e-19
49	4	1.2775555993673381e-25
49	5	4.6432202935776385e-32
50	0	0.99999740120337688
50	1	2.5987930341858157e-06
50	2	3.5889328873536821e-12
50	3	3.502332577894261e-18
50	4	2.7103603803255364e-24
50	5	1.7701435650090616e-30
50	6	8.7962995718864476e-37
51	0	0.99999902320047707
51	1	9.7679880556969056e-07
51	2	7.1736098427372283e-13
51	3	3.6078495601570504e-19
51	4	1.4949500137373665e-25
51	5	5.4631400864246776e-32
53	0	0.99999816360168614
53	1	1.8363964777881785e-06
53	2	1.8360290486726466e-12
53	3	1.3256920702301623e-18
53	4	1.0970510614449352e-24
53	5	6.4257628051061322e-31
53	6	8.2857228851212595e-38
53	7	1.1102230246251565e-16
55	0	0.99999696360460988
55	1	3.0363900333370027e-06
55	2	5.3567988596983422e-12
55	3	6.3287914902571573e-18
55	4	5.851617382897979e-24
55	5	4.5238987580889316e-30
55	6	2.7935587819701938e-36
56	0	0.99999898360051653
56	1	1.0163987168974478e-06
56	2	7.6656784973211748e-13
56	3	3.9537505206492394e-19
56	4	1.6764251372682682e-25
56	5	6.2553493016003087e-32
57	0	0.99999877760074718
57	1	1.2223984059914385e-06
57	2	8.4687754656565961e-13
57	3	4.3857118099722584e-19
57	4	1.8922889215031913e-25
57	5	7.1979385464729933e-32
58	0	0.9999973596034859
58	1	2.6403928128409829e-06
58	2	3.7013023430142123e-12
58	3	3.6632711669174693e-18
58	4	2.8729098935839119e-24
58	5	1.9000933058524363e-30
58	6	1.2017129969659274e-36
59	0	0.9999987340008013
59	1	1.2659982939395479e-06
59	2	9.0468230702712271e-13
59	3	4.8161028342263256e-19
59	4	2.1299935049557927e-25
59	5	8.2846397753863211e-32
60	0	0.99999675960525025
60	1	3.2403892354090804e-06
60	2	5.5144939508364582e-12
60	3	6.5599611933861066e-18
60	4	6.1266363973479701e-24
60	5	4.7843792160036922e-30
60	6	2.9874644671287473e-36
61	0	0.99999812400175969
61	1	1.8759963275459964e-06
61	2	1.9127652335345456e-12
61	3	1.8722560798991601e-18
61	4	1.2723939213585927e-24
61	5	7.1705748177485277e-31
61	6	2.3571152690931794e-37
63	0	0.99999981560001705
63	1	1.843999542688057e-07
63	2	2.8729511047882949e-14
63	3	4.326484606036004e-21
63	4	6.4915639701997696e-28
63	5	9.7898946238215741e-35
65	0	0.99999957200009171
65	1	4.2799978959525177e-07
65	2	1.1881273403515187e-13
65	3	2.7314475151130926e-20
65	4	5.666948754867518e-27
65	5	1.1046318405793978e-33
66	0	0.99999869440085232
66	1	1.3055981888729357e-06
66	2	9.5883123166765428e-13
66	3	5.2305304787392643e-19
66	4	2.3646052755530406e-25
66	5	9.3813653357050025e-32
67	0	0.9999986508009101
67	1	1.3491980695660207e-06
67	2	1.0202634969523224e-12
67	3	5.7134841113657404e-19
67	4	2.6446939282947319e-25
67	5	1.0719614984675644e-31
68	0	0.9999980844018348
68	1	1.9155961741675018e-06
68	2	1.9910700159336287e-12
68	3	1.9751433379363828e-18
68	4	1.3611430877688584e-24
68	5	7.7756998045298742e-31
68	6	2.6211303765715156e-37
70	0	0.99999969480004669
70	1	3.0519988744226075e-07
70	2	6.5984211468420827e-14
70	3	1.2514007659717328e-20
70	4	2.2284667677091136e-27
70	5	3.8363024223711617e-34
71	0	0.99999953040011025
71	1	4.6959974960934673e-07
71	2	1.4012855637125267e-13
71	3	3.4134274780384133e-20
71	4	7.4256116201219011e-27
71	5	1.5058072367075089e-33
72	0	0.99999861120096445
72	1	1.3887979579099809e-06
72	2	1.0777071273972417e-12
72	3	6.1770227019541412e-19
72	4	2.9199272104841151e-25
72	5	1.2063038780019985e-31
73	0	0.99999832400140443
73	1	1.6759970542649886e-06
73	2	1.5412467653363412e-12
73	3	1.0305907112127932e-18
73	4	5.6067915836697018e-25
73	5	2.6344066802590104e-31
73	6	1.1102230246251565e-16
74	0	0.99999732000359121
74	1	2.6799925989222213e-06
74	2	3.8098771677418475e-12
74	3	3.8209787422517079e-18
74	4	3.0343280716551238e-24
74	5	2.0307727830878779e-30
74	6	1.3063189018424058e-36
75	0	0.99999675960525014
75	1	3.24038923540908e-06
75	2	5.5144939508364542e-12
75	3	6.5599611933860865e-18
75	4	6.1266363973479488e-24
75	5	4.7843792274118851e-30
75	6	2.9673857782309999e-36
76	0	0.9999997740000256
76	1	2.259999345504098e-07
76	2	3.9911585903225424e-14
76	3	6.5435349793207339e-21
76	4	1.0440131886586128e-27
76	5	1.6493871182887522e-34
78	0	0.99999857160102024
78	1	1.4283978431176273e-06
78	2	1.1367189107967422e-12
78	3	6.6648990583082158e-19
78	4	3.2160346178448235e-25
78	5	1.3537454895680979e-31
80	0	0.99999728040369817
80	1	2.7195923818671512e-06
80	2	3.9200201393496616e-12
80	3	3.983144884390471e-18
80	4	3.2024480512353314e-24
80	5	2.695021247326867e-30
80	6	1.506819557997625e-36
81	0	0.99999853000108041
81	1	1.4699977191497696e-06
81	2	1.2004000395050541e-12
81	3	7.2043082940415542e-19
81	4	3.5507038581330628e-25
81	5	1.5237640205011508e-31
81	6	1.1102230246251565e-16
82	0	0.99999848840114247
82	1	1.5115975917207995e-06
82	2	1.2658117200167568e-12
82	3	7.771980941174036e-19
82	4	3.9107618006278768e-25
82	5	1.710400677767537e-31
83	0	0.99999724080380681
83	1	2.7591921616757756e-06
83	2	4.0317312576513655e-12
83	3	4.1498316917535564e-18
83	4	3.3774537122740448e-24
83	5	2.8689289711042414e-30
83	6	1.6257396420875547e-36
84	0	0.99999844680120631
84	1	1.5531974608307154e-06
84	2	1.3329539521158722e-12
84	3	8.3686369078439807e-19
84	4	4.2974579207456146e-25
84	5	1.9148418703295902e-31

[frame_retry_cdf]
frame_id	retry_count	cumulative_probability
0	0	0.99999948680013162
0	1	0.99999999999983558
0	2	0.99999999999999989
0	3	0.99999999999999989
0	4	0.99999999999999989
0	5	0.99999999999999989
0	6	1
2	0	0.99999804480191146
2	1	0.9999999999979291
2	2	1
2	3	1
2	4	1
2	5	1
2	6	1
3	0	0.99999973440003531
3	1	0.99999999999994793
3	2	1
3	3	1
3	4	1
3	5	1
4	0	0.99999965320006012
4	1	0.99999999999991784
4	2	1
4	3	1
4	4	1
4	5	1
5	0	0.9999994432001551
5	1	0.99999999999980971
5	2	1
5	3	1
5	4	1
5	5	1
6	0	0.99999940360017792
6	1	0.99999999999978428
6	2	1
6	3	1
6	4	1
6	5	1
7	0	0.99999800520198956
7	1	0.99999999999736167
7	2	1
7	3	1
7	4	1
7	5	1
7	6	1
8	0	0.99999720120391677
8	1	0.99999999999585509
8	2	1
8	3	1
8	4	1
8	5	1
8	6	1
9	0	0.99999936200020345
9	1	0.99999999999975586
9	2	1
9	3	1
9	4	1
9	5	1
11	0	0.99999796560206944
11	1	0.99999999999726907
11	2	1
11	3	1
11	4	1
11	5	1
11	6	1
12	0	0.99999932040023098
12	1	0.99999999999972589
12	2	1
12	3	1
12	4	1
12	5	1
14	0	0.99999768040269033
14	1	0.99999999999712053
14	2	1
14	3	1
14	4	1
14	5	1
14	6	1
15	0	0.99999716160402841
15	1	0.9999999999957403
15	2	1
15	3	1
15	4	1
15	5	1
15	6	1
16	0	0.99999764080278297
16	1	0.9999999999970246
16	2	1
16	3	1
16	4	1
16	5	1
16	6	1
19	0	0.99999840520127159
19	1	0.99999999999859812
19	2	1
19	3	1
19	4	1
19	5	1
20	0	0.99999927880026007
20	1	0.99999999999969402
20	2	1
20	3	1
20	4	1
20	5	1
21	0	0.99999828440147165
21	1	0.9999999999983884
21	2	1
21	3	1
21	4	1
21	5	1
21	6	1
22	0	0.99999824280154392
22	1	0.99999999999831279
22	2	1
22	3	1
22	4	1
22	5	1
22	6	1
24	0	0.99999922920029705
24	1	0.99999999999964928
24	2	1
24	3	1
24	4	1
24	5	1
26	0	0.99999820320161426
26	1	0.99999999999823919
26	2	1
26	3	1
26	4	1
26	5	1
26	6	1
29	0	0.99999760120287717
29	1	0.99999999999692724
29	2	1
29	3	1
29	4	1
29	5	1
29	6	1
30	0	0.99999756160297304
30	1	0.99999999999682831
30	2	1
30	3	1
30	4	1
30	5	1
30	6	1
31	0	0.99999712200414148
31	1	0.99999999999562372
31	2	1
31	3	1
31	4	1
31	5	1
31	6	1
32	0	0.99999836360133898
32	1	0.99999999999852762
32	2	1
32	3	1
32	4	1
32	5	1
33	0	0.99999708240425633
33	1	0.99999999999550593
33	2	1
33	3	1
33	4	1
33	5	1
33	6	1
34	0	0.99999752000307518
34	1	0.9999999999967224
34	2	1
34	3	1
34	4	1
34	5	1
34	6	1
36	0	0.99999989880000517
36	1	0.9999999999999889
36	2	1
36	3	1
36	4	1
36	5	1
37	0	0.99999961160007544
37	1	0.99999999999989986
37	2	1
37	3	1
37	4	1
37	5	1
38	0	0.99999918960032841
38	1	0.99999999999961531
38	2	1
38	3	1
38	4	1
38	5	1
40	0	0.99999748040317427
40	1	0.99999999999662026
40	2	1
40	3	1
40	4	1
40	5	1
40	6	1
41	0	0.99999704280437252
41	1	0.99999999999490008
41	2	1
41	3	1
41	4	1
41	5	1
41	6	1
42	0	0.99999914800036305
42	1	0.99999999999957789
42	2	1
42	3	1
42	4	1
42	5	1
44	0	0.99999744080327491
44	1	0.99999999999651656
44	2	1
44	3	1
44	4	1
44	5	1
44	6	1
45	0	0.99999700320449048
45	1	0.99999999999477251
45	2	1
45	3	1
45	4	1
45	5	1
45	6	1
46	0	0.99999985520001056
46	1	0.99999999999998035
46	2	1
46	3	1
46	4	1
46	5	1
48	0	0.99999910840039752
48	1	0.99999999999954048
48	2	1
48	3	1
48	4	1
48	5	1
49	0	0.99999906480043732
49	1	0.99999999999948641
49	2	1
49	3	1
49	4	1
49	5	1
50	0	0.99999740120337688
50	1	0.99999999999641109
50	2	1
50	3	1
50	4	1
50	5	1
50	6	1
51	0	0.99999902320047707
51	1	0.99999999999928268
51	2	1
51	3	1
51	4	1
51	5	1
53	0	0.99999816360168614
53	1	0.99999999999816391
53	2	0.99999999999999989
53	3	0.99999999999999989
53	4	0.99999999999999989
53	5	0.99999999999999989
53	6	0.99999999999999989
53	7	1
55	0	0.99999696360460988
55	1	0.99999999999464317
55	2	1
55	3	1
55	4	1
55	5	1
55	6	1
56	0	0.99999898360051653
56	1	0.99999999999923339
56	2	1
56	3	1
56	4	1
56	5	1
57	0	0.99999877760074718
57	1	0.99999999999915312
57	2	1
57	3	1
57	4	1
57	5	1
58	0	0.9999973596034859
58	1	0.99999999999629874
58	2	1
58	3	1
58	4	1
58	5	1
58	6	1
59	0	0.9999987340008013
59	1	0.99999999999909528
59	2	1
59	3	1
59	4	1
59	5	1
60	0	0.99999675960525025
60	1	0.99999999999448563
60	2	1
60	3	1
60	4	1
60	5	1
60	6	1
61	0	0.99999812400175969
61	1	0.9999999999980872
61	2	1
61	3	1
61	4	1
61	5	1
61	6	1
63	0	0.99999981560001705
63	1	0.99999999999997136
63	2	1
63	3	1
63	4	1
63	5	1
65	0	0.99999957200009171
65	1	0.99999999999988132
65	2	1
65	3	1
65	4	1
65	5	1
66	0	0.99999869440085232
66	1	0.99999999999904121
66	2	1
66	3	1
66	4	1
66	5	1
67	0	0.9999986508009101
67	1	0.99999999999897971
67	2	1
67	3	1
67	4	1
67	5	1
68	0	0.9999980844018348
68	1	0.99999999999800893
68	2	1
68	3	1
68	4	1
68	5	1
68	6	1
70	0	0.99999969480004669
70	1	0.99999999999993416
70	2	1
70	3	1
70	4	1
70	5	1
71	0	0.99999953040011025
71	1	0.99999999999985989
71	2	1
71	3	1
71	4	1
71	5	1
72	0	0.99999861120096445
72	1	0.99999999999892231
72	2	1
72	3	1
72	4	1
72	5	1
73	0	0.99999832400140443
73	1	0.99999999999845868
73	2	0.99999999999999989
73	3	0.99999999999999989
73	4	0.99999999999999989
73	5	0.99999999999999989
73	6	1
74	0	0.99999732000359121
74	1	0.99999999999619016
74	2	1
74	3	1
74	4	1
74	5	1
74	6	1
75	0	0.99999675960525014
75	1	0.99999999999448552
75	2	1
75	3	1
75	4	1
75	5	1
75	6	1
76	0	0.9999997740000256
76	1	0.99999999999996014
76	2	1
76	3	1
76	4	1
76	5	1
78	0	0.99999857160102024
78	1	0.99999999999886335
78	2	1
78	3	1
78	4	1
78	5	1
80	0	0.99999728040369817
80	1	0.99999999999608002
80	2	1
80	3	1
80	4	1
80	5	1
80	6	1
81	0	0.99999853000108041
81	1	0.99999999999879952
81	2	0.99999999999999989
81	3	0.99999999999999989
81	4	0.99999999999999989
81	5	0.99999999999999989
81	6	1
82	0	0.99999848840114247
82	1	0.99999999999873423
82	2	1
82	3	1
82	4	1
82	5	1
83	0	0.99999724080380681
83	1	0.99999999999596845
83	2	1
83	3	1
83	4	1
83	5	1
83	6	1
84	0	0.99999844680120631
84	1	0.99999999999866718
84	2	1
84	3	1
84	4	1
84	5	1

[frame_wcrt_distribution]
frame_id	response_time_ms	probability
0	0.5132000000000001	0.99999948680013162
0	0.57680000000000009	5.1319970398632561e-07
0	0.64040000000000008	1.6432653476525369e-13
0	0.70400000000000018	4.2391658689595049e-20
0	0.76760000000000006	9.6711912315342015e-27
0	0.83120000000000016	2.0413958630396335e-33
0	10.063599999999999	1.1102230246251565e-16
2	1.9552000000000003	0.99999804480191146
2	2.0368000000000004	1.9551960176526963e-06
2	2.1988000000000008	8.1151147711214807e-40
2	2.362000000000001	2.0709429484269813e-12
2	2.3632000000000004	1.9825656929117074e-32
2	2.4436000000000009	2.0816724737095962e-18
2	2.4448000000000003	4.005725795854422e-38
2	2.5252000000000008	1.4544185874849532e-24
2	2.6068000000000007	8.2225764334259322e-31
2	2.6884000000000006	2.5081859466143075e-37
3	0.2656	0.99999973440003531
3	0.32919999999999999	2.6559991256449446e-07
3	0.39280000000000004	5.2163819510047613e-14
3	0.45640000000000003	9.2207849542994492e-21
3	0.52000000000000002	1.5560610575147046e-27
3	0.58360000000000001	2.5674840115618706e-34
4	0.3468	0.99999965320006012
4	0.41039999999999999	3.467998576733091e-07
4	0.47399999999999998	8.2191561041190837e-14
4	0.53760000000000008	1.6704986347396939e-20
4	0.60119999999999996	3.1399627916234037e-27
4	0.66480000000000006	5.6449700642689969e-34
5	0.55680000000000007	0.9999994432001551
5	0.62040000000000006	5.567996545613872e-07
5	0.68400000000000005	1.9042546974893432e-13
5	0.74760000000000004	5.1866415752653078e-20
5	0.81120000000000014	1.2384299847381475e-26
5	0.87480000000000002	2.7173948691432787e-33
6	0.59640000000000015	0.99999940360017792
6	0.66000000000000014	5.9639960637613014e-07
6	0.72360000000000013	2.1577736386344332e-13
6	0.78720000000000012	6.1596525207196267e-20
6	0.85080000000000022	1.5304123697169193e-26
6	0.9144000000000001	3.4745687993405286e-33
7	1.9948000000000004	0.99999800520198956
7	2.2384000000000008	8.1151147711214807e-40
7	2.3200000000000007	1.9947953720693691e-06
7	2.4016000000000011	2.6383161438123487e-12
7	2.4028000000000005	2.1256402476526722e-32
7	2.483200000000001	2.2907441694836899e-18
7	2.4844000000000004	4.5808832454557623e-38
7	2.5648000000000009	1.5716895327762552e-24
7	2.6464000000000008	8.9328536911044195e-31
7	2.7280000000000006	2.975856195719118e-37
8	2.7988000000000017	0.99999720120391677
8	2.8804000000000021	2.7987919383480928e-06
8	2.9620000000000024	4.1450105224606583e-12
8	3.2068000000000021	1.5359619977612361e-31
8	3.2080000000000015	4.3211005523618665e-18
8	3.288400000000002	2.3464100150156401e-37
8	3.2896000000000014	4.2699187435823426e-24
8	3.3712000000000013	3.0144269592845721e-30
8	3.4528000000000016	1.5175902966528269e-36
9	0.63800000000000001	0.99999936200020345
9	0.7016	6.379995523793574e-07
9	0.76519999999999999	2.4409861321567021e-13
9	0.82879999999999998	7.3041309916670767e-20
9	0.89240000000000008	1.8892426194946035e-26
9	0.95599999999999996	4.4408964057565954e-33
11	2.0344000000000007	0.99999796560206944
11	2.2780000000000009	8.1151147711214807e-40
11	2.3596000000000008	2.0343951996354225e-06
11	2.4412000000000011	2.7309718931432809e-12
11	2.4424000000000006	2.3087757389426862e-32
11	2.522800000000001	2.4067054578064842e-18
11	2.5240000000000009	5.2232731060262967e-38
11	2.6044000000000009	1.6748552076461322e-24
11	2.6860000000000008	9.6463373428747873e-31
11	2.7676000000000007	3.2708189792159524e-37
12	0.67959999999999998	0.99999932040023098
12	0.74319999999999997	6.7959949492146797e-07
12	0.80679999999999996	2.7415041881535321e-13
12	0.87040000000000006	8.5810317033334231e-20
12	0.93399999999999994	2.3071846389152029e-26
12	0.99760000000000004	5.6091558882902202e-33
14	2.3196000000000012	0.99999768040269033
14	2.4012000000000007	2.3195944301831689e-06
14	2.482800000000001	2.8795442906585699e-12
14	2.4840000000000004	2.5144584354913814e-32
14	2.5644000000000009	2.5423320498113432e-18
14	2.5656000000000008	5.9390408518087487e-38
14	2.6460000000000008	1.7904831108198275e-24
14	2.7276000000000007	1.0447806596131353e-30
14	2.8092000000000006	3.5884553535479128e-37
15	2.8384000000000018	0.99999716160402841
15	2.9200000000000021	2.8383917118841016e-06
15	3.0016000000000025	4.2598579335912501e-12
15	3.2464000000000022	1.6059664065978555e-31
15	3.2476000000000016	4.4970149564731917e-18
15	3.3280000000000021	2.5937369622756132e-37
15	3.3292000000000015	4.4881734990574935e-24
15	3.4108000000000014	3.2040510246033745e-30
15	3.4924000000000017	1.6272958570262002e-36
16	2.3592000000000013	0.99999764080278297
16	2.4408000000000007	2.3591942416716683e-06
16	2.5224000000000011	2.9754155348023957e-12
16	2.523600000000001	2.6042734017301926e-32
16	2.604000000000001	2.6662099083803677e-18
16	2.6052000000000008	6.7771763598622206e-38
16	2.6856000000000009	1.9040411768307243e-24
16	2.7672000000000008	1.126732253402209e-30
16	2.8488000000000007	3.9479416274136105e-37
19	1.5947999999999998	0.99999840520127159
19	1.6763999999999997	1.5947973264795206e-06
19	1.7579999999999998	1.4018267355864308e-12
19	1.8384000000000005	1.0382104335251053e-39
19	1.8395999999999999	8.9949961020699363e-19
19	1.9211999999999998	4.7120716420163067e-25
19	2.0027999999999997	2.1383290415819502e-31
20	0.72119999999999984	0.99999927880026007
20	0.78479999999999983	7.2119943400246279e-07
20	0.84839999999999982	3.0593278044651963e-13
20	0.91199999999999992	9.9975537622268316e-20
20	0.9755999999999998	2.7903547951426171e-26
20	1.0391999999999999	7.0092351721106677e-33
21	1.7156	0.99999828440147165
21	1.7972000000000001	1.7155969167264485e-06
21	1.8788	1.6116316120636812e-12
21	1.9592000000000005	8.1151147711214807e-40
21	1.9603999999999999	1.0988877282877204e-18
21	2.1236000000000002	1.3714626211734381e-31
21	2.2856000000000001	6.0865475118097746e-25
21	2.3672	3.0187542159272099e-31
21	2.4488000000000003	6.0921648328150472e-38
22	1.7572000000000001	0.99999824280154392
22	1.8388	1.7571967688636113e-06
22	1.9204000000000001	1.6872601997824042e-12
22	2.0008000000000008	1.0382104335251053e-39
22	2.0020000000000002	1.1738084214998567e-18
22	2.1652	1.52665046406272e-31
22	2.3272000000000004	6.6229578098324928e-25
22	2.4088000000000003	3.3050361717198841e-31
22	2.4904000000000002	6.7560877014999729e-38
24	0.77079999999999993	0.99999922920029705
24	0.84039999999999992	7.7079935221995219e-07
24	0.90999999999999992	3.5071368085040541e-13
24	0.97960000000000003	1.2327856859092126e-19
24	1.1188	4.3315071836929326e-33
24	1.2136000000000002	3.7094095263334737e-26
24	1.2832000000000001	1.1830744471723277e-32
26	1.7968000000000002	0.99999820320161426
26	1.8784000000000001	1.7967966248940508e-06
26	1.9600000000000002	1.7608605487099461e-12
26	2.0404000000000009	8.1151147711214807e-40
26	2.2048000000000001	1.0701826157077987e-31
26	2.2852000000000006	1.2482133126143511e-18
26	2.3668000000000005	1.0206373185062296e-24
26	2.4484000000000004	4.832153644602758e-31
26	2.5300000000000002	7.5105037129473288e-38
29	2.3988000000000014	0.99999760120287717
29	2.4804000000000008	2.3987940500238609e-06
29	2.5620000000000012	3.0728549273355923e-12
29	2.6436000000000011	2.7940432734654476e-18
29	2.6448000000000009	7.6643858923206832e-38
29	2.725200000000001	2.0229109056651448e-24
29	2.8068000000000008	1.2406733859771387e-30
29	2.8884000000000007	4.8791397688163064e-37
30	2.4384000000000015	0.99999756160297304
30	2.5200000000000009	2.438393855239746e-06
30	2.6016000000000012	3.1718624680718757e-12
30	2.6832000000000011	2.9258942435660421e-18
30	2.6844000000000019	8.6463420887499791e-38
30	2.764800000000001	2.1472552319545999e-24
30	2.8464000000000009	1.333847593839754e-30
30	2.9280000000000008	5.3089415060659563e-37
31	2.8780000000000014	0.99999712200414148
31	2.9596000000000013	2.8779914822838065e-06
31	3.2056000000000013	4.376272771397537e-12
31	3.2860000000000014	7.3976075618722508e-32
31	3.2872000000000012	5.3970955051451791e-18
31	3.3676000000000013	2.8624174445716932e-37
31	3.3688000000000011	4.8324979878294207e-24
31	3.450400000000001	3.5169941425417784e-30
31	3.5320000000000009	1.7819349883824274e-36
32	1.6363999999999999	0.99999836360133898
32	1.718	1.6363971886672162e-06
32	1.7995999999999999	1.472430070212462e-12
32	1.8800000000000003	1.0382104335251053e-39
32	1.8811999999999998	9.6517784317506933e-19
32	1.9627999999999999	5.1559123360774817e-25
32	2.0444	2.3821599567422663e-31
33	2.9176000000000015	0.99999708240425633
33	2.9992000000000014	2.917591249547205e-06
33	3.2452000000000014	4.4942564552153062e-12
33	3.3256000000000014	7.8419848822958183e-32
33	3.3268000000000013	5.601882442965192e-18
33	3.4072000000000013	3.1539015547327621e-37
33	3.4084000000000012	5.0705774502705518e-24
33	3.4900000000000011	3.729303848310062e-30
33	3.571600000000001	1.9055704131480774e-36
34	2.4800000000000018	0.99999752000307518
34	2.5616000000000008	2.4799936472401388e-06
34	2.6432000000000011	3.277559336743717e-12
34	2.724800000000001	3.0687994546571966e-18
34	2.8064000000000009	2.2839570639954532e-24
34	2.8880000000000008	1.4376658452263042e-30
34	2.9696000000000007	6.7854934802327561e-37
36	0.10120000000000001	0.99999989880000517
36	0.1608	1.0119998372704138e-07
36	0.22040000000000001	1.1152237542046581e-14
36	0.28000000000000003	1.3223462964096524e-21
36	0.33960000000000001	1.651475624726784e-28
36	0.3992	2.1417129426682251e-35
37	0.38840000000000002	0.99999961160007544
37	0.45200000000000001	3.8839982444323948e-07
37	0.51560000000000006	1.0012946837323274e-13
37	0.57920000000000005	2.1716249651277863e-20
37	0.64280000000000004	4.298285954130758e-27
37	0.70640000000000003	8.0593585613083236e-34
38	0.81039999999999979	0.99999918960032841
38	0.87999999999999978	8.1039928684831393e-07
38	0.94959999999999978	3.8477755461506122e-13
38	1.0191999999999999	1.4030287464590418e-19
38	1.1583999999999999	5.2669929196055452e-33
38	1.2532000000000001	4.3584491452678959e-26
38	1.3228000000000002	1.405881179663388e-32
40	2.5196000000000018	0.99999748040317427
40	2.6012000000000008	2.5195934460250058e-06
40	2.6828000000000012	3.3797823727076916e-12
40	2.7644000000000011	3.2090827595086922e-18
40	2.846000000000001	2.4200470482873629e-24
40	2.9276000000000009	1.5423965836668049e-30
40	3.0092000000000008	7.4300983308830828e-37
41	2.9572000000000016	0.99999704280437252
41	3.2032000000000012	2.9571905275121321e-06
41	3.2848000000000015	5.0999703675898264e-12
41	3.3652000000000015	7.7014178298016387e-32
41	3.3664000000000014	5.8913916829723346e-18
41	3.4468000000000014	3.4697120199639627e-37
41	3.4480000000000013	5.3308972674120135e-24
41	3.5296000000000012	3.9601892595707272e-30
41	3.6112000000000011	2.0359485188534245e-36
42	0.85199999999999976	0.99999914800036305
42	0.92159999999999975	8.519992147971613e-07
42	0.99119999999999975	4.2225078146481805e-13
42	1.1999999999999997	4.2294288337761969e-33
42	1.2252000000000003	1.5979192710281047e-19
42	1.2948000000000002	7.7546983291044756e-26
42	1.3644000000000003	2.2910840300431924e-32
44	2.5592000000000019	0.99999744080327491
44	2.6408000000000009	2.5591932416735618e-06
44	2.7224000000000013	3.4835735563064419e-12
44	2.8040000000000012	3.3535731011011837e-18
44	2.8856000000000011	2.5621238553315788e-24
44	2.9672000000000009	1.6531375543635514e-30
44	3.0488000000000008	8.0895544652512721e-37
45	2.9968000000000017	0.99999700320449048
45	3.2428000000000012	2.9967902819927193e-06
45	3.3244000000000016	5.227600541335882e-12
45	3.4048000000000016	8.1780343871178762e-32
45	3.4060000000000015	6.107485008601316e-18
45	3.4864000000000015	3.8114465878647019e-37
45	3.4876000000000014	5.5867118675309152e-24
45	3.5692000000000013	4.1932360868633666e-30
45	3.6508000000000012	2.2290505022668053e-36
46	0.14480000000000001	0.99999985520001056
46	0.20840000000000003	1.4479996982368326e-07
46	0.27200000000000002	1.9692794643559139e-14
46	0.33560000000000001	2.7180727091479822e-21
46	0.3992	3.8382101062288904e-28
46	0.46279999999999999	5.535547183156377e-35
48	0.89159999999999973	0.99999910840039752
48	0.96119999999999972	8.9159914299449199e-07
48	1.0307999999999997	4.5953016631606089e-13
48	1.2395999999999998	5.2281758170634094e-33
48	1.2648000000000001	1.7993656419208947e-19
48	1.3344	8.9081412647657997e-26
48	1.4040000000000001	2.6587514738871854e-32
49	0.9351999999999997	0.99999906480043732
49	1.0167999999999997	9.3519904908912322e-07
49	1.2628000000000001	5.136111914113775e-13
49	1.3431999999999997	6.3784871672885413e-33
49	1.3444000000000003	3.014661278713319e-19
49	1.4260000000000002	1.2775555993673381e-25
49	1.5076000000000001	4.0053715768487846e-32
50	2.598800000000002	0.99999740120337688
50	2.6804000000000019	2.5987930341858157e-06
50	2.7620000000000022	3.5889328873536821e-12
50	2.8436000000000021	3.502332577894261e-18
50	2.925200000000002	2.7103603803255364e-24
50	3.0068000000000019	1.7701435641975501e-30
50	3.0884000000000018	8.7962995718864476e-37
51	0.97679999999999967	0.99999902320047707
51	1.2227999999999999	9.7679880556969056e-07
51	1.3043999999999998	7.1736098427372283e-13
51	1.3847999999999998	5.9612988753375996e-33
51	1.3859999999999997	3.6078495601570504e-19
51	1.4675999999999998	1.4949500137373665e-25
51	1.5491999999999999	4.8670101988909152e-32
53	1.8364000000000003	0.99999816360168614
53	1.9180000000000001	1.8363964777881785e-06
53	1.9996000000000003	1.8360290486726466e-12
53	2.080000000000001	8.1151147711214807e-40
53	2.2444000000000002	1.1988558394760466e-31
53	2.3248000000000006	1.3256920702301623e-18
53	2.4064000000000005	1.0970510614449352e-24
53	2.4880000000000004	5.2269069575149703e-31
53	2.5696000000000003	8.2857228851212595e-38
53	50.081600000000002	1.1102230246251565e-16
55	3.0364000000000018	0.99999696360460988
55	3.2824000000000013	3.0363900333370027e-06
55	3.3640000000000017	5.3567988596983422e-12
55	3.4444000000000017	8.6764765320198717e-32
55	3.4456000000000016	6.3287914902571573e-18
55	3.5260000000000016	4.1807804510093086e-37
55	3.5272000000000014	5.851617382897979e-24
55	3.6088000000000013	4.4371339919572211e-30
55	3.6904000000000012	2.3754807368692627e-36
56	1.0163999999999997	0.99999898360051653
56	1.2624	1.0163987168974478e-06
56	1.3439999999999999	7.6656784973211748e-13
56	1.4243999999999999	7.4104846970783701e-33
56	1.4255999999999998	3.9537505206492394e-19
56	1.5071999999999999	1.6764251372682682e-25
56	1.5888	5.5143008318924732e-32
57	1.2223999999999997	0.99999877760074718
57	1.3039999999999998	1.2223984059914385e-06
57	1.3855999999999997	8.4687754656565961e-13
57	1.4659999999999997	1.0382104335251053e-39
57	1.4671999999999996	4.3857118099722584e-19
57	1.5487999999999997	1.8922889215031913e-25
57	1.6303999999999998	7.1979384426519506e-32
58	2.6404000000000019	0.9999973596034859
58	2.7220000000000018	2.6403928128409829e-06
58	2.8036000000000021	3.7013023430142123e-12
58	2.885200000000002	3.6632711669174693e-18
58	2.9668000000000019	2.8729098935839119e-24
58	3.0484000000000018	4.0121483012424863e-31
58	3.1300000000000017	4.9365712982513024e-37
58	3.212800000000001	1.4988784746899779e-30
58	3.2944000000000013	7.0805586714079743e-37
59	1.2659999999999993	0.9999987340008013
59	1.3475999999999995	1.2659982939395479e-06
59	1.4291999999999994	9.0468230702712271e-13
59	1.5095999999999994	1.312959050936332e-39
59	1.5107999999999993	4.8161028342263256e-19
59	1.5923999999999994	2.1299935049557927e-25
59	1.6739999999999995	8.2846396440904178e-32
60	3.0760000000000018	8.1151147711214807e-40
60	3.2404000000000015	0.99999675960525025
60	3.3220000000000014	3.2403892354090804e-06
60	3.4036000000000017	5.5144939508364582e-12
60	3.4840000000000018	9.1879794845184144e-32
60	3.4852000000000016	6.5599611933861066e-18
60	3.5656000000000017	4.5794687100892499e-37
60	3.5668000000000015	6.1266363973479701e-24
60	3.6484000000000014	4.6924994203469966e-30
60	3.7300000000000013	2.5295175961198225e-36
61	1.8760000000000003	0.99999812400175969
61	1.9576000000000002	1.8759963275459964e-06
61	2.119600000000001	8.1151147711214807e-40
61	2.2828000000000008	1.9127652335345456e-12
61	2.2840000000000003	1.6687474829614789e-32
61	2.3644000000000007	1.8722560798991601e-18
61	2.3656000000000006	3.034480834338401e-38
61	2.4460000000000006	1.2723939213585927e-24
61	2.5276000000000005	7.0037000613372651e-31
61	2.6092000000000004	2.0536671856593395e-37
63	0.18440000000000001	0.99999981560001705
63	0.248	1.843999542688057e-07
63	0.31159999999999999	2.8729511047882949e-14
63	0.37520000000000003	4.326484606036004e-21
63	0.43880000000000002	6.4915639701997696e-28
63	0.50239999999999996	9.7898946238215741e-35
65	0.42800000000000005	0.99999957200009171
65	0.49160000000000004	4.2799978959525177e-07
65	0.55520000000000003	1.1881273403515187e-13
65	0.61880000000000002	2.7314475151130926e-20
65	0.68240000000000012	5.666948754867518e-27
65	0.746	1.1046318405793978e-33
66	1.3055999999999994	0.99999869440085232
66	1.3871999999999995	1.3055981888729357e-06
66	1.4687999999999994	9.5883123166765428e-13
66	1.5491999999999999	8.1151147711214807e-40
66	1.5503999999999993	5.2305304787392643e-19
66	1.6319999999999995	2.3646052755530406e-25
66	1.7135999999999996	9.3813652545538553e-32
67	1.3491999999999995	0.9999986508009101
67	1.4307999999999996	1.3491980695660207e-06
67	1.5123999999999995	1.0202634969523224e-12
67	1.5928	1.312959050936332e-39
67	1.5939999999999994	5.7134841113657404e-19
67	1.6755999999999995	2.6446939282947319e-25
67	1.7571999999999997	1.0719614853379739e-31
68	1.9156000000000004	0.9999980844018348
68	1.9972000000000003	1.9155961741675018e-06
68	2.1592000000000011	8.1151147711214807e-40
68	2.3224000000000009	1.9910700159336287e-12
68	2.3236000000000003	1.8205377917594439e-32
68	2.4040000000000008	1.9751433379363828e-18
68	2.4052000000000007	3.4920496501808867e-38
68	2.4856000000000007	1.3611430877688584e-24
68	2.5672000000000006	7.5936460172388156e-31
68	2.6488000000000005	2.2719254115534267e-37
70	0.30520000000000003	0.99999969480004669
70	0.36880000000000002	3.0519988744226075e-07
70	0.43240000000000001	6.5984211468420827e-14
70	0.49600000000000005	1.2514007659717328e-20
70	0.5596000000000001	2.2284667677091136e-27
70	0.62319999999999998	3.8363024223711617e-34
71	0.46960000000000002	0.99999953040011025
71	0.53320000000000001	4.6959974960934673e-07
71	0.5968	1.4012855637125267e-13
71	0.6604000000000001	3.4134274780384133e-20
71	0.72399999999999998	7.4256116201219011e-27
71	0.78760000000000008	1.5058072367075089e-33
72	1.3887999999999994	0.99999861120096445
72	1.4703999999999993	1.3887979579099809e-06
72	1.5519999999999994	1.0777071273972417e-12
72	1.6324000000000001	8.1151147711214807e-40
72	1.6335999999999995	6.1770227019541412e-19
72	1.7151999999999994	2.9199272104841151e-25
72	1.7967999999999993	1.2063038698868838e-31
73	1.6759999999999999	0.99999832400140443
73	1.7576000000000001	1.6759970542649886e-06
73	1.8391999999999999	1.5412467653363412e-12
73	1.9196000000000004	8.1151147711214807e-40
73	1.9207999999999998	1.0305907112127932e-18
73	2.0023999999999997	5.6067915836697018e-25
73	2.0840000000000001	2.6344066721438957e-31
73	20.081600000000002	1.1102230246251565e-16
74	2.6800000000000019	0.99999732000359121
74	2.7616000000000018	2.6799925989222213e-06
74	2.8432000000000022	3.8098771677418475e-12
74	2.9248000000000021	3.8209787422517079e-18
74	3.006400000000002	3.0343280716551238e-24
74	3.0880000000000019	4.1365689964033408e-31
74	3.1696000000000017	5.3694865851744146e-37
74	3.2524000000000015	1.6171158826360303e-30
74	3.3340000000000014	7.6937024332496453e-37
75	3.0760000000000014	1.312959050936332e-39
75	3.2404000000000011	0.99999675960525014
75	3.322000000000001	3.24038923540908e-06
75	3.4036000000000008	5.5144939508364542e-12
75	3.4840000000000018	1.008946771731483e-31
75	3.4852000000000012	6.5599611933860865e-18
75	3.5656000000000017	4.5378122103629401e-37
75	3.5668000000000011	6.1266363973479488e-24
75	3.648400000000001	4.6834845489257781e-30
75	3.7300000000000013	2.5136045571947059e-36
76	0.22599999999999998	0.9999997740000256
76	0.28959999999999997	2.259999345504098e-07
76	0.35319999999999996	3.9911585903225424e-14
76	0.4168	6.5435349793207339e-21
76	0.48039999999999999	1.0440131886586128e-27
76	0.54400000000000004	1.6493871182887522e-34
78	1.4283999999999994	0.99999857160102024
78	1.5099999999999993	1.4283978431176273e-06
78	1.5915999999999995	1.1367189107967422e-12
78	1.6720000000000002	8.1151147711214807e-40
78	1.6731999999999996	6.6648990583082158e-19
78	1.7547999999999995	3.2160346178448235e-25
78	1.8363999999999994	1.3537454814529832e-31
80	2.719600000000002	0.99999728040369817
80	2.8012000000000019	2.7195923818671512e-06
80	2.8828000000000022	3.9200201393496616e-12
80	2.9644000000000021	3.983144884390471e-18
80	3.1276000000000019	1.6786807174950491e-31
80	3.2092000000000018	2.8166438818927219e-37
80	3.2104000000000017	3.2024480512353314e-24
80	3.2920000000000016	2.5271531747658501e-30
80	3.3736000000000015	1.2251551698083529e-36
81	1.4699999999999995	0.99999853000108041
81	1.5515999999999996	1.4699977191497696e-06
81	1.6331999999999995	1.2004000395050541e-12
81	1.7136	1.0382104335251053e-39
81	1.7147999999999994	7.2043082940415542e-19
81	1.7963999999999996	3.5507038581330628e-25
81	1.8779999999999997	1.5237640101190463e-31
81	10.0816	1.1102230246251565e-16
82	1.5115999999999996	0.99999848840114247
82	1.5931999999999995	1.5115975917207995e-06
82	1.6747999999999996	1.2658117200167568e-12
82	1.7552000000000003	1.0382104335251053e-39
82	1.7563999999999997	7.771980941174036e-19
82	1.8379999999999996	3.9107618006278768e-25
82	1.9195999999999995	1.7104006673854327e-31
83	2.7592000000000021	0.99999724080380681
83	2.840800000000002	2.7591921616757756e-06
83	2.9224000000000023	4.0317312576513655e-12
83	3.0040000000000022	4.1498316917535564e-18
83	3.167200000000002	1.7525781540931865e-31
83	3.2488000000000019	3.0735540639074674e-37
83	3.2500000000000018	3.3774537122740448e-24
83	3.3316000000000017	2.6936711548834112e-30
83	3.4132000000000016	1.3183842356968079e-36
84	1.5531999999999997	0.99999844680120631
84	1.6347999999999998	1.5531974608307154e-06
84	1.7163999999999997	1.3329539521158722e-12
84	1.7968000000000002	1.0382104335251053e-39
84	1.7979999999999996	8.3686369078439807e-19
84	1.8795999999999997	4.2974579207456146e-25
84	1.9611999999999998	1.914841859947486e-31

[frame_wcrt_cdf]
frame_id	response_time_ms	cumulative_probability
0	0.5132000000000001	0.99999948680013162
0	0.57680000000000009	0.99999999999983558
0	0.64040000000000008	0.99999999999999989
0	0.70400000000000018	0.99999999999999989
0	0.76760000000000006	0.99999999999999989
0	0.83120000000000016	0.99999999999999989
0	10.063599999999999	1
2	1.9552000000000003	0.99999804480191146
2	2.0368000000000004	0.9999999999979291
2	2.1988000000000008	0.9999999999979291
2	2.362000000000001	1
2	2.3632000000000004	1
2	2.4436000000000009	1
2	2.4448000000000003	1
2	2.5252000000000008	1
2	2.6068000000000007	1
2	2.6884000000000006	1
3	0.2656	0.99999973440003531
3	0.32919999999999999	0.99999999999994793
3	0.39280000000000004	1
3	0.45640000000000003	1
3	0.52000000000000002	1
3	0.58360000000000001	1
4	0.3468	0.99999965320006012
4	0.41039999999999999	0.99999999999991784
4	0.47399999999999998	1
4	0.53760000000000008	1
4	0.60119999999999996	1
4	0.66480000000000006	1
5	0.55680000000000007	0.9999994432001551
5	0.62040000000000006	0.99999999999980971
5	0.68400000000000005	1
5	0.74760000000000004	1
5	0.81120000000000014	1
5	0.87480000000000002	1
6	0.59640000000000015	0.99999940360017792
6	0.66000000000000014	0.99999999999978428
6	0.72360000000000013	1
6	0.78720000000000012	1
6	0.85080000000000022	1
6	0.9144000000000001	1
7	1.9948000000000004	0.99999800520198956
7	2.2384000000000008	0.99999800520198956
7	2.3200000000000007	0.99999999999736167
7	2.4016000000000011	1
7	2.4028000000000005	1
7	2.483200000000001	1
7	2.4844000000000004	1
7	2.5648000000000009	1
7	2.6464000000000008	1
7	2.7280000000000006	1
8	2.7988000000000017	0.99999720120391677
8	2.8804000000000021	0.99999999999585509
8	2.9620000000000024	1
8	3.2068000000000021	1
8	3.2080000000000015	1
8	3.288400000000002	1
8	3.2896000000000014	1
8	3.3712000000000013	1
8	3.4528000000000016	1
9	0.63800000000000001	0.99999936200020345
9	0.7016	0.99999999999975586
9	0.76519999999999999	1
9	0.82879999999999998	1
9	0.89240000000000008	1
9	0.95599999999999996	1
11	2.0344000000000007	0.99999796560206944
11	2.2780000000000009	0.99999796560206944
11	2.3596000000000008	0.99999999999726907
11	2.4412000000000011	1
11	2.4424000000000006	1
11	2.522800000000001	1
11	2.5240000000000009	1
11	2.6044000000000009	1
11	2.6860000000000008	1
11	2.7676000000000007	1
12	0.67959999999999998	0.99999932040023098
12	0.74319999999999997	0.99999999999972589
12	0.80679999999999996	1
12	0.87040000000000006	1
12	0.93399999999999994	1
12	0.99760000000000004	1
14	2.3196000000000012	0.99999768040269033
14	2.4012000000000007	0.99999999999712053
14	2.482800000000001	1
14	2.4840000000000004	1
14	2.5644000000000009	1
14	2.5656000000000008	1
14	2.6460000000000008	1
14	2.7276000000000007	1
14	2.8092000000000006	1
15	2.8384000000000018	0.99999716160402841
15	2.9200000000000021	0.9999999999957403
15	3.0016000000000025	1
15	3.2464000000000022	1
15	3.2476000000000016	1
15	3.3280000000000021	1
15	3.3292000000000015	1
15	3.4108000000000014	1
15	3.4924000000000017	1
16	2.3592000000000013	0.99999764080278297
16	2.4408000000000007	0.9999999999970246
16	2.5224000000000011	1
16	2.523600000000001	1
16	2.604000000000001	1
16	2.6052000000000008	1
16	2.6856000000000009	1
16	2.7672000000000008	1
16	2.8488000000000007	1
19	1.5947999999999998	0.99999840520127159
19	1.6763999999999997	0.99999999999859812
19	1.7579999999999998	1
19	1.8384000000000005	1
19	1.8395999999999999	1
19	1.9211999999999998	1
19	2.0027999999999997	1
20	0.72119999999999984	0.99999927880026007
20	0.78479999999999983	0.99999999999969402
20	0.84839999999999982	1
20	0.91199999999999992	1
20	0.9755999999999998	1
20	1.0391999999999999	1
21	1.7156	0.99999828440147165
21	1.7972000000000001	0.9999999999983884
21	1.8788	1
21	1.9592000000000005	1
21	1.9603999999999999	1
21	2.1236000000000002	1
21	2.2856000000000001	1
21	2.3672	1
21	2.4488000000000003	1
22	1.7572000000000001	0.99999824280154392
22	1.8388	0.99999999999831279
22	1.9204000000000001	1
22	2.0008000000000008	1
22	2.0020000000000002	1
22	2.1652	1
22	2.3272000000000004	1
22	2.4088000000000003	1
22	2.4904000000000002	1
24	0.77079999999999993	0.99999922920029705
24	0.84039999999999992	0.99999999999964928
24	0.90999999999999992	1
24	0.97960000000000003	1
24	1.1188	1
24	1.2136000000000002	1
24	1.2832000000000001	1
26	1.7968000000000002	0.99999820320161426
26	1.8784000000000001	0.99999999999823919
26	1.9600000000000002	1
26	2.0404000000000009	1
26	2.2048000000000001	1
26	2.2852000000000006	1
26	2.3668000000000005	1
26	2.4484000000000004	1
26	2.5300000000000002	1
29	2.3988000000000014	0.99999760120287717
29	2.4804000000000008	0.99999999999692724
29	2.5620000000000012	1
29	2.6436000000000011	1
29	2.6448000000000009	1
29	2.725200000000001	1
29	2.8068000000000008	1
29	2.8884000000000007	1
30	2.4384000000000015	0.99999756160297304
30	2.5200000000000009	0.99999999999682831
30	2.6016000000000012	1
30	2.6832000000000011	1
30	2.6844000000000019	1
30	2.764800000000001	1
30	2.8464000000000009	1
30	2.9280000000000008	1
31	2.8780000000000014	0.99999712200414148
31	2.9596000000000013	0.99999999999562372
31	3.2056000000000013	1
31	3.2860000000000014	1
31	3.2872000000000012	1
31	3.3676000000000013	1
31	3.3688000000000011	1
31	3.450400000000001	1
31	3.5320000000000009	1
32	1.6363999999999999	0.99999836360133898
32	1.718	0.99999999999852762
32	1.7995999999999999	1
32	1.8800000000000003	1
32	1.8811999999999998	1
32	1.9627999999999999	1
32	2.0444	1
33	2.9176000000000015	0.99999708240425633
33	2.9992000000000014	0.99999999999550593
33	3.2452000000000014	1
33	3.3256000000000014	1
33	3.3268000000000013	1
33	3.4072000000000013	1
33	3.4084000000000012	1
33	3.4900000000000011	1
33	3.571600000000001	1
34	2.4800000000000018	0.99999752000307518
34	2.5616000000000008	0.9999999999967224
34	2.6432000000000011	1
34	2.724800000000001	1
34	2.8064000000000009	1
34	2.8880000000000008	1
34	2.9696000000000007	1
36	0.10120000000000001	0.99999989880000517
36	0.1608	0.9999999999999889
36	0.22040000000000001	1
36	0.28000000000000003	1
36	0.33960000000000001	1
36	0.3992	1
37	0.38840000000000002	0.99999961160007544
37	0.45200000000000001	0.99999999999989986
37	0.51560000000000006	1
37	0.57920000000000005	1
37	0.64280000000000004	1
37	0.70640000000000003	1
38	0.81039999999999979	0.99999918960032841
38	0.87999999999999978	0.99999999999961531
38	0.94959999999999978	1
38	1.0191999999999999	1
38	1.1583999999999999	1
38	1.2532000000000001	1
38	1.3228000000000002	1
40	2.5196000000000018	0.99999748040317427
40	2.6012000000000008	0.99999999999662026
40	2.6828000000000012	1
40	2.7644000000000011	1
40	2.846000000000001	1
40	2.9276000000000009	1
40	3.0092000000000008	1
41	2.9572000000000016	0.99999704280437252
41	3.2032000000000012	0.99999999999490008
41	3.2848000000000015	1
41	3.3652000000000015	1
41	3.3664000000000014	1
41	3.4468000000000014	1
41	3.4480000000000013	1
41	3.5296000000000012	1
41	3.6112000000000011	1
42	0.85199999999999976	0.99999914800036305
42	0.92159999999999975	0.99999999999957789
42	0.99119999999999975	1
42	1.1999999999999997	1
42	1.2252000000000003	1
42	1.2948000000000002	1
42	1.3644000000000003	1
44	2.5592000000000019	0.99999744080327491
44	2.6408000000000009	0.99999999999651656
44	2.7224000000000013	1
44	2.8040000000000012	1
44	2.8856000000000011	1
44	2.9672000000000009	1
44	3.0488000000000008	1
45	2.9968000000000017	0.99999700320449048
45	3.2428000000000012	0.99999999999477251
45	3.3244000000000016	1
45	3.4048000000000016	1
45	3.4060000000000015	1
45	3.4864000000000015	1
45	3.4876000000000014	1
45	3.5692000000000013	1
45	3.6508000000000012	1
46	0.14480000000000001	0.99999985520001056
46	0.20840000000000003	0.99999999999998035
46	0.27200000000000002	1
46	0.33560000000000001	1
46	0.3992	1
46	0.46279999999999999	1
48	0.89159999999999973	0.99999910840039752
48	0.96119999999999972	0.99999999999954048
48	1.0307999999999997	1
48	1.2395999999999998	1
48	1.2648000000000001	1
48	1.3344	1
48	1.4040000000000001	1
49	0.9351999999999997	0.99999906480043732
49	1.0167999999999997	0.99999999999948641
49	1.2628000000000001	1
49	1.3431999999999997	1
49	1.3444000000000003	1
49	1.4260000000000002	1
49	1.5076000000000001	1
50	2.598800000000002	0.99999740120337688
50	2.6804000000000019	0.99999999999641109
50	2.7620000000000022	1
50	2.8436000000000021	1
50	2.925200000000002	1
50	3.0068000000000019	1
50	3.0884000000000018	1
51	0.97679999999999967	0.99999902320047707
51	1.2227999999999999	0.99999999999928268
51	1.3043999999999998	1
51	1.3847999999999998	1
51	1.3859999999999997	1
51	1.4675999999999998	1
51	1.5491999999999999	1
53	1.8364000000000003	0.99999816360168614
53	1.9180000000000001	0.99999999999816391
53	1.9996000000000003	0.99999999999999989
53	2.080000000000001	0.99999999999999989
53	2.2444000000000002	0.99999999999999989
53	2.3248000000000006	0.99999999999999989
53	2.4064000000000005	0.99999999999999989
53	2.4880000000000004	0.99999999999999989
53	2.5696000000000003	0.99999999999999989
53	50.081600000000002	1
55	3.0364000000000018	0.99999696360460988
55	3.2824000000000013	0.99999999999464317
55	3.3640000000000017	1
55	3.4444000000000017	1
55	3.4456000000000016	1
55	3.5260000000000016	1
55	3.5272000000000014	1
55	3.6088000000000013	1
55	3.6904000000000012	1
56	1.0163999999999997	0.99999898360051653
56	1.2624	0.99999999999923339
56	1.3439999999999999	1
56	1.4243999999999999	1
56	1.4255999999999998	1
56	1.5071999999999999	1
56	1.5888	1
57	1.2223999999999997	0.99999877760074718
57	1.3039999999999998	0.99999999999915312
57	1.3855999999999997	1
57	1.4659999999999997	1
57	1.4671999999999996	1
57	1.5487999999999997	1
57	1.6303999999999998	1
58	2.6404000000000019	0.9999973596034859
58	2.7220000000000018	0.99999999999629874
58	2.8036000000000021	1
58	2.885200000000002	1
58	2.9668000000000019	1
58	3.0484000000000018	1
58	3.1300000000000017	1
58	3.212800000000001	1
58	3.2944000000000013	1
59	1.2659999999999993	0.9999987340008013
59	1.3475999999999995	0.99999999999909528
59	1.4291999999999994	1
59	1.5095999999999994	1
59	1.5107999999999993	1
59	1.5923999999999994	1
59	1.6739999999999995	1
60	3.0760000000000018	8.1151147711214807e-40
60	3.2404000000000015	0.99999675960525025
60	3.3220000000000014	0.99999999999448563
60	3.4036000000000017	1
60	3.4840000000000018	1
60	3.4852000000000016	1
60	3.5656000000000017	1
60	3.5668000000000015	1
60	3.6484000000000014	1
60	3.7300000000000013	1
61	1.8760000000000003	0.99999812400175969
61	1.9576000000000002	0.9999999999980872
61	2.119600000000001	0.9999999999980872
61	2.2828000000000008	1
61	2.2840000000000003	1
61	2.3644000000000007	1
61	2.3656000000000006	1
61	2.4460000000000006	1
61	2.5276000000000005	1
61	2.6092000000000004	1
63	0.18440000000000001	0.99999981560001705
63	0.248	0.99999999999997136
63	0.31159999999999999	1
63	0.37520000000000003	1
63	0.43880000000000002	1
63	0.50239999999999996	1
65	0.42800000000000005	0.99999957200009171
65	0.49160000000000004	0.99999999999988132
65	0.55520000000000003	1
65	0.61880000000000002	1
65	0.68240000000000012	1
65	0.746	1
66	1.3055999999999994	0.99999869440085232
66	1.3871999999999995	0.99999999999904121
66	1.4687999999999994	1
66	1.5491999999999999	1
66	1.5503999999999993	1
66	1.6319999999999995	1
66	1.7135999999999996	1
67	1.3491999999999995	0.9999986508009101
67	1.4307999999999996	0.99999999999897971
67	1.5123999999999995	1
67	1.5928	1
67	1.5939999999999994	1
67	1.6755999999999995	1
67	1.7571999999999997	1
68	1.9156000000000004	0.9999980844018348
68	1.9972000000000003	0.99999999999800893
68	2.1592000000000011	0.99999999999800893
68	2.3224000000000009	1
68	2.3236000000000003	1
68	2.4040000000000008	1
68	2.4052000000000007	1
68	2.4856000000000007	1
68	2.5672000000000006	1
68	2.6488000000000005	1
70	0.30520000000000003	0.99999969480004669
70	0.36880000000000002	0.99999999999993416
70	0.43240000000000001	1
70	0.49600000000000005	1
70	0.5596000000000001	1
70	0.62319999999999998	1
71	0.46960000000000002	0.99999953040011025
71	0.53320000000000001	0.99999999999985989
71	0.5968	1
71	0.6604000000000001	1
71	0.72399999999999998	1
71	0.78760000000000008	1
72	1.3887999999999994	0.99999861120096445
72	1.4703999999999993	0.99999999999892231
72	1.5519999999999994	1
72	1.6324000000000001	1
72	1.6335999999999995	1
72	1.7151999999999994	1
72	1.7967999999999993	1
73	1.6759999999999999	0.99999832400140443
73	1.7576000000000001	0.99999999999845868
73	1.8391999999999999	0.99999999999999989
73	1.9196000000000004	0.99999999999999989
73	1.9207999999999998	0.99999999999999989
73	2.0023999999999997	0.99999999999999989
73	2.0840000000000001	0.99999999999999989
73	20.081600000000002	1
74	2.6800000000000019	0.99999732000359121
74	2.7616000000000018	0.99999999999619016
74	2.8432000000000022	1
74	2.9248000000000021	1
74	3.006400000000002	1
74	3.0880000000000019	1
74	3.1696000000000017	1
74	3.2524000000000015	1
74	3.3340000000000014	1
75	3.0760000000000014	1.312959050936332e-39
75	3.2404000000000011	0.99999675960525014
75	3.322000000000001	0.99999999999448552
75	3.4036000000000008	1
75	3.4840000000000018	1
75	3.4852000000000012	1
75	3.5656000000000017	1
75	3.5668000000000011	1
75	3.648400000000001	1
75	3.7300000000000013	1
76	0.22599999999999998	0.9999997740000256
76	0.28959999999999997	0.99999999999996014
76	0.35319999999999996	1
76	0.4168	1
76	0.48039999999999999	1
76	0.54400000000000004	1
78	1.4283999999999994	0.99999857160102024
78	1.5099999999999993	0.99999999999886335
78	1.5915999999999995	1
78	1.6720000000000002	1
78	1.6731999999999996	1
78	1.7547999999999995	1
78	1.8363999999999994	1
80	2.719600000000002	0.99999728040369817
80	2.8012000000000019	0.99999999999608002
80	2.8828000000000022	1
80	2.9644000000000021	1
80	3.1276000000000019	1
80	3.2092000000000018	1
80	3.2104000000000017	1
80	3.2920000000000016	1
80	3.3736000000000015	1
81	1.4699999999999995	0.99999853000108041
81	1.5515999999999996	0.99999999999879952
81	1.6331999999999995	0.99999999999999989
81	1.7136	0.99999999999999989
81	1.7147999999999994	0.99999999999999989
81	1.7963999999999996	0.99999999999999989
81	1.8779999999999997	0.99999999999999989
81	10.0816	1
82	1.5115999999999996	0.99999848840114247
82	1.5931999999999995	0.99999999999873423
82	1.6747999999999996	1
82	1.7552000000000003	1
82	1.7563999999999997	1
82	1.8379999999999996	1
82	1.9195999999999995	1
83	2.7592000000000021	0.99999724080380681
83	2.840800000000002	0.99999999999596845
83	2.9224000000000023	1
83	3.0040000000000022	1
83	3.167200000000002	1
83	3.2488000000000019	1
83	3.2500000000000018	1
83	3.3316000000000017	1
83	3.4132000000000016	1
84	1.5531999999999997	0.99999844680120631
84	1.6347999999999998	0.99999999999866718
84	1.7163999999999997	1
84	1.7968000000000002	1
84	1.7979999999999996	1
84	1.8795999999999997	1
84	1.9611999999999998	1

[frame_distribution_quantiles]
frame_id	retry_q50	retry_q90	retry_q95	retry_q99	wcrt_q50_ms	wcrt_q90_ms	wcrt_q95_ms	wcrt_q99_ms
0	0	0	0	0	0.5132000000000001	0.5132000000000001	0.5132000000000001	0.5132000000000001
2	0	0	0	0	1.9552000000000003	1.9552000000000003	1.9552000000000003	1.9552000000000003
3	0	0	0	0	0.2656	0.2656	0.2656	0.2656
4	0	0	0	0	0.3468	0.3468	0.3468	0.3468
5	0	0	0	0	0.55680000000000007	0.55680000000000007	0.55680000000000007	0.55680000000000007
6	0	0	0	0	0.59640000000000015	0.59640000000000015	0.59640000000000015	0.59640000000000015
7	0	0	0	0	1.9948000000000004	1.9948000000000004	1.9948000000000004	1.9948000000000004
8	0	0	0	0	2.7988000000000017	2.7988000000000017	2.7988000000000017	2.7988000000000017
9	0	0	0	0	0.63800000000000001	0.63800000000000001	0.63800000000000001	0.63800000000000001
11	0	0	0	0	2.0344000000000007	2.0344000000000007	2.0344000000000007	2.0344000000000007
12	0	0	0	0	0.67959999999999998	0.67959999999999998	0.67959999999999998	0.67959999999999998
14	0	0	0	0	2.3196000000000012	2.3196000000000012	2.3196000000000012	2.3196000000000012
15	0	0	0	0	2.8384000000000018	2.8384000000000018	2.8384000000000018	2.8384000000000018
16	0	0	0	0	2.3592000000000013	2.3592000000000013	2.3592000000000013	2.3592000000000013
19	0	0	0	0	1.5947999999999998	1.5947999999999998	1.5947999999999998	1.5947999999999998
20	0	0	0	0	0.72119999999999984	0.72119999999999984	0.72119999999999984	0.72119999999999984
21	0	0	0	0	1.7156	1.7156	1.7156	1.7156
22	0	0	0	0	1.7572000000000001	1.7572000000000001	1.7572000000000001	1.7572000000000001
24	0	0	0	0	0.77079999999999993	0.77079999999999993	0.77079999999999993	0.77079999999999993
26	0	0	0	0	1.7968000000000002	1.7968000000000002	1.7968000000000002	1.7968000000000002
29	0	0	0	0	2.3988000000000014	2.3988000000000014	2.3988000000000014	2.3988000000000014
30	0	0	0	0	2.4384000000000015	2.4384000000000015	2.4384000000000015	2.4384000000000015
31	0	0	0	0	2.8780000000000014	2.8780000000000014	2.8780000000000014	2.8780000000000014
32	0	0	0	0	1.6363999999999999	1.6363999999999999	1.6363999999999999	1.6363999999999999
33	0	0	0	0	2.9176000000000015	2.9176000000000015	2.9176000000000015	2.9176000000000015
34	0	0	0	0	2.4800000000000018	2.4800000000000018	2.4800000000000018	2.4800000000000018
36	0	0	0	0	0.10120000000000001	0.10120000000000001	0.10120000000000001	0.10120000000000001
37	0	0	0	0	0.38840000000000002	0.38840000000000002	0.38840000000000002	0.38840000000000002
38	0	0	0	0	0.81039999999999979	0.81039999999999979	0.81039999999999979	0.81039999999999979
40	0	0	0	0	2.5196000000000018	2.5196000000000018	2.5196000000000018	2.5196000000000018
41	0	0	0	0	2.9572000000000016	2.9572000000000016	2.9572000000000016	2.9572000000000016
42	0	0	0	0	0.85199999999999976	0.85199999999999976	0.85199999999999976	0.85199999999999976
44	0	0	0	0	2.5592000000000019	2.5592000000000019	2.5592000000000019	2.5592000000000019
45	0	0	0	0	2.9968000000000017	2.9968000000000017	2.9968000000000017	2.9968000000000017
46	0	0	0	0	0.14480000000000001	0.14480000000000001	0.14480000000000001	0.14480000000000001
48	0	0	0	0	0.89159999999999973	0.89159999999999973	0.89159999999999973	0.89159999999999973
49	0	0	0	0	0.9351999999999997	0.9351999999999997	0.9351999999999997	0.9351999999999997
50	0	0	0	0	2.598800000000002	2.598800000000002	2.598800000000002	2.598800000000002
51	0	0	0	0	0.97679999999999967	0.97679999999999967	0.97679999999999967	0.97679999999999967
53	0	0	0	0	1.8364000000000003	1.8364000000000003	1.8364000000000003	1.8364000000000003
55	0	0	0	0	3.0364000000000018	3.0364000000000018	3.0364000000000018	3.0364000000000018
56	0	0	0	0	1.0163999999999997	1.0163999999999997	1.0163999999999997	1.0163999999999997
57	0	0	0	0	1.2223999999999997	1.2223999999999997	1.2223999999999997	1.2223999999999997
58	0	0	0	0	2.6404000000000019	2.6404000000000019	2.6404000000000019	2.6404000000000019
59	0	0	0	0	1.2659999999999993	1.2659999999999993	1.2659999999999993	1.2659999999999993
60	0	0	0	0	3.2404000000000015	3.2404000000000015	3.2404000000000015	3.2404000000000015
61	0	0	0	0	1.8760000000000003	1.8760000000000003	1.8760000000000003	1.8760000000000003
63	0	0	0	0	0.18440000000000001	0.18440000000000001	0.18440000000000001	0.18440000000000001
65	0	0	0	0	0.42800000000000005	0.42800000000000005	0.42800000000000005	0.42800000000000005
66	0	0	0	0	1.3055999999999994	1.3055999999999994	1.3055999999999994	1.3055999999999994
67	0	0	0	0	1.3491999999999995	1.3491999999999995	1.3491999999999995	1.3491999999999995
68	0	0	0	0	1.9156000000000004	1.9156000000000004	1.9156000000000004	1.9156000000000004
70	0	0	0	0	0.30520000000000003	0.30520000000000003	0.30520000000000003	0.30520000000000003
71	0	0	0	0	0.46960000000000002	0.46960000000000002	0.46960000000000002	0.46960000000000002
72	0	0	0	0	1.3887999999999994	1.3887999999999994	1.3887999999999994	1.3887999999999994
73	0	0	0	0	1.6759999999999999	1.6759999999999999	1.6759999999999999	1.6759999999999999
74	0	0	0	0	2.6800000000000019	2.6800000000000019	2.6800000000000019	2.6800000000000019
75	0	0	0	0	3.2404000000000011	3.2404000000000011	3.2404000000000011	3.2404000000000011
76	0	0	0	0	0.22599999999999998	0.22599999999999998	0.22599999999999998	0.22599999999999998
78	0	0	0	0	1.4283999999999994	1.4283999999999994	1.4283999999999994	1.4283999999999994
80	0	0	0	0	2.719600000000002	2.719600000000002	2.719600000000002	2.719600000000002
81	0	0	0	0	1.4699999999999995	1.4699999999999995	1.4699999999999995	1.4699999999999995
82	0	0	0	0	1.5115999999999996	1.5115999999999996	1.5115999999999996	1.5115999999999996
83	0	0	0	0	2.7592000000000021	2.7592000000000021	2.7592000000000021	2.7592000000000021
84	0	0	0	0	1.5531999999999997	1.5531999999999997	1.5531999999999997	1.5531999999999997

[signal_summary]
code	frame_id	period_ms	level	type	p_timeout	expected_wcrt_ms	wcrt_p95_ms	threshold_wcrt_ms	expected_retry_count	p_threshold
9834116	38	10	2	0	0	0.81040005640384372	0.81039999999999979	0.94959999999999978	8.1040005640384402e-07	2.7777777777777779e-13
13614772	44	100	1	0	0	2.5592002088307395	2.5592000000000019	2.7224000000000013	2.5592002088307351e-06	2.7777777777777777e-12
25728918	32	20	0	0	0	1.6364001335302509	1.6363999999999999	1.6363999999999999	1.6364001335302522e-06	1
34044398	56	10	2	0	0	1.0164002500343352	1.0163999999999997	1.3439999999999999	1.0164002500343334e-06	2.7777777777777779e-13
42351350	55	1000	2	0	0	3.0364007469537047	3.0364000000000018	3.2824000000000013	3.0364007469537085e-06	2.7777777777777777e-11
46117578	57	20	0	0	0	1.2224000997478479	1.2223999999999997	1.2223999999999997	1.2224000997478473e-06	1
58364884	48	20	0	0	0	0.89160006205536413	0.89159999999999973	0.89159999999999973	8.9160006205536438e-07	1
59650866	42	10	0	0	0	0.85200005929920397	0.85199999999999976	0.85199999999999976	8.5200005929920365e-07	1
88125070	80	100	2	0	0	2.7196002219193804	2.719600000000002	2.8828000000000022	2.7196002219193793e-06	2.7777777777777777e-12
101498225	5	20	0	0	0	0.55680003541248235	0.55680000000000007	0.55680000000000007	5.5680003541248231e-07	1
116927037	7	100	2	0	0	1.9948006487085286	1.9948000000000004	2.3200000000000007	1.9948006487085293e-06	2.7777777777777777e-12
136980308	24	20	1	0	0	0.77080005364768367	0.77079999999999993	0.84039999999999992	7.7080005364768372e-07	5.5555555555555559e-13
142925963	71	10	3	0	0	0.46960002986656191	0.46960000000000002	0.5968	4.6960002986656184e-07	2.7777777777777781e-14
154436535	0	20	0	0	1.1102230246251565e-16	0.5132000326395233	0.5132000000000001	0.5132000000000001	5.132000333056561e-07	1
184555622	56	10	0	0	0	1.0164002500343352	1.0163999999999997	1.0163999999999997	1.0164002500343334e-06	1
207715914	24	10	2	0	0	0.77080005364768367	0.77079999999999993	0.90999999999999992	7.7080005364768372e-07	2.7777777777777779e-13
215150781	14	100	0	0	0	2.3196001892793765	2.3196000000000012	2.3196000000000012	2.3196001892793772e-06	1
231697832	81	20	0	0	1.1102230246251565e-16	1.4700001199520103	1.4699999999999995	1.4699999999999995	1.4700001206181436e-06	1
241799623	65	5	0	0	0	0.42800002722080183	0.42800000000000005	0.42800000000000005	4.2800002722080181e-07	1
258341076	3	2	3	0	0	0.26560001689216112	0.2656	0.39280000000000004	2.6560001689216117e-07	5.5555555555555552e-15
286292128	59	20	0	0	0	1.2660001033056076	1.2659999999999993	1.2659999999999993	1.2660001033056068e-06	1
303130077	21	100	0	0	0	1.7156001399929715	1.7156	1.7156	1.7156001399929692e-06	1
314430633	71	5	0	0	0	0.46960002986656191	0.46960000000000002	0.46960000000000002	4.6960002986656184e-07	1
321364058	12	20	0	0	0	0.67960004322256273	0.67959999999999998	0.67959999999999998	6.7960004322256296e-07	1
341781315	20	20	0	0	0	0.72120004586832276	0.72119999999999984	0.72119999999999984	7.2120004586832368e-07	1
359775782	63	1	0	0	0	0.18440001172784079	0.18440000000000001	0.18440000000000001	1.8440001172784077e-07	1
412343770	57	10	0	0	0	1.2224000997478479	1.2223999999999997	1.2223999999999997	1.2224000997478473e-06	1
413307551	37	10	0	0	0	0.38840002470224161	0.38840000000000002	0.38840000000000002	3.8840002470224139e-07	1
418296436	84	20	0	0	0	1.5532001267411302	1.5531999999999997	1.5531999999999997	1.5532001267411302e-06	1
423871934	7	100	0	0	0	1.9948006487085286	1.9948000000000004	1.9948000000000004	1.9948006487085293e-06	1
441064783	57	10	0	0	0	1.2224000997478479	1.2223999999999997	1.2223999999999997	1.2224000997478473e-06	1
449277012	78	20	0	0	0	1.4284001165574491	1.4283999999999994	1.4283999999999994	1.4284001165574484e-06	1
459069561	20	20	0	0	0	0.72120004586832276	0.72119999999999984	0.72119999999999984	7.2120004586832368e-07	1
473499921	72	10	0	0	0	1.3888001133260888	1.3887999999999994	1.3887999999999994	1.3888001133260889e-06	1
478751832	71	10	0	0	0	0.46960002986656191	0.46960000000000002	0.46960000000000002	4.6960002986656184e-07	1
514586648	82	10	0	0	0	1.5116001233465699	1.5115999999999996	1.5115999999999996	1.5116001233465711e-06	1
561493351	34	100	0	0	0	2.4800002023680183	2.4800000000000018	2.4800000000000018	2.4800002023680185e-06	1
561994012	51	10	2	0	0	0.97680024029274082	0.97679999999999967	1.3043999999999998	9.768002402927415e-07	2.7777777777777779e-13
594487696	20	10	0	0	0	0.72120004586832276	0.72119999999999984	0.72119999999999984	7.2120004586832368e-07	1
601897659	58	100	0	0	0	2.6404002154566597	2.6404000000000019	2.6404000000000019	2.640400215456659e-06	1
614806802	68	50	0	0	0	1.9156001563134581	1.9156000000000004	1.9156000000000004	1.915600156313459e-06	1
615524541	58	100	0	0	0	2.6404002154566597	2.6404000000000019	2.6404000000000019	2.640400215456659e-06	1
635329343	0	10	0	0	1.1102230246251565e-16	0.5132000326395233	0.5132000000000001	0.5132000000000001	5.132000333056561e-07	1
681339253	76	2	0	0	0	0.2260000143736009	0.22599999999999998	0.22599999999999998	2.2600001437360126e-07	1
696965701	9	20	1	0	0	0.63800004057680249	0.63800000000000001	0.7016	6.3800004057680298e-07	5.5555555555555559e-13
704688297	22	100	3	0	0	1.7572001433875319	1.7572000000000001	1.9204000000000001	1.7572001433875323e-06	2.7777777777777779e-13
714084892	63	1	2	0	0	0.18440001172784079	0.18440000000000001	0.248	1.8440001172784077e-07	2.7777777777777774e-14
715303673	66	10	1	0	0	1.3056001065369682	1.3055999999999994	1.4687999999999994	1.3056001065369681e-06	2.7777777777777779e-13
723953564	68	50	0	0	0	1.9156001563134581	1.9156000000000004	1.9156000000000004	1.915600156313459e-06	1
732488186	12	10	0	0	0	0.67960004322256273	0.67959999999999998	0.67959999999999998	6.7960004322256296e-07	1
739589868	84	10	2	0	0	1.5532001267411302	1.5531999999999997	1.7163999999999997	1.5532001267411302e-06	2.7777777777777779e-13
747483910	14	100	0	0	0	2.3196001892793765	2.3196000000000012	2.3196000000000012	2.3196001892793772e-06	1
760977521	42	20	0	0	0	0.85200005929920397	0.85199999999999976	0.85199999999999976	8.5200005929920365e-07	1
795373911	6	20	1	0	0	0.59640003793104257	0.59640000000000015	0.66000000000000014	5.9640003793104257e-07	5.5555555555555559e-13
799902427	30	100	0	0	0	2.4384001989734583	2.4384000000000015	2.4384000000000015	2.4384001989734597e-06	1
806293662	82	10	2	0	0	1.5116001233465699	1.5115999999999996	1.6747999999999996	1.5116001233465711e-06	2.7777777777777779e-13
818738963	50	100	0	0	0	2.5988002120620992	2.598800000000002	2.598800000000002	2.5988002120620976e-06	1
824883857	26	50	0	0	0	1.7968001466188921	1.7968000000000002	1.7968000000000002	1.7968001466188929e-06	1
858519768	20	20	0	0	0	0.72120004586832276	0.72119999999999984	0.72119999999999984	7.2120004586832368e-07	1
877776182	65	5	1	0	0	0.42800002722080183	0.42800000000000005	0.49160000000000004	4.2800002722080181e-07	1.388888888888889e-13
884260825	84	10	0	0	0	1.5532001267411302	1.5531999999999997	1.5531999999999997	1.5532001267411302e-06	1
931122036	32	20	0	0	0	1.6364001335302509	1.6363999999999999	1.6363999999999999	1.6364001335302522e-06	1
1000732211	51	20	0	0	0	0.97680024029274082	0.97679999999999967	0.97679999999999967	9.768002402927415e-07	1
1012019168	75	1000	0	0	0	3.2404002644166625	3.2404000000000011	3.0760000000000014	3.2404002644166615e-06	1
1027971902	45	1000	0	0	0	2.9968007372121237	2.9968000000000017	2.9968000000000017	2.9968007372121244e-06	1
1033404842	22	100	0	0	0	1.7572001433875319	1.7572000000000001	1.7572000000000001	1.7572001433875323e-06	1
1045197640	2	100	0	0	0	1.9552001595448378	1.9552000000000003	1.9552000000000003	1.9552001595448385e-06	1
1045434425	49	10	0	0	0	0.93520007631241031	0.9351999999999997	0.9351999999999997	9.3520007631241044e-07	1
1064989225	49	20	3	0	0	0.93520007631241031	0.9351999999999997	1.2628000000000001	9.3520007631241044e-07	5.5555555555555561e-14
1075545933	37	5	3	0	0	0.38840002470224161	0.38840000000000002	0.51560000000000006	3.8840002470224139e-07	1.388888888888889e-14
1093051504	19	20	1	0	0	1.5948001301356902	1.5947999999999998	1.7579999999999998	1.5948001301356902e-06	5.5555555555555559e-13
1095502160	72	20	3	0	0	1.3888001133260888	1.3887999999999994	1.5519999999999994	1.3888001133260889e-06	5.5555555555555561e-14
1118139521	9	10	0	0	0	0.63800004057680249	0.63800000000000001	0.63800000000000001	6.3800004057680298e-07	1
1119853571	51	10	1	0	0	0.97680024029274082	0.97679999999999967	1.3043999999999998	9.768002402927415e-07	2.7777777777777779e-13
1131121478	9	20	0	0	0	0.63800004057680249	0.63800000000000001	0.63800000000000001	6.3800004057680298e-07	1
1136480207	84	20	0	0	0	1.5532001267411302	1.5531999999999997	1.5531999999999997	1.5532001267411302e-06	1
1170932023	57	20	0	0	0	1.2224000997478479	1.2223999999999997	1.2223999999999997	1.2224000997478473e-06	1
1180812762	70	2	0	0	0	0.30520001941072128	0.30520000000000003	0.30520000000000003	3.0520001941072122e-07	1
1187425628	14	100	0	0	0	2.3196001892793765	2.3196000000000012	2.3196000000000012	2.3196001892793772e-06	1
1187931022	37	5	0	0	0	0.38840002470224161	0.38840000000000002	0.38840000000000002	3.8840002470224139e-07	1
1204072588	26	100	1	0	0	1.7968001466188921	1.7968000000000002	1.8784000000000001	1.7968001466188929e-06	2.7777777777777777e-12
1215248614	41	1000	0	0	0	2.9572007274705423	2.9572000000000016	2.9572000000000016	2.9572007274705417e-06	1
1224259999	20	10	0	0	0	0.72120004586832276	0.72119999999999984	0.72119999999999984	7.2120004586832368e-07	1
1263416401	15	1000	0	0	0	2.8384002316134609	2.8384000000000018	2.8384000000000018	2.8384002316134597e-06	1
1290260556	11	100	0	0	0	2.0344006615864303	2.0344000000000007	2.0344000000000007	2.034400661586429e-06	1
1320608221	0	20	1	0	1.1102230246251565e-16	0.5132000326395233	0.5132000000000001	0.57680000000000009	5.132000333056561e-07	5.5555555555555559e-13
1334290484	4	5	0	0	0	0.34680002205648136	0.3468	0.3468	3.468000220564813e-07	1
1347423191	32	20	0	0	0	1.6364001335302509	1.6363999999999999	1.6363999999999999	1.6364001335302522e-06	1
1400009814	84	10	0	0	0	1.5532001267411302	1.5531999999999997	1.5531999999999997	1.5532001267411302e-06	1
1407552725	24	10	0	0	0	0.77080005364768367	0.77079999999999993	0.77079999999999993	7.7080005364768372e-07	1
1420350058	50	100	0	0	0	2.5988002120620992	2.598800000000002	2.598800000000002	2.5988002120620976e-06	1
1423250667	59	10	0	0	0	1.2660001033056076	1.2659999999999993	1.2659999999999993	1.2660001033056068e-06	1
1440311926	72	10	0	0	0	1.3888001133260888	1.3887999999999994	1.3887999999999994	1.3888001133260889e-06	1
1446901960	32	20	0	0	0	1.6364001335302509	1.6363999999999999	1.6363999999999999	1.6364001335302522e-06	1
1456648200	22	100	0	0	0	1.7572001433875319	1.7572000000000001	1.7572000000000001	1.7572001433875323e-06	1
1469238589	21	100	0	0	0	1.7156001399929715	1.7156	1.7156	1.7156001399929692e-06	1
1489069135	58	100	2	0	0	2.6404002154566597	2.6404000000000019	2.8036000000000021	2.640400215456659e-06	2.7777777777777777e-12
1490472060	58	100	0	1	0	2.6404002154566597	2.6404000000000019	2.6404000000000019	2.640400215456659e-06	1
1491222786	46	2	0	0	0	0.1448000092092806	0.14480000000000001	0.14480000000000001	1.448000092092807e-07	1
1518957623	49	10	0	0	0	0.93520007631241031	0.9351999999999997	0.9351999999999997	9.3520007631241044e-07	1
1534522835	24	20	0	0	0	0.77080005364768367	0.77079999999999993	0.77079999999999993	7.7080005364768372e-07	1
1540638855	33	1000	0	0	0	2.9176002380769201	2.9176000000000015	2.9176000000000015	2.9176002380769212e-06	1
1551021612	9	10	0	0	0	0.63800004057680249	0.63800000000000001	0.63800000000000001	6.3800004057680298e-07	1
1569230000	49	10	0	0	0	0.93520007631241031	0.9351999999999997	0.9351999999999997	9.3520007631241044e-07	1
1598083814	44	100	0	0	0	2.5592002088307395	2.5592000000000019	2.5592000000000019	2.5592002088307351e-06	1
1601092319	46	1	0	0	0	0.1448000092092806	0.14480000000000001	0.14480000000000001	1.448000092092807e-07	1
1604992319	82	20	2	0	0	1.5116001233465699	1.5115999999999996	1.6747999999999996	1.5116001233465711e-06	5.5555555555555559e-13
1639411396	76	1	0	0	0	0.2260000143736009	0.22599999999999998	0.22599999999999998	2.2600001437360126e-07	1
1642125609	75	1000	0	0	0	3.2404002644166625	3.2404000000000011	3.0760000000000014	3.2404002644166615e-06	1
1657951850	84	20	2	0	0	1.5532001267411302	1.5531999999999997	1.7163999999999997	1.5532001267411302e-06	5.5555555555555559e-13
1684478435	34	100	1	0	0	2.4800002023680183	2.4800000000000018	2.6432000000000011	2.4800002023680185e-06	2.7777777777777777e-12
1690858206	0	10	0	0	1.1102230246251565e-16	0.5132000326395233	0.5132000000000001	0.5132000000000001	5.132000333056561e-07	1
1704018185	5	20	0	0	0	0.55680003541248235	0.55680000000000007	0.55680000000000007	5.5680003541248231e-07	1
1742401767	61	50	0	0	0	1.8760001530820789	1.8760000000000003	1.8760000000000003	1.8760001530820802e-06	1
1744121739	5	20	0	0	0	0.55680003541248235	0.55680000000000007	0.55680000000000007	5.5680003541248231e-07	1
1766717109	76	1	0	0	0	0.2260000143736009	0.22599999999999998	0.22599999999999998	2.2600001437360126e-07	1
1779992313	84	20	2	0	0	1.5532001267411302	1.5531999999999997	1.7163999999999997	1.5532001267411302e-06	5.5555555555555559e-13
1811830901	51	10	2	0	0	0.97680024029274082	0.97679999999999967	1.3043999999999998	9.768002402927415e-07	2.7777777777777779e-13
1816554834	42	20	0	0	0	0.85200005929920397	0.85199999999999976	0.85199999999999976	8.5200005929920365e-07	1
1835915941	26	100	2	0	0	1.7968001466188921	1.7968000000000002	1.8784000000000001	1.7968001466188929e-06	2.7777777777777777e-12
1844808611	63	2	0	0	0	0.18440001172784079	0.18440000000000001	0.18440000000000001	1.8440001172784077e-07	1
1857880600	2	100	0	0	0	1.9552001595448378	1.9552000000000003	1.9552000000000003	1.9552001595448385e-06	1
1894387974	5	10	0	0	0	0.55680003541248235	0.55680000000000007	0.55680000000000007	5.5680003541248231e-07	1
1899925165	56	20	0	0	0	1.0164002500343352	1.0163999999999997	1.0163999999999997	1.0164002500343334e-06	1
1904013087	50	100	0	0	0	2.5988002120620992	2.598800000000002	2.598800000000002	2.5988002120620976e-06	1
1906244283	24	10	1	0	0	0.77080005364768367	0.77079999999999993	0.90999999999999992	7.7080005364768372e-07	2.7777777777777779e-13
1916730551	34	100	0	0	0	2.4800002023680183	2.4800000000000018	2.4800000000000018	2.4800002023680185e-06	1
1946485339	36	1	0	0	0	0.10120000603152038	0.10120000000000001	0.10120000000000001	1.0120000603152044e-07	1
1985192742	48	10	0	0	0	0.89160006205536413	0.89159999999999973	0.89159999999999973	8.9160006205536438e-07	1
1992292634	22	50	0	0	0	1.7572001433875319	1.7572000000000001	1.7572000000000001	1.7572001433875323e-06	1
1997260625	48	20	0	0	0	0.89160006205536413	0.89159999999999973	0.89159999999999973	8.9160006205536438e-07	1
2014613497	42	20	0	0	0	0.85200005929920397	0.85199999999999976	0.85199999999999976	8.5200005929920365e-07	1
2037612785	83	100	1	0	0	2.7592002251507406	2.7592000000000021	2.9224000000000023	2.7592002251507406e-06	2.7777777777777777e-12
2055892544	78	10	3	0	0	1.4284001165574491	1.4283999999999994	1.5915999999999995	1.4284001165574484e-06	2.7777777777777781e-14
2058812958	61	100	0	0	0	1.8760001530820789	1.8760000000000003	1.8760000000000003	1.8760001530820802e-06	1
2065981233	38	20	0	0	0	0.81040005640384372	0.81039999999999979	0.81039999999999979	8.1040005640384402e-07	1
2086629972	31	1000	0	0	0	2.8780002348455405	2.8780000000000014	2.8780000000000014	2.8780002348455409e-06	1
2109951640	81	10	0	0	1.1102230246251565e-16	1.4700001199520103	1.4699999999999995	1.4699999999999995	1.4700001206181436e-06	1
2114401217	6	10	0	0	0	0.59640003793104257	0.59640000000000015	0.59640000000000015	5.9640003793104257e-07	1
2134498392	71	5	0	0	0	0.46960002986656191	0.46960000000000002	0.46960000000000002	4.6960002986656184e-07	1
2138471415	9	20	0	0	0	0.63800004057680249	0.63800000000000001	0.63800000000000001	6.3800004057680298e-07	1
2161017933	66	10	0	0	0	1.3056001065369682	1.3055999999999994	1.3055999999999994	1.3056001065369681e-06	1
2161647229	82	10	2	0	0	1.5116001233465699	1.5115999999999996	1.6747999999999996	1.5116001233465711e-06	2.7777777777777779e-13
2200444949	73	20	0	0	1.1102230246251565e-16	1.6760001367616133	1.6759999999999999	1.6759999999999999	1.6760001374277447e-06	1
2203076096	20	20	0	0	0	0.72120004586832276	0.72119999999999984	0.72119999999999984	7.2120004586832368e-07	1
2207349722	24	20	0	0	0	0.77080005364768367	0.77079999999999993	0.77079999999999993	7.7080005364768372e-07	1
2220244518	48	20	0	0	0	0.89160006205536413	0.89159999999999973	0.89159999999999973	8.9160006205536438e-07	1
2235027507	59	10	0	0	0	1.2660001033056076	1.2659999999999993	1.2659999999999993	1.2660001033056068e-06	1
2246777126	71	5	0	0	0	0.46960002986656191	0.46960000000000002	0.46960000000000002	4.6960002986656184e-07	1
2252986000	61	100	0	0	0	1.8760001530820789	1.8760000000000003	1.8760000000000003	1.8760001530820802e-06	1
2263780788	32	20	0	0	0	1.6364001335302509	1.6363999999999999	1.6363999999999999	1.6364001335302522e-06	1
2270733179	5	20	0	0	0	0.55680003541248235	0.55680000000000007	0.55680000000000007	5.5680003541248231e-07	1
2278080934	67	20	0	0	0	1.3492001100947284	1.3491999999999995	1.3491999999999995	1.3492001100947285e-06	1
2297908714	24	10	0	0	0	0.77080005364768367	0.77079999999999993	0.77079999999999993	7.7080005364768372e-07	1
2317058000	42	10	0	0	0	0.85200005929920397	0.85199999999999976	0.85199999999999976	8.5200005929920365e-07	1
2320310600	40	100	0	0	0	2.5196002055993789	2.5196000000000018	2.5196000000000018	2.5196002055993785e-06	1
2335435804	70	2	1	0	0	0.30520001941072128	0.30520000000000003	0.43240000000000001	3.0520001941072122e-07	5.5555555555555549e-14
2359684739	2	100	0	0	0	1.9552001595448378	1.9552000000000003	1.9552000000000003	1.9552001595448385e-06	1
2367215485	81	10	3	0	1.1102230246251565e-16	1.4700001199520103	1.4699999999999995	1.6331999999999995	1.4700001206181436e-06	2.7777777777777781e-14
2369619628	40	100	2	0	0	2.5196002055993789	2.5196000000000018	2.6828000000000012	2.5196002055993785e-06	2.7777777777777777e-12
2373581067	0	20	0	0	1.1102230246251565e-16	0.5132000326395233	0.5132000000000001	0.5132000000000001	5.132000333056561e-07	1
2393651525	82	10	0	0	0	1.5116001233465699	1.5115999999999996	1.5115999999999996	1.5116001233465711e-06	1
2405850316	83	100	0	0	0	2.7592002251507406	2.7592000000000021	2.7592000000000021	2.7592002251507406e-06	1
2432366055	65	10	0	0	0	0.42800002722080183	0.42800000000000005	0.42800000000000005	4.2800002722080181e-07	1
2441927657	67	20	0	0	0	1.3492001100947284	1.3491999999999995	1.3491999999999995	1.3492001100947285e-06	1
2548756378	58	100	0	0	0	2.6404002154566597	2.6404000000000019	2.6404000000000019	2.640400215456659e-06	1
2593234755	0	20	0	0	1.1102230246251565e-16	0.5132000326395233	0.5132000000000001	0.5132000000000001	5.132000333056561e-07	1
2629256524	44	100	1	0	0	2.5592002088307395	2.5592000000000019	2.7224000000000013	2.5592002088307351e-06	2.7777777777777777e-12
2656224329	51	10	0	0	0	0.97680024029274082	0.97679999999999967	0.97679999999999967	9.768002402927415e-07	1
2661844739	51	10	0	0	0	0.97680024029274082	0.97679999999999967	0.97679999999999967	9.768002402927415e-07	1
2662907707	0	20	0	0	1.1102230246251565e-16	0.5132000326395233	0.5132000000000001	0.5132000000000001	5.132000333056561e-07	1
2682498111	78	20	0	0	0	1.4284001165574491	1.4283999999999994	1.4283999999999994	1.4284001165574484e-06	1
2747680564	19	20	0	0	0	1.5948001301356902	1.5947999999999998	1.5947999999999998	1.5948001301356902e-06	1
2812860449	84	10	1	0	0	1.5532001267411302	1.5531999999999997	1.7163999999999997	1.5532001267411302e-06	2.7777777777777779e-13
2847439025	37	10	2	0	0	0.38840002470224161	0.38840000000000002	0.45200000000000001	3.8840002470224139e-07	2.7777777777777779e-13
2860157010	55	1000	2	0	0	3.0364007469537047	3.0364000000000018	3.2824000000000013	3.0364007469537085e-06	2.7777777777777777e-11
2865831584	78	20	0	0	0	1.4284001165574491	1.4283999999999994	1.4283999999999994	1.4284001165574484e-06	1
2865967565	72	10	0	0	0	1.3888001133260888	1.3887999999999994	1.3887999999999994	1.3888001133260889e-06	1
2887128311	34	100	2	0	0	2.4800002023680183	2.4800000000000018	2.6432000000000011	2.4800002023680185e-06	2.7777777777777777e-12
2893336473	40	100	0	0	0	2.5196002055993789	2.5196000000000018	2.5196000000000018	2.5196002055993785e-06	1
2894020692	2	100	1	0	0	1.9552001595448378	1.9552000000000003	2.0368000000000004	1.9552001595448385e-06	2.7777777777777777e-12
2899149141	48	20	2	0	0	0.89160006205536413	0.89159999999999973	0.96119999999999972	8.9160006205536438e-07	5.5555555555555559e-13
2906190155	82	10	0	0	0	1.5116001233465699	1.5115999999999996	1.5115999999999996	1.5116001233465711e-06	1
2918259055	68	100	0	0	0	1.9156001563134581	1.9156000000000004	1.9156000000000004	1.915600156313459e-06	1
2923136942	59	20	0	0	0	1.2660001033056076	1.2659999999999993	1.2659999999999993	1.2660001033056068e-06	1
2940277063	74	100	0	0	0	2.6800002186880194	2.6800000000000019	2.6800000000000019	2.6800002186880198e-06	1
2948315658	42	20	2	0	0	0.85200005929920397	0.85199999999999976	0.92159999999999975	8.5200005929920365e-07	5.5555555555555559e-13
2971925533	4	10	0	0	0	0.34680002205648136	0.3468	0.3468	3.468000220564813e-07	1
2977443008	81	10	0	0	1.1102230246251565e-16	1.4700001199520103	1.4699999999999995	1.4699999999999995	1.4700001206181436e-06	1
2983673780	63	1	0	0	0	0.18440001172784079	0.18440000000000001	0.18440000000000001	1.8440001172784077e-07	1
3047463520	81	10	3	0	1.1102230246251565e-16	1.4700001199520103	1.4699999999999995	1.6331999999999995	1.4700001206181436e-06	2.7777777777777781e-14
3063023578	56	10	0	0	0	1.0164002500343352	1.0163999999999997	1.0163999999999997	1.0164002500343334e-06	1
3078376934	71	10	0	1	0	0.46960002986656191	0.46960000000000002	0.46960000000000002	4.6960002986656184e-07	1
3079804952	37	10	0	0	0	0.38840002470224161	0.38840000000000002	0.38840000000000002	3.8840002470224139e-07	1
3088870869	20	10	3	0	0	0.72120004586832276	0.72119999999999984	0.84839999999999982	7.2120004586832368e-07	2.7777777777777781e-14
3102176619	20	20	0	0	0	0.72120004586832276	0.72119999999999984	0.72119999999999984	7.2120004586832368e-07	1
3120688290	22	100	0	0	0	1.7572001433875319	1.7572000000000001	1.7572000000000001	1.7572001433875323e-06	1
3126071459	20	10	0	0	0	0.72120004586832276	0.72119999999999984	0.72119999999999984	7.2120004586832368e-07	1
3153164925	36	1	0	0	0	0.10120000603152038	0.10120000000000001	0.10120000000000001	1.0120000603152044e-07	1
3157104125	9	20	0	0	0	0.63800004057680249	0.63800000000000001	0.63800000000000001	6.3800004057680298e-07	1
3167896290	84	20	0	0	0	1.5532001267411302	1.5531999999999997	1.5531999999999997	1.5532001267411302e-06	1
3194950181	49	20	0	0	0	0.93520007631241031	0.9351999999999997	0.9351999999999997	9.3520007631241044e-07	1
3198749019	37	10	3	0	0	0.38840002470224161	0.38840000000000002	0.51560000000000006	3.8840002470224139e-07	2.7777777777777781e-14
3225624125	60	1000	0	0	0	3.2404002644166634	3.2404000000000015	3.0760000000000018	3.2404002644166619e-06	1
3233180145	57	10	1	0	0	1.2224000997478479	1.2223999999999997	1.3855999999999997	1.2224000997478473e-06	2.7777777777777779e-13
3239206128	0	20	0	0	1.1102230246251565e-16	0.5132000326395233	0.5132000000000001	0.5132000000000001	5.132000333056561e-07	1
3239310225	0	20	0	0	1.1102230246251565e-16	0.5132000326395233	0.5132000000000001	0.5132000000000001	5.132000333056561e-07	1
3298182171	8	1000	0	0	0	2.7988002283821012	2.7988000000000017	2.7988000000000017	2.798800228382101e-06	1
3301346391	24	10	0	0	0	0.77080005364768367	0.77079999999999993	0.77079999999999993	7.7080005364768372e-07	1
3303598925	46	1	1	0	0	0.1448000092092806	0.14480000000000001	0.20840000000000003	1.448000092092807e-07	2.7777777777777774e-14
3305373554	67	10	0	0	0	1.3492001100947284	1.3491999999999995	1.3491999999999995	1.3492001100947285e-06	1
3307391004	19	20	0	0	0	1.5948001301356902	1.5947999999999998	1.5947999999999998	1.5948001301356902e-06	1
3363943846	30	100	0	0	0	2.4384001989734583	2.4384000000000015	2.4384000000000015	2.4384001989734597e-06	1
3365984888	49	10	0	0	0	0.93520007631241031	0.9351999999999997	0.9351999999999997	9.3520007631241044e-07	1
3478053619	32	20	2	0	0	1.6364001335302509	1.6363999999999999	1.7995999999999999	1.6364001335302522e-06	5.5555555555555559e-13
3495537626	57	20	0	0	0	1.2224000997478479	1.2223999999999997	1.2223999999999997	1.2224000997478473e-06	1
3499211696	53	50	1	0	1.1102230246251565e-16	1.836400149850258	1.8364000000000003	1.9996000000000003	1.836400150627409e-06	1.3888888888888889e-12
3518939101	72	10	0	0	0	1.3888001133260888	1.3887999999999994	1.3887999999999994	1.3888001133260889e-06	1
3537355009	12	10	0	0	0	0.67960004322256273	0.67959999999999998	0.67959999999999998	6.7960004322256296e-07	1
3591392789	0	20	0	0	1.1102230246251565e-16	0.5132000326395233	0.5132000000000001	0.5132000000000001	5.132000333056561e-07	1
3596884931	76	1	0	0	0	0.2260000143736009	0.22599999999999998	0.22599999999999998	2.2600001437360126e-07	1
3617116347	81	20	0	0	1.1102230246251565e-16	1.4700001199520103	1.4699999999999995	1.4699999999999995	1.4700001206181436e-06	1
3619912984	4	10	0	0	0	0.34680002205648136	0.3468	0.3468	3.468000220564813e-07	1
3652215316	12	20	0	0	0	0.67960004322256273	0.67959999999999998	0.67959999999999998	6.7960004322256296e-07	1
3654648554	5	20	0	0	0	0.55680003541248235	0.55680000000000007	0.55680000000000007	5.5680003541248231e-07	1
3706803489	16	100	0	0	0	2.3592001925107371	2.3592000000000013	2.3592000000000013	2.3592001925107364e-06	1
3740909481	81	10	1	0	1.1102230246251565e-16	1.4700001199520103	1.4699999999999995	1.6331999999999995	1.4700001206181436e-06	2.7777777777777779e-13
3749178603	29	100	0	0	0	2.3988001957420977	2.3988000000000014	2.3988000000000014	2.398800195742098e-06	1
3789884926	51	20	2	0	0	0.97680024029274082	0.97679999999999967	1.3043999999999998	9.768002402927415e-07	5.5555555555555559e-13
3845048802	59	20	1	0	0	1.2660001033056076	1.2659999999999993	1.4291999999999994	1.2660001033056068e-06	5.5555555555555559e-13
3851495001	4	10	0	0	0	0.34680002205648136	0.3468	0.3468	3.468000220564813e-07	1
3867880531	76	2	0	0	0	0.2260000143736009	0.22599999999999998	0.22599999999999998	2.2600001437360126e-07	1
3884580661	82	10	1	0	0	1.5116001233465699	1.5115999999999996	1.6747999999999996	1.5116001233465711e-06	2.7777777777777779e-13
3913123075	37	10	0	0	0	0.38840002470224161	0.38840000000000002	0.38840000000000002	3.8840002470224139e-07	1
3954080836	32	20	0	0	0	1.6364001335302509	1.6363999999999999	1.6363999999999999	1.6364001335302522e-06	1
3956929103	75	1000	0	0	0	3.2404002644166625	3.2404000000000011	3.0760000000000014	3.2404002644166615e-06	1
3962392833	9	10	0	0	0	0.63800004057680249	0.63800000000000001	0.63800000000000001	6.3800004057680298e-07	1
4000606915	82	10	0	0	0	1.5116001233465699	1.5115999999999996	1.5115999999999996	1.5116001233465711e-06	1
4073862080	50	100	0	0	0	2.5988002120620992	2.598800000000002	2.598800000000002	2.5988002120620976e-06	1
4108050050	7	100	1	0	0	1.9948006487085286	1.9948000000000004	2.3200000000000007	1.9948006487085293e-06	2.7777777777777777e-12
4114597773	49	10	0	0	0	0.93520007631241031	0.9351999999999997	0.9351999999999997	9.3520007631241044e-07	1
4134183645	21	50	3	0	0	1.7156001399929715	1.7156	1.8788	1.7156001399929692e-06	1.388888888888889e-13
4139294926	32	20	0	0	0	1.6364001335302509	1.6363999999999999	1.6363999999999999	1.6364001335302522e-06	1
4157154003	72	20	1	0	0	1.3888001133260888	1.3887999999999994	1.5519999999999994	1.3888001133260889e-06	5.5555555555555559e-13
4187376426	14	100	0	0	0	2.3196001892793765	2.3196000000000012	2.3196000000000012	2.3196001892793772e-06	1
4190315312	19	20	0	0	0	1.5948001301356902	1.5947999999999998	1.5947999999999998	1.5948001301356902e-06	1
4213568172	67	20	0	0	0	1.3492001100947284	1.3491999999999995	1.3491999999999995	1.3492001100947285e-06	1
4236152366	63	2	0	0	0	0.18440001172784079	0.18440000000000001	0.18440000000000001	1.8440001172784077e-07	1
4239152629	51	10	0	0	0	0.97680024029274082	0.97679999999999967	0.97679999999999967	9.768002402927415e-07	1
4290793179	20	10	0	0	0	0.72120004586832276	0.72119999999999984	0.72119999999999984	7.2120004586832368e-07	1
