base_bandwidth_utilization	0.36853639999999999
expected_bandwidth_utilization	0.36853659171675007

rounded_expected_bandwidth_utilization	0.73707280000000008

bandwidth_utilization_p99	0.36853640000000004

[frame_summary]
frame_id	priority	period_ms	deadline_ms	trans_time_ms	expected_retry_count	expected_tx_count	rounded_expected_retry_count	rounded_expected_tx_count	retry_p99	tx_count_p99	expected_wcrt_ms	p_timeout	wcrt_p95_ms
0	0	1	1	0.039600000000000003	1.0120000603152044e-07	1.0000001012000059	1	2	0	1	0.10120000603152038	0	0.10120000000000001
1	10	10	10	0.041599999999999998	5.1320004187712353e-07	1.0000005132000418	1	2	0	1	0.51320004187712354	0	0.5132000000000001
5	41	100	100	0.039600000000000003	1.9888006388021376e-06	1.0000019888006388	1	2	0	1	1.9888006388021384	0	1.9888000000000003
6	54	1000	1000	0.039600000000000003	2.7432002238451389e-06	1.0000027432002239	1	2	0	1	2.743200223845141	0	2.7432000000000025
7	1	1	1	0.039600000000000003	1.4080000839168057e-07	1.0000001408000083	1	2	0	1	0.1408000083916805	0	0.14080000000000001
8	6	5	5	0.039600000000000003	3.408000209932815e-07	1.0000003408000211	1	2	0	1	0.34080002099328133	0	0.34079999999999999
9	42	100	100	0.039600000000000003	2.02840065152164e-06	1.0000020284006514	1	2	0	1	2.0284006515216406	0	2.0284000000000004
11	43	100	100	0.039600000000000003	2.3076001883001741e-06	1.0000023076001883	1	2	0	1	2.3076001883001758	0	2.3076000000000008
15	35	50	50	0.039600000000000003	1.7492001435118858e-06	1.0000017492001436	1	2	0	1	1.7492001427347366	1.1102230246251565e-16	1.7491999999999996
17	55	1000	1000	0.039600000000000003	2.7828002270765006e-06	1.0000027828002271	1	2	0	1	2.7828002270765011	0	2.7828000000000026
19	44	100	100	0.039600000000000003	2.3472001923086923e-06	1.0000023472001922	1	2	0	1	2.3472001915315475	1.1102230246251565e-16	2.3472000000000008
20	2	1	1	0.041599999999999998	1.8240001123584092e-07	1.0000001824000113	1	2	0	1	0.18240001123584071	0	0.18240000000000001
21	11	10	10	0.039600000000000003	5.5280004510848372e-07	1.0000005528000451	1	2	0	1	0.55280004510848391	0	0.55280000000000018
22	12	10	10	0.041599999999999998	5.9440004850304434e-07	1.0000005944000485	1	2	0	1	0.59440004850304395	0	0.59440000000000004
24	3	1	1	0.039600000000000003	2.2200001367520061e-07	1.0000002220000137	1	2	0	1	0.22200001367520086	0	0.222
25	45	100	100	0.039600000000000003	2.386800194762897e-06	1.0000023868001948	1	2	0	1	2.386800194762897	0	2.3868000000000009
27	13	10	10	0.041599999999999998	6.3600005189760452e-07	1.000000636000052	1	2	0	1	0.63600005189760433	0	0.63600000000000012
28	36	50	50	0.039600000000000003	1.7888001459660908e-06	1.000001788800146	1	2	0	1	1.788800145966092	0	1.7887999999999999
29	14	10	10	0.041599999999999998	6.7760005529216567e-07	1.0000006776000554	1	2	0	1	0.67760005529216449	0	0.67759999999999998
33	15	10	10	0.041599999999999998	7.1920005868672554e-07	1.0000007192000586	1	2	0	1	0.71920005868672487	0	0.71920000000000006
34	46	100	100	0.041599999999999998	2.4264001987714135e-06	1.0000024264001988	1	2	0	1	2.4264001979942682	1.1102230246251565e-16	2.426400000000001
35	47	100	100	0.039600000000000003	2.4660002012256207e-06	1.0000024660002012	1	2	0	1	2.4660002012256172	0	2.4660000000000011
36	56	1000	1000	0.039600000000000003	2.8224002303078618e-06	1.0000028224002304	1	2	0	1	2.8224002303078621	0	2.8224000000000027
38	57	1000	1000	0.039600000000000003	2.8620002335392218e-06	1.0000028620002335	1	2	0	1	2.8620002335392223	0	2.8620000000000028
39	4	1	1	0.039600000000000003	2.6160001678069462e-07	1.0000002616000168	1	2	0	1	0.26160001611456113	1.1102230246251565e-16	0.2616
40	16	10	10	0.039600000000000003	7.5880006191808414e-07	1.0000007588000619	1	2	0	1	0.75880006191808491	0	0.75879999999999992
41	17	10	10	0.0516	8.0640006646837856e-07	1.0000008064000665	1	2	0	1	0.80640006580224644	1.1102230246251565e-16	0.80640000000000001
42	18	10	10	0.041599999999999998	8.4800006919680557e-07	1.0000008480000693	1	2	0	1	0.84800006919680559	0	0.84799999999999986
43	48	100	100	0.039600000000000003	2.5056002044569752e-06	1.0000025056002044	1	2	0	1	2.5056002044569778	0	2.5056000000000012
44	58	1000	1000	0.039600000000000003	2.9016002367714728e-06	1.0000029016002367	1	2	0	1	2.9016002367714711	0	2.9016000000000028
45	19	10	10	0.041599999999999998	8.8960007259145883e-07	1.0000008896000725	1	2	0	1	0.88960007259145957	0	0.88959999999999995
47	49	100	100	0.039600000000000003	2.545200207688336e-06	1.0000025452002077	1	2	0	1	2.5452002076883389	0	2.5452000000000012
48	59	1000	1000	0.039600000000000003	2.9412002400028544e-06	1.00000294120024	1	2	0	1	2.9412002400028547	0	2.941200000000002
49	20	10	10	0.039600000000000003	9.2920007582282685e-07	1.0000009292000758	1	2	0	1	0.92920007582282749	0	0.9291999999999998
50	21	10	10	0.039600000000000003	9.6880027281400721e-07	1.0000009688002729	1	2	0	1	0.96880027281400805	0	0.96879999999999966
51	37	50	50	0.039600000000000003	1.8284001491974533e-06	1.0000018284001493	1	2	0	1	1.828400149197452	0	1.8283999999999998
52	22	10	10	0.041599999999999998	1.0104002845285607e-06	1.0000010104002846	1	2	0	1	1.0104002845285609	0	1.0103999999999997
54	50	100	100	0.039600000000000003	2.5848002109196986e-06	1.000002584800211	1	2	0	1	2.584800210919699	0	2.5848000000000013
55	23	10	10	0.041599999999999998	1.2520001021632071e-06	1.0000012520001023	1	2	0	1	1.2520001021632079	0	1.2519999999999996
57	38	50	50	0.039600000000000003	1.8680001524288126e-06	1.0000018680001523	1	2	0	1	1.8680001524288123	0	1.8679999999999999
58	5	2	2	0.039600000000000003	3.0120001855392136e-07	1.0000003012000185	1	2	0	1	0.3012000185539212	0	0.30120000000000002
59	7	5	5	0.039600000000000003	3.8040002343264169e-07	1.0000003804000235	1	2	0	1	0.38040002343264151	0	0.38040000000000002
60	24	10	10	0.0436	1.295600105720969e-06	1.0000012956001056	1	2	0	1	1.2956001057209683	0	1.2955999999999996
61	25	10	10	0.041599999999999998	1.3372001091155285e-06	1.0000013372001091	1	2	0	1	1.3372001091155286	0	1.3371999999999995
62	8	5	5	0.039600000000000003	4.2000002587200214e-07	1.0000004200000259	1	2	0	1	0.42000002587200164	0	0.42000000000000004
63	26	10	10	0.041599999999999998	1.3788001125100883e-06	1.0000013788001125	1	2	0	1	1.3788001125100886	0	1.3787999999999996
64	51	100	100	0.039600000000000003	2.6244002141510577e-06	1.0000026244002143	1	2	0	1	2.6244002141510592	0	2.6244000000000014
65	39	50	50	0.047600000000000003	1.9096001558238473e-06	1.0000019096001558	1	2	0	1	1.9096001558238476	0	1.9096000000000002
67	60	1000	1000	0.039600000000000003	2.9808008393924656e-06	1.0000029808008395	1	2	0	1	2.9808008393924617	0	2.9808000000000021
68	52	100	100	0.039600000000000003	2.6640002173824202e-06	1.0000026640002173	1	2	0	1	2.6640002173824193	0	2.6640000000000015
69	61	1000	1000	0.039600000000000003	3.0204008505437971e-06	1.0000030204008505	1	2	0	1	3.0204008505437998	0	3.0204000000000022
70	27	10	10	0.0436	1.4224001160678485e-06	1.0000014224001161	1	2	0	1	1.422400116067849	0	1.4223999999999994
72	28	10	10	0.039600000000000003	1.4620001192992091e-06	1.0000014620001192	1	2	0	1	1.4620001192992089	0	1.4619999999999993
74	29	10	10	0.045600000000000002	1.5076001236863026e-06	1.0000015076001236	1	2	0	1	1.5076001230201703	1.1102230246251565e-16	1.5075999999999994
76	40	50	50	0.039600000000000003	1.9492001590552263e-06	1.0000019492001591	1	2	0	1	1.9492001590552266	0	1.9492000000000003
77	34	20	20	0.039600000000000003	1.7096001402805252e-06	1.0000017096001403	1	2	0	1	1.7096001395033729	1.1102230246251565e-16	1.7095999999999996
78	30	10	10	0.041599999999999998	1.5492001264147299e-06	1.0000015492001264	1	2	0	1	1.5492001264147299	0	1.5491999999999995
79	62	1000	1000	0.039600000000000003	3.0204008505437971e-06	1.0000030204008505	1	2	0	1	3.0204008505437998	0	3.0204000000000022
80	31	10	10	0.039600000000000003	1.5888001296460895e-06	1.0000015888001297	1	2	0	1	1.5888001296460905	0	1.5887999999999995
81	32	10	10	0.039600000000000003	1.6284001335435837e-06	1.0000016284001336	1	2	0	1	1.6284001328774513	1.1102230246251565e-16	1.6283999999999996
82	9	5	5	0.061600000000000002	4.7160003848256282e-07	1.0000004716000386	1	2	0	1	0.47160003848256321	0	0.47160000000000002
83	53	100	100	0.039600000000000003	2.7036002213909376e-06	1.0000027036002215	1	2	0	1	2.7036002206137915	1.1102230246251565e-16	2.7036000000000024
84	33	10	10	0.041599999999999998	1.6700001369381459e-06	1.0000016700001368	1	2	0	1	1.6700001362720118	1.1102230246251565e-16	1.6699999999999997

[frame_retry_distribution]
frame_id	retry_count	probability
0	0	0.99999989880000517
0	1	1.0119998372704138e-07
0	2	1.1152237542046581e-14
0	3	1.3223462964096524e-21
0	4	1.651475624726784e-28
0	5	2.1417129426682251e-35
1	0	0.99999948680013173
1	1	5.1319969474873093e-07
1	2	1.7356412260118807e-13
1	3	4.9144336881911902e-20
1	4	1.2655879498510569e-26
1	5	3.079787697303514e-33
5	0	0.99999801120197762
5	1	1.9887954058773051e-06
5	2	2.6164590224691248e-12
5	3	2.2623734675176883e-18
5	4	1.5464770031085049e-24
5	5	8.9678013321715093e-31
5	6	3.0631297429439547e-37
6	0	0.99999725680376261
6	1	2.7431922510195853e-06
6	2	3.9864066538908765e-12
6	3	4.0819352399592936e-18
6	4	3.3059034750415008e-24
6	5	2.9153091656141534e-30
6	6	1.6541129403576976e-36
7	0	0.99999985920001
7	1	1.4079997178368289e-07
7	2	1.8303995240960604e-14
7	3	2.3969821885910364e-21
7	4	3.1988673734852619e-28
7	5	4.3499847285639739e-35
8	0	0.99999965920005807
8	1	3.4079986286210781e-07
8	2	7.9065563313570211e-14
8	3	1.5691296200652581e-20
8	4	2.8750554826085329e-27
8	5	5.0322414170632796e-34
9	0	0.99999797160205728
9	1	2.0283952340769591e-06
9	2	2.7087187745549165e-12
9	3	2.3773778661280639e-18
9	4	1.6484084532887843e-24
9	5	9.6883032743035899e-31
9	6	3.5970291514722674e-37
11	0	0.99999769240266245
11	1	2.3075944866886652e-06
11	2	2.8508019962297288e-12
11	3	2.5055648240841789e-18
11	4	1.757095864202992e-24
11	5	1.0457824003118297e-30
11	6	4.5273213013050162e-37
15	0	0.99999825080152982
15	1	1.7491967975675695e-06
15	2	1.6725818413514264e-12
15	3	1.1591447171964613e-18
15	4	6.5171573625993882e-25
15	5	4.7181067503108211e-31
15	6	6.6567372739959341e-38
15	7	1.1102230246251565e-16
17	0	0.99999721720387202
17	1	2.7827920289590981e-06
17	2	4.0990523241740793e-12
17	3	4.2513457128942613e-18
17	4	3.4851003918499975e-24
17	5	3.1008162076463622e-30
17	6	1.7832607735439605e-36
19	0	0.99999765280275454
19	1	2.3471942991275639e-06
19	2	2.9461980438551557e-12
19	3	2.6282563043508388e-18
19	4	1.8690761307092197e-24
19	5	1.1271460576341385e-30
19	6	4.9703075333730879e-37
19	7	1.1102230246251565e-16
20	0	0.99999981760001666
20	1	1.8239995549440565e-07
20	2	2.7870711482709267e-14
20	3	4.0990080308439761e-21
20	4	5.992081836866762e-28
20	5	8.7911413217176209e-35
21	0	0.99999944720015288
21	1	5.5279964930379125e-07
21	2	1.9790225830193259e-13
21	3	5.861202527236337e-20
21	4	1.5653788043843763e-26
21	5	3.9257117779734635e-33
22	0	0.99999940560017664
22	1	5.9439959818573622e-07
22	2	2.251585494198189e-13
22	3	6.9768299253085552e-20
22	4	1.9335842105402278e-26
22	5	5.0010525155560761e-33
24	0	0.99999977800002471
24	1	2.2199993704080868e-07
24	2	3.831718677290482e-14
24	3	6.1229883891678163e-21
24	4	9.5058769565661992e-28
24	5	1.4597383507795317e-34
25	0	0.99999761320284841
25	1	2.3867941084301525e-06
25	2	3.0431622399263976e-12
25	3	2.7548844734044861e-18
25	4	1.9863191714041329e-24
25	5	1.2134909189598345e-30
25	6	5.4480442689917297e-37
27	0	0.99999936400020228
27	1	6.3599954360656407e-07
27	2	2.5414539688691809e-13
27	3	8.2235643406813612e-20
27	4	2.362176251594084e-26
27	5	6.2961849373210918e-33
28	0	0.99999821120159993
28	1	1.7887966542316079e-06
28	2	1.7458653920674297e-12
28	3	1.2329365266390625e-18
28	4	7.053486431322139e-25
28	5	5.1617115573876016e-31
28	6	7.3831859090954828e-38
29	0	0.9999993224002296
29	1	6.7759948556627638e-07
29	2	2.8486280048725766e-13
29	3	9.6086048799521439e-20
29	4	2.8573461652496836e-26
29	5	7.8427990043559417e-33
33	0	0.99999928080025868
33	1	7.1919942406487135e-07
33	2	3.1731076000486277e-13
33	3	1.1139150648520302e-19
33	4	3.4255839865418824e-26
33	5	1.6526634874973585e-32
34	0	0.99999757360294361
34	1	2.4263939145964322e-06
34	2	3.141694584257172e-12
34	3	2.8855114297475834e-18
34	4	2.108987175739465e-24
34	5	1.3050420292724847e-30
34	6	5.9357313315298345e-37
34	7	1.1102230246251565e-16
35	0	0.99999753400304059
35	1	2.4659937176264069e-06
35	2	3.2417950766611889e-12
35	3	3.0201992718727216e-18
35	4	2.2372447922601405e-24
35	5	1.4020311195508246e-30
35	6	6.5162908439647837e-37
36	0	0.9999971776039831
36	1	2.8223918037623041e-06
36	2	4.2132661408538511e-12
36	3	4.4253750725269644e-18
36	4	4.5565543577100219e-24
36	5	3.456329024349993e-30
36	6	1.9802022930244062e-36
38	0	0.99999713800409562
38	1	2.8619915754292021e-06
38	2	4.3290481037438745e-12
38	3	4.6040871516594491e-18
38	4	4.786047140377561e-24
38	5	3.6672209393302576e-30
38	6	2.1467377232396423e-36
39	0	0.9999997384000342
39	1	2.615999154508935e-07
39	2	5.033182063231166e-14
39	3	8.6882971775432819e-21
39	4	1.4289512548925796e-27
39	5	2.2947543998569062e-34
39	6	1.1102230246251565e-16
40	0	0.99999924120028794
40	1	7.5879936230474706e-07
40	2	3.4980647747827955e-13
40	3	1.2737873783730129e-19
40	4	4.0405908647369043e-26
40	5	1.9801281822672502e-32
41	0	0.99999919360032508
41	1	8.0639928391711737e-07
41	2	3.9094234094212308e-13
41	3	1.4851469571429654e-19
41	4	7.8545496822639281e-26
41	5	2.9778138308033536e-32
41	6	1.1102230246251565e-16
42	0	0.9999991520003596
42	1	8.4799921169956638e-07
42	2	4.2874836644943309e-13
42	3	1.6878172185218206e-19
42	4	9.0987447954466733e-26
42	5	3.5162600357037444e-32
43	0	0.99999749440313901
43	1	2.5055935175200641e-06
43	2	3.3434637169521265e-12
43	3	3.159010098262683e-18
43	4	2.3712591286038431e-24
43	5	1.5046966793180963e-30
43	6	7.146444767523089e-37
44	0	0.99999709840420969
44	1	2.9015913439597958e-06
44	2	4.4463973233783344e-12
44	3	5.6768225905051091e-18
44	4	5.1855448855984761e-24
44	5	3.9175764226035058e-30
44	6	2.3357163007780916e-36
45	0	0.9999991104003958
45	1	8.8959913602089881e-07
45	2	4.6828485333236917e-13
45	3	2.8445564926479532e-19
45	4	1.2181530332380843e-25
45	5	4.4364866588412614e-32
47	0	0.99999745480323909
47	1	2.5451933142774201e-06
47	2	3.4467005049437125e-12
47	3	3.3020060073903937e-18
47	4	2.5111997515005018e-24
47	5	1.6132840659671353e-30
47	6	7.7873015784787836e-37
48	0	0.99999705880432532
48	1	2.941191109354079e-06
48	2	4.5653155543463604e-12
48	3	5.8888683474580271e-18
48	4	5.4365870312160824e-24
48	5	4.1498931400670333e-30
48	6	2.5035254382990323e-36
49	0	0.99999907080043171
49	1	9.2919906076511386e-07
49	2	5.0752838406989348e-13
49	3	3.1495438511904469e-19
49	4	1.3776241814161104e-25
49	5	5.1185255281093645e-32
50	0	0.99999903120046929
50	1	9.6879878861323617e-07
50	2	7.4209981152239321e-13
50	3	3.8266657193681863e-19
50	4	1.6157389024684163e-25
50	5	5.9981718673127974e-32
51	0	0.99999817160167148
51	1	1.8283965077593361e-06
51	2	1.820717093856229e-12
51	3	1.3097890583857017e-18
51	4	1.0760445404161782e-24
51	5	6.2697428675406596e-31
51	6	8.1675303747149918e-38
52	0	0.99999898960051048
52	1	1.0103986945640429e-06
52	2	7.9498162801248692e-13
52	3	4.2059641348365403e-19
52	4	1.8183418672435411e-25
52	5	6.8969769501275558e-32
54	0	0.99999741520334062
54	1	2.5847931078984698e-06
54	2	3.5515054404496488e-12
54	3	3.4492490977189629e-18
54	4	2.6572386867718351e-24
54	5	1.7280456022044887e-30
54	6	8.4744862458531749e-37
55	0	0.99999874800078381
55	1	1.2519983303339122e-06
55	2	8.8591394625369665e-13
55	3	4.6749823699478182e-19
55	4	2.0513681978264643e-25
55	5	7.9223640346893746e-32
57	0	0.99999813200174481
57	1	1.8679963581507503e-06
57	2	1.897136946531523e-12
57	3	1.3897650195662611e-18
57	4	1.1554423149557992e-24
57	5	6.8184234633597819e-31
57	6	1.1503032132591047e-37
58	0	0.99999969880004536
58	1	3.0119989072466003e-07
58	2	6.3914612874632608e-14
58	3	1.185703343748037e-20
58	4	2.0607903232197147e-27
58	5	3.4571090508976394e-34
59	0	0.99999961960007244
59	1	3.8039983186323739e-07
59	2	9.5784671762827279e-14
59	3	2.025318448889693e-20
59	4	3.9031564346879863e-27
59	5	7.1190567641082692e-34
60	0	0.99999870440083927
60	1	1.2955982157009091e-06
60	2	9.4500926141948624e-13
60	3	5.1237276848971332e-19
60	4	2.3036237257979509e-25
60	5	9.0940965577774318e-32
61	0	0.99999866280089411
61	1	1.3371981027819855e-06
61	2	1.0031659348487039e-12
61	3	5.5777287306928487e-19
61	4	2.5652585205166129e-25
61	5	1.0337017815541585e-31
62	0	0.99999958000008826
62	1	4.1999979772804923e-07
62	2	1.1407193803610666e-13
62	3	2.5604797314213928e-20
62	4	5.1789620002585732e-27
62	5	9.830900321115695e-34
63	0	0.99999862120095062
63	1	1.3787979864019495e-06
63	2	1.063053160770761e-12
63	3	6.0576950187983719e-19
63	4	2.848493707371676e-25
63	5	1.1711785588269202e-31
64	0	0.99999737560344382
64	1	2.6243928983832088e-06
64	2	3.6578785232836205e-12
64	3	3.6008014677016173e-18
64	4	2.8095504193307822e-24
64	5	1.8492406723527319e-30
64	6	9.2106011432223846e-37
65	0	0.99999809040182341
65	1	1.9095961976082658e-06
65	2	1.9791048635126277e-12
65	3	1.9514053837965873e-18
65	4	1.3389415484174024e-24
65	5	7.6205899460759492e-31
65	6	2.4311822815609415e-37
67	0	0.99999701920444262
67	1	2.9807902754539481e-06
67	2	5.2819599370964516e-12
67	3	6.214358182906158e-18
67	4	5.7162715965377122e-24
67	5	4.3967128461795811e-30
67	6	2.681176075073161e-36
68	0	0.99999733600354845
68	1	2.6639926857316436e-06
68	2	3.7658197532593542e-12
68	3	3.7567252157818007e-18
68	4	2.968311893181145e-24
68	5	1.977135509853747e-30
68	6	1.3096602799164462e-36
69	0	0.99999697960456146
69	1	3.0203900266556657e-06
69	2	5.4119344081477606e-12
69	3	6.4382678876114807e-18
69	4	5.9857552074719501e-24
69	5	4.6512146171025702e-30
69	6	2.8691221277611195e-36
70	0	0.99999857760101163
70	1	1.4223978607120078e-06
70	2	1.1276769319540381e-12
70	3	6.5893893921875051e-19
70	4	3.1697877028729496e-25
70	5	1.3305273856107253e-31
72	0	0.99999853800106875
72	1	1.4619977432585413e-06
72	2	1.1880192692295139e-12
72	3	7.0984029559021571e-19
72	4	3.4844106927485242e-25
72	5	1.4898132374729276e-31
74	0	0.99999849240113636
74	1	1.5075976041239825e-06
74	2	1.2594469357143005e-12
74	3	7.7161490178352636e-19
74	4	3.8750033702999556e-25
74	5	1.6917004086719883e-31
74	6	1.1102230246251565e-16
76	0	0.99999805080189974
76	1	1.9491960415686596e-06
76	2	2.0587401978373624e-12
76	3	2.0570601873829059e-18
76	4	1.4310723768940616e-24
76	5	8.2554662321158089e-31
76	6	2.7614039375772051e-37
77	0	0.99999829040146127
77	1	1.7095969377672201e-06
77	2	1.600866441894519e-12
77	3	1.0883518452324068e-18
77	4	6.0119547649382847e-25
77	5	2.8647590766806802e-31
77	6	5.9852630024341689e-38
77	7	1.1102230246251565e-16
78	0	0.99999845080120009
78	1	1.5491974735666997e-06
78	2	1.3264227686317054e-12
78	3	8.3099868438702209e-19
78	4	4.259083006433337e-25
78	5	1.8943765632318743e-31
79	0	0.99999697960456146
79	1	3.0203900266556657e-06
79	2	5.4119344081477606e-12
79	3	6.4382678876114807e-18
79	4	5.9857552074719501e-24
79	5	4.6512146171025702e-30
79	6	2.8691221277611195e-36
80	0	0.99999841120126221
80	1	1.5887973460706953e-06
80	2	1.3917863615881566e-12
80	3	8.902795241899684e-19
80	4	4.6504990165086466e-25
80	5	2.1048709913367107e-31
81	0	0.99999837160132576
81	1	1.6283972154383799e-06
81	2	1.4587181065582972e-12
81	3	9.5230777047141196e-19
81	4	5.0682262521022905e-25
81	5	2.3336268398811312e-31
81	6	1.1102230246251565e-16
82	0	0.99999952840011119
82	1	4.7159973911095186e-07
82	2	1.4968574497945909e-13
82	3	4.0339767356580362e-20
82	4	9.9855245143482658e-27
82	5	2.3525188450969663e-33
83	0	0.99999729640365465
83	1	2.7035924699437696e-06
83	2	3.8753291301905346e-12
83	3	3.9170824403931198e-18
83	4	3.1337025114170178e-24
83	5	2.1120044819598521e-30
83	6	1.4500487443777073e-36
83	7	1.1102230246251565e-16
84	0	0.99999833000139438
84	1	1.6699970748305629e-06
84	2	1.5307191938830035e-12
84	3	1.0204958120860837e-18
84	4	5.536649688823403e-25
84	5	2.59487589348791e-31
84	6	1.1102230246251565e-16

[frame_retry_cdf]
frame_id	retry_count	cumulative_probability
0	0	0.99999989880000517
0	1	0.9999999999999889
0	2	1
0	3	1
0	4	1
0	5	1
1	0	0.99999948680013173
1	1	0.99999999999982647
1	2	1
1	3	1
1	4	1
1	5	1
5	0	0.99999801120197762
5	1	0.99999999999738354
5	2	1
5	3	1
5	4	1
5	5	1
5	6	1
6	0	0.99999725680376261
6	1	0.99999999999601363
6	2	1
6	3	1
6	4	1
6	5	1
6	6	1
7	0	0.99999985920001
7	1	0.99999999999998179
7	2	1
7	3	1
7	4	1
7	5	1
8	0	0.99999965920005807
8	1	0.99999999999992095
8	2	1
8	3	1
8	4	1
8	5	1
9	0	0.99999797160205728
9	1	0.99999999999729139
9	2	1
9	3	1
9	4	1
9	5	1
9	6	1
11	0	0.99999769240266245
11	1	0.99999999999714917
11	2	1
11	3	1
11	4	1
11	5	1
11	6	1
15	0	0.99999825080152982
15	1	0.99999999999832734
15	2	0.99999999999999989
15	3	0.99999999999999989
15	4	0.99999999999999989
15	5	0.99999999999999989
15	6	0.99999999999999989
15	7	1
17	0	0.99999721720387202
17	1	0.99999999999590095
17	2	1
17	3	1
17	4	1
17	5	1
17	6	1
19	0	0.99999765280275454
19	1	0.99999999999705369
19	2	0.99999999999999989
19	3	0.99999999999999989
19	4	0.99999999999999989
19	5	0.99999999999999989
19	6	0.99999999999999989
19	7	1
20	0	0.99999981760001666
20	1	0.99999999999997213
20	2	1
20	3	1
20	4	1
20	5	1
21	0	0.99999944720015288
21	1	0.99999999999980216
21	2	1
21	3	1
21	4	1
21	5	1
22	0	0.99999940560017664
22	1	0.99999999999977485
22	2	1
22	3	1
22	4	1
22	5	1
24	0	0.99999977800002471
24	1	0.9999999999999617
24	2	1
24	3	1
24	4	1
24	5	1
25	0	0.99999761320284841
25	1	0.99999999999695688
25	2	1
25	3	1
25	4	1
25	5	1
25	6	1
27	0	0.99999936400020228
27	1	0.99999999999974587
27	2	1
27	3	1
27	4	1
27	5	1
28	0	0.99999821120159993
28	1	0.99999999999825417
28	2	1
28	3	1
28	4	1
28	5	1
28	6	1
29	0	0.9999993224002296
29	1	0.99999999999971512
29	2	1
29	3	1
29	4	1
29	5	1
33	0	0.99999928080025868
33	1	0.9999999999996827
33	2	1
33	3	1
33	4	1
33	5	1
34	0	0.99999757360294361
34	1	0.99999999999685818
34	2	0.99999999999999989
34	3	0.99999999999999989
34	4	0.99999999999999989
34	5	0.99999999999999989
34	6	0.99999999999999989
34	7	1
35	0	0.99999753400304059
35	1	0.99999999999675826
35	2	1
35	3	1
35	4	1
35	5	1
35	6	1
36	0	0.9999971776039831
36	1	0.99999999999578681
36	2	1
36	3	1
36	4	1
36	5	1
36	6	1
38	0	0.99999713800409562
38	1	0.99999999999567102
38	2	1
38	3	1
38	4	1
38	5	1
38	6	1
39	0	0.9999997384000342
39	1	0.9999999999999496
39	2	0.99999999999999989
39	3	0.99999999999999989
39	4	0.99999999999999989
39	5	0.99999999999999989
39	6	1
40	0	0.99999924120028794
40	1	0.99999999999965028
40	2	1
40	3	1
40	4	1
40	5	1
41	0	0.99999919360032508
41	1	0.99999999999960898
41	2	0.99999999999999989
41	3	0.99999999999999989
41	4	0.99999999999999989
41	5	0.99999999999999989
41	6	1
42	0	0.9999991520003596
42	1	0.99999999999957134
42	2	1
42	3	1
42	4	1
42	5	1
43	0	0.99999749440313901
43	1	0.99999999999665656
43	2	1
43	3	1
43	4	1
43	5	1
43	6	1
44	0	0.99999709840420969
44	1	0.99999999999555367
44	2	1
44	3	1
44	4	1
44	5	1
44	6	1
45	0	0.9999991104003958
45	1	0.99999999999953182
45	2	1
45	3	1
45	4	1
45	5	1
47	0	0.99999745480323909
47	1	0.99999999999655342
47	2	1
47	3	1
47	4	1
47	5	1
47	6	1
48	0	0.99999705880432532
48	1	0.99999999999543465
48	2	1
48	3	1
48	4	1
48	5	1
48	6	1
49	0	0.99999907080043171
49	1	0.99999999999949252
49	2	1
49	3	1
49	4	1
49	5	1
50	0	0.99999903120046929
50	1	0.99999999999925793
50	2	1
50	3	1
50	4	1
50	5	1
51	0	0.99999817160167148
51	1	0.99999999999817923
51	2	1
51	3	1
51	4	1
51	5	1
51	6	1
52	0	0.99999898960051048
52	1	0.99999999999920508
52	2	1
52	3	1
52	4	1
52	5	1
54	0	0.99999741520334062
54	1	0.99999999999644851
54	2	1
54	3	1
54	4	1
54	5	1
54	6	1
55	0	0.99999874800078381
55	1	0.99999999999911415
55	2	1
55	3	1
55	4	1
55	5	1
57	0	0.99999813200174481
57	1	0.99999999999810296
57	2	1
57	3	1
57	4	1
57	5	1
57	6	1
58	0	0.99999969880004536
58	1	0.99999999999993605
58	2	1
58	3	1
58	4	1
58	5	1
59	0	0.99999961960007244
59	1	0.9999999999999043
59	2	1
59	3	1
59	4	1
59	5	1
60	0	0.99999870440083927
60	1	0.99999999999905498
60	2	1
60	3	1
60	4	1
60	5	1
61	0	0.99999866280089411
61	1	0.99999999999899691
61	2	1
61	3	1
61	4	1
61	5	1
62	0	0.99999958000008826
62	1	0.99999999999988598
62	2	1
62	3	1
62	4	1
62	5	1
63	0	0.99999862120095062
63	1	0.99999999999893707
63	2	1
63	3	1
63	4	1
63	5	1
64	0	0.99999737560344382
64	1	0.99999999999634215
64	2	1
64	3	1
64	4	1
64	5	1
64	6	1
65	0	0.99999809040182341
65	1	0.99999999999802103
65	2	1
65	3	1
65	4	1
65	5	1
65	6	1
67	0	0.99999701920444262
67	1	0.99999999999471811
67	2	1
67	3	1
67	4	1
67	5	1
67	6	1
68	0	0.99999733600354845
68	1	0.99999999999623423
68	2	1
68	3	1
68	4	1
68	5	1
68	6	1
69	0	0.99999697960456146
69	1	0.99999999999458811
69	2	1
69	3	1
69	4	1
69	5	1
69	6	1
70	0	0.99999857760101163
70	1	0.99999999999887235
70	2	1
70	3	1
70	4	1
70	5	1
72	0	0.99999853800106875
72	1	0.99999999999881206
72	2	1
72	3	1
72	4	1
72	5	1
74	0	0.99999849240113636
74	1	0.99999999999874045
74	2	0.99999999999999989
74	3	0.99999999999999989
74	4	0.99999999999999989
74	5	0.99999999999999989
74	6	1
76	0	0.99999805080189974
76	1	0.99999999999794131
76	2	1
76	3	1
76	4	1
76	5	1
76	6	1
77	0	0.99999829040146127
77	1	0.99999999999839906
77	2	0.99999999999999989
77	3	0.99999999999999989
77	4	0.99999999999999989
77	5	0.99999999999999989
77	6	0.99999999999999989
77	7	1
78	0	0.99999845080120009
78	1	0.99999999999867362
78	2	1
78	3	1
78	4	1
78	5	1
79	0	0.99999697960456146
79	1	0.99999999999458811
79	2	1
79	3	1
79	4	1
79	5	1
79	6	1
80	0	0.99999841120126221
80	1	0.99999999999860822
80	2	1
80	3	1
80	4	1
80	5	1
81	0	0.99999837160132576
81	1	0.99999999999854117
81	2	0.99999999999999989
81	3	0.99999999999999989
81	4	0.99999999999999989
81	5	0.99999999999999989
81	6	1
82	0	0.99999952840011119
82	1	0.99999999999985034
82	2	1
82	3	1
82	4	1
82	5	1
83	0	0.99999729640365465
83	1	0.99999999999612454
83	2	0.99999999999999989
83	3	0.99999999999999989
83	4	0.99999999999999989
83	5	0.99999999999999989
83	6	0.99999999999999989
83	7	1
84	0	0.99999833000139438
84	1	0.99999999999846922
84	2	0.99999999999999989
84	3	0.99999999999999989
84	4	0.99999999999999989
84	5	0.99999999999999989
84	6	1

[frame_wcrt_distribution]
frame_id	response_time_ms	probability
0	0.10120000000000001	0.99999989880000517
0	0.1608	1.0119998372704138e-07
0	0.22040000000000001	1.1152237542046581e-14
0	0.28000000000000003	1.3223462964096524e-21
0	0.33960000000000001	1.651475624726784e-28
0	0.3992	2.1417129426682251e-35
1	0.5132000000000001	0.99999948680013173
1	0.59480000000000011	5.1319969474873093e-07
1	0.67640000000000011	1.7356412260118807e-13
1	0.75800000000000012	4.9144336881911902e-20
1	0.83960000000000012	1.2655879498510569e-26
1	0.92120000000000013	3.079787697303514e-33
5	1.9888000000000003	0.99999801120197762
5	2.196800000000001	8.1151147711214807e-40
5	2.3100000000000005	1.9887954058773051e-06
5	2.3916000000000004	2.6164590224691248e-12
5	2.3968000000000003	1.9474550175729837e-32
5	2.4732000000000007	2.2623734675176883e-18
5	2.4784000000000006	3.9783550447293289e-38
5	2.5548000000000006	1.5464770031085049e-24
5	2.6364000000000005	8.7730558222990961e-31
5	2.7180000000000009	2.6652942384710222e-37
6	2.711600000000002	8.1151147711214807e-40
6	2.7432000000000025	0.99999725680376261
6	2.8248000000000024	2.7431922510195853e-06
6	2.9064000000000023	3.9864066538908765e-12
6	2.9880000000000027	4.0819352399592936e-18
6	3.1512000000000024	1.8528665144785359e-31
6	3.2328000000000028	2.9037283791146575e-37
6	3.2696000000000014	3.3059034750415008e-24
6	3.3512000000000013	2.7300225133547885e-30
6	3.4328000000000012	1.3637401024462321e-36
7	0.14080000000000001	0.99999985920001
7	0.20040000000000002	1.4079997178368289e-07
7	0.26000000000000001	1.8303995240960604e-14
7	0.3196	2.3969821885910364e-21
7	0.37919999999999998	3.1988673734852619e-28
7	0.43879999999999997	4.3499847285639739e-35
8	0.34079999999999999	0.99999965920005807
8	0.40239999999999998	3.4079986286210781e-07
8	0.46399999999999997	7.9065563313570211e-14
8	0.52560000000000007	1.5691296200652581e-20
8	0.58719999999999994	2.8750554826085329e-27
8	0.64880000000000004	5.0322414170632796e-34
9	2.0284000000000004	0.99999797160205728
9	2.2364000000000011	8.1151147711214807e-40
9	2.3496000000000006	2.0283952340769591e-06
9	2.4312000000000005	2.7087187745549165e-12
9	2.4364000000000003	2.1168566435495527e-32
9	2.5128000000000008	2.3773778661280639e-18
9	2.5180000000000007	4.5502727191885742e-38
9	2.5944000000000007	1.6484084532887843e-24
9	2.6760000000000006	9.4766176018335177e-31
9	2.7576000000000009	3.1420018795534101e-37
11	2.2760000000000011	8.1151147711214807e-40
11	2.3076000000000008	0.99999769240266245
11	2.3892000000000007	2.3075944866886652e-06
11	2.4708000000000006	2.8508019962297288e-12
11	2.4760000000000004	2.2991523251175195e-32
11	2.5524000000000009	2.5055648240841789e-18
11	2.5576000000000008	5.1891230349581714e-38
11	2.6340000000000008	1.757095864202992e-24
11	2.7156000000000007	1.0227908762491431e-30
11	2.797200000000001	4.0084089978091993e-37
15	1.7491999999999996	0.99999825080152982
15	1.8307999999999995	1.7491967975675695e-06
15	1.9123999999999997	1.6725818413514264e-12
15	1.9572000000000003	8.1151147711214807e-40
15	1.9939999999999998	1.1591447171964613e-18
15	2.1571999999999996	1.4883333613316226e-31
15	2.3151999999999999	6.5171573625993882e-25
15	2.3967999999999998	3.229773380864084e-31
15	2.4783999999999997	6.6567372739959341e-38
15	50.081600000000002	1.1102230246251565e-16
17	2.7512000000000021	8.1151147711214807e-40
17	2.7828000000000026	0.99999721720387202
17	2.8644000000000025	2.7827920289590981e-06
17	2.9460000000000024	4.0990523241740793e-12
17	3.0276000000000027	4.2513457128942613e-18
17	3.1908000000000025	1.9324169580587408e-31
17	3.2724000000000029	3.1639814242989753e-37
17	3.3092000000000015	3.4851003918499975e-24
17	3.3908000000000014	2.9075745110289764e-30
17	3.4724000000000013	1.4668626311140631e-36
19	2.3156000000000012	8.1151147711214807e-40
19	2.3472000000000008	0.99999765280275454
19	2.4288000000000007	2.3471942991275639e-06
19	2.5104000000000006	2.9461980438551557e-12
19	2.5156000000000005	2.3837743646749575e-32
19	2.592000000000001	2.6282563043508388e-18
19	2.5972000000000008	5.9010311405022005e-38
19	2.6736000000000009	1.8690761307092197e-24
19	2.7552000000000008	1.1033083131758775e-30
19	2.8368000000000011	4.3802044193228674e-37
19	100.08159999999999	1.1102230246251565e-16
20	0.18240000000000001	0.99999981760001666
20	0.24399999999999999	1.8239995549440565e-07
20	0.30559999999999998	2.7870711482709267e-14
20	0.36720000000000003	4.0990080308439761e-21
20	0.42880000000000001	5.992081836866762e-28
20	0.4904	8.7911413217176209e-35
21	0.55280000000000018	0.99999944720015288
21	0.63440000000000019	5.5279964930379125e-07
21	0.71600000000000019	1.9790225830193259e-13
21	0.7976000000000002	5.861202527236337e-20
21	0.8792000000000002	1.5653788043843763e-26
21	0.96080000000000021	3.9257117779734635e-33
22	0.59440000000000004	0.99999940560017664
22	0.67600000000000005	5.9439959818573622e-07
22	0.75760000000000005	2.251585494198189e-13
22	0.83920000000000006	6.9768299253085552e-20
22	0.92080000000000006	1.9335842105402278e-26
22	1.0024000000000002	5.0010525155560761e-33
24	0.222	0.99999977800002471
24	0.28360000000000002	2.2199993704080868e-07
24	0.34520000000000001	3.831718677290482e-14
24	0.40680000000000005	6.1229883891678163e-21
24	0.46840000000000004	9.5058769565661992e-28
24	0.53000000000000003	1.4597383507795317e-34
25	2.3552000000000013	8.1151147711214807e-40
25	2.3868000000000009	0.99999761320284841
25	2.4684000000000008	2.3867941084301525e-06
25	2.5500000000000007	3.0431622399263976e-12
25	2.5552000000000006	2.5834309925548548e-32
25	2.631600000000001	2.7548844734044861e-18
25	2.6368000000000009	6.6925332953855845e-38
25	2.7132000000000009	1.9863191714041329e-24
25	2.7948000000000008	1.1876566082227746e-30
25	2.8764000000000012	4.7787909394531718e-37
27	0.63600000000000012	0.99999936400020228
27	0.71760000000000013	6.3599954360656407e-07
27	0.79920000000000013	2.5414539688691809e-13
27	0.88080000000000014	8.2235643406813612e-20
27	0.96240000000000014	2.362176251594084e-26
27	1.044	6.2961849373210918e-33
28	1.7887999999999999	0.99999821120159993
28	1.8704000000000001	1.7887966542316079e-06
28	1.952	1.7458653920674297e-12
28	1.9968000000000008	8.1151147711214807e-40
28	2.0335999999999999	1.2329365266390625e-18
28	2.1968000000000001	1.6435107298123153e-31
28	2.3548000000000004	7.053486431322139e-25
28	2.4364000000000003	3.5182008194601692e-31
28	2.5180000000000007	7.3831859090954828e-38
29	0.67759999999999998	0.9999993224002296
29	0.75919999999999999	6.7759948556627638e-07
29	0.84079999999999999	2.8486280048725766e-13
29	0.9224	9.6086048799521439e-20
29	1.004	2.8573461652496836e-26
29	1.0855999999999999	7.8427990043559417e-33
33	0.71920000000000006	0.99999928080025868
33	0.80080000000000007	7.1919942406487135e-07
33	0.88240000000000007	3.1731076000486277e-13
33	0.96400000000000008	1.1139150648520302e-19
33	1.1272000000000002	3.9266184790799345e-33
33	1.2456000000000003	3.4255839865418824e-26
33	1.3272000000000004	1.260001639589365e-32
34	2.3948000000000014	1.0382104335251053e-39
34	2.426400000000001	0.99999757360294361
34	2.5080000000000009	2.4263939145964322e-06
34	2.5896000000000008	3.141694584257172e-12
34	2.6712000000000011	2.8855114297475834e-18
34	2.676400000000001	7.5240592368670688e-38
34	2.752800000000001	2.108987175739465e-24
34	2.8344000000000009	1.3050420282342742e-30
34	2.9160000000000013	5.1833254078431271e-37
34	100.08159999999999	1.1102230246251565e-16
35	2.4344000000000015	8.1151147711214807e-40
35	2.4660000000000011	0.99999753400304059
35	2.547600000000001	2.4659937176264069e-06
35	2.6292000000000009	3.2417950766611889e-12
35	2.7108000000000012	3.0201992718727216e-18
35	2.7160000000000011	8.5426287200177818e-38
35	2.7924000000000011	2.2372447922601405e-24
35	2.874000000000001	1.4020311187393131e-30
35	2.9556000000000013	5.6620279719630058e-37
36	2.7908000000000022	8.1151147711214807e-40
36	2.8224000000000027	0.9999971776039831
36	2.9040000000000026	2.8223918037623041e-06
36	2.9856000000000025	4.2132661408538511e-12
36	3.2304000000000026	6.8999737808171704e-32
36	3.2672000000000017	4.4253750725269644e-18
36	3.3120000000000029	2.449945512083715e-37
36	3.3488000000000016	4.5565543577100219e-24
36	3.4304000000000014	3.3873292857303093e-30
36	3.5120000000000013	1.7352077418160348e-36
38	2.8304000000000022	8.1151147711214807e-40
38	2.8620000000000028	0.99999713800409562
38	2.9436000000000027	2.8619915754292021e-06
38	3.0252000000000026	4.3290481037438745e-12
38	3.2700000000000027	7.307899099144376e-32
38	3.3068000000000017	4.6040871516594491e-18
38	3.351600000000003	2.698276376693239e-37
38	3.3884000000000016	4.786047140377561e-24
38	3.4700000000000015	3.5941419475273028e-30
38	3.5516000000000014	1.8769100855703186e-36
39	0.2616	0.9999997384000342
39	0.32319999999999999	2.615999154508935e-07
39	0.38480000000000003	5.033182063231166e-14
39	0.44640000000000002	8.6882971775432819e-21
39	0.50800000000000001	1.4289512548925796e-27
39	0.5696	2.2947543998569062e-34
39	1.0616000000000001	1.1102230246251565e-16
40	0.75879999999999992	0.99999924120028794
40	0.84039999999999992	7.5879936230474706e-07
40	0.92199999999999993	3.4980647747827955e-13
40	1.0036	1.2737873783730129e-19
40	1.1667999999999998	4.7996328982253186e-33
40	1.2852000000000001	4.0405908647369043e-26
40	1.3668	1.5001648924447185e-32
41	0.80640000000000001	0.99999919360032508
41	0.88800000000000001	8.0639928391711737e-07
41	0.96960000000000002	3.9094234094212308e-13
41	1.2143999999999999	3.4827259503720445e-33
41	1.2512000000000003	1.4851469571429654e-19
41	1.3328000000000002	7.8545496822639281e-26
41	1.4144000000000001	2.6295412357661491e-32
41	10.0816	1.1102230246251565e-16
42	0.84799999999999986	0.9999991520003596
42	0.92959999999999987	8.4799921169956638e-07
42	1.0111999999999999	4.2874836644943309e-13
42	1.2559999999999998	4.2972408029840787e-33
42	1.2928000000000002	1.6878172185218206e-19
42	1.3744000000000001	9.0987447954466733e-26
42	1.456	3.0865359554053362e-32
43	2.4740000000000015	8.1151147711214807e-40
43	2.5056000000000012	0.99999749440313901
43	2.5872000000000011	2.5055935175200641e-06
43	2.6688000000000009	3.3434637169521265e-12
43	2.7504000000000013	3.159010098262683e-18
43	2.8320000000000012	2.3712591286038431e-24
43	2.9136000000000011	1.5046966785065847e-30
43	2.9952000000000014	7.146444767523089e-37
44	2.8700000000000023	8.1151147711214807e-40
44	2.9016000000000028	0.99999709840420969
44	2.9832000000000027	2.9015913439597958e-06
44	3.2648000000000019	4.4463973233783344e-12
44	3.3096000000000028	7.4809851422021731e-32
44	3.3464000000000018	5.6768225905051091e-18
44	3.3912000000000031	2.8063483665153426e-37
44	3.4280000000000017	5.1855448855984761e-24
44	3.5096000000000016	3.8427665703699726e-30
44	3.5912000000000015	2.0550814641265572e-36
45	0.88959999999999995	0.9999991104003958
45	0.97119999999999995	8.8959913602089881e-07
45	1.2528000000000001	4.6828485333236917e-13
45	1.2976000000000001	4.9502052322421324e-33
45	1.3344	2.8445564926479532e-19
45	1.4160000000000001	1.2181530332380843e-25
45	1.4976000000000003	3.9414661356170481e-32
47	2.5136000000000016	8.1151147711214807e-40
47	2.5452000000000012	0.99999745480323909
47	2.6268000000000011	2.5451933142774201e-06
47	2.708400000000001	3.4467005049437125e-12
47	2.7900000000000014	3.3020060073903937e-18
47	2.8716000000000013	2.5111997515005018e-24
47	2.9532000000000012	1.6132840651556238e-30
47	3.0348000000000015	7.7873015784787836e-37
48	2.909600000000002	8.1151147711214807e-40
48	2.941200000000002	0.99999705880432532
48	3.0228000000000019	2.941191109354079e-06
48	3.3044000000000011	4.5653155543463604e-12
48	3.349200000000002	7.923984174382254e-32
48	3.3860000000000015	5.8888683474580271e-18
48	3.4308000000000023	3.0931053254167038e-37
48	3.4676000000000013	5.4365870312160824e-24
48	3.5492000000000012	4.0706532975116992e-30
48	3.6308000000000016	2.1942149057573616e-36
49	0.9291999999999998	0.99999907080043171
49	1.0107999999999997	9.2919906076511386e-07
49	1.2924	5.0752838406989348e-13
49	1.3371999999999997	6.1125485757166434e-33
49	1.3740000000000001	3.1495438511904469e-19
49	1.4556	1.3776241814161104e-25
49	1.5371999999999999	4.5072706705377008e-32
50	0.96879999999999966	0.99999903120046929
50	1.2504	9.6879878861323617e-07
50	1.3319999999999999	7.4209981152239321e-13
50	1.3767999999999998	5.7725060917591103e-33
50	1.4135999999999997	3.8266657193681863e-19
50	1.4951999999999999	1.6157389024684163e-25
50	1.5768	5.4209212581368858e-32
51	1.8283999999999998	0.99999817160167148
51	1.9099999999999997	1.8283965077593361e-06
51	1.9915999999999998	1.820717093856229e-12
51	2.0364000000000004	8.1151147711214807e-40
51	2.2363999999999997	1.0873648658809212e-31
51	2.3128000000000002	1.3097890583857017e-18
51	2.3944000000000001	1.0760445404161782e-24
51	2.476	5.1823779935446239e-31
51	2.5575999999999999	8.1675303747149918e-38
52	1.0103999999999997	0.99999898960051048
52	1.2919999999999998	1.0103986945640429e-06
52	1.3735999999999997	7.9498162801248692e-13
52	1.4183999999999997	7.1119554779755195e-33
52	1.4551999999999996	4.2059641348365403e-19
52	1.5367999999999997	1.8183418672435411e-25
52	1.6183999999999998	6.1857814023300035e-32
54	2.5532000000000017	8.1151147711214807e-40
54	2.5848000000000013	0.99999741520334062
54	2.6664000000000012	2.5847931078984698e-06
54	2.7480000000000011	3.5515054404496488e-12
54	2.8296000000000014	3.4492490977189629e-18
54	2.9112000000000013	2.6572386867718351e-24
54	2.9928000000000012	1.7280456013929772e-30
54	3.0744000000000016	8.4744862458531749e-37
55	1.2519999999999996	0.99999874800078381
55	1.3335999999999997	1.2519983303339122e-06
55	1.4151999999999996	8.8591394625369665e-13
55	1.4599999999999995	1.0382104335251053e-39
55	1.4967999999999995	4.6749823699478182e-19
55	1.5783999999999996	2.0513681978264643e-25
55	1.6599999999999997	7.9223639308683319e-32
57	1.8679999999999999	0.99999813200174481
57	1.9495999999999998	1.8679963581507503e-06
57	2.0312000000000001	1.897136946531523e-12
57	2.0760000000000005	8.1151147711214807e-40
57	2.2759999999999998	1.2162516052914058e-31
57	2.3524000000000007	1.3897650195662611e-18
57	2.4340000000000006	1.1554423149557992e-24
57	2.5156000000000005	5.6021718499532614e-31
57	2.5972000000000008	1.1503032132591047e-37
58	0.30120000000000002	0.99999969880004536
58	0.36280000000000001	3.0119989072466003e-07
58	0.4244	6.3914612874632608e-14
58	0.48600000000000004	1.185703343748037e-20
58	0.54760000000000009	2.0607903232197147e-27
58	0.60919999999999996	3.4571090508976394e-34
59	0.38040000000000002	0.99999961960007244
59	0.442	3.8039983186323739e-07
59	0.50360000000000005	9.5784671762827279e-14
59	0.56520000000000004	2.025318448889693e-20
59	0.62680000000000002	3.9031564346879863e-27
59	0.68840000000000001	7.1190567641082692e-34
60	1.2955999999999996	0.99999870440083927
60	1.3771999999999998	1.2955982157009091e-06
60	1.4587999999999997	9.4500926141948624e-13
60	1.5035999999999996	1.312959050936332e-39
60	1.5403999999999995	5.1237276848971332e-19
60	1.6219999999999997	2.3036237257979509e-25
60	1.7035999999999998	9.0940964264815264e-32
61	1.3371999999999995	0.99999866280089411
61	1.4187999999999996	1.3371981027819855e-06
61	1.5003999999999995	1.0031659348487039e-12
61	1.5451999999999999	1.0382104335251053e-39
61	1.5819999999999994	5.5777287306928487e-19
61	1.6635999999999995	2.5652585205166129e-25
61	1.7451999999999996	1.0337017711720542e-31
62	0.42000000000000004	0.99999958000008826
62	0.48160000000000003	4.1999979772804923e-07
62	0.54320000000000002	1.1407193803610666e-13
62	0.6048	2.5604797314213928e-20
62	0.6664000000000001	5.1789620002585732e-27
62	0.72799999999999998	9.830900321115695e-34
63	1.3787999999999996	0.99999862120095062
63	1.4603999999999995	1.3787979864019495e-06
63	1.5419999999999996	1.063053160770761e-12
63	1.5867999999999998	1.0382104335251053e-39
63	1.6235999999999997	6.0576950187983719e-19
63	1.7051999999999996	2.848493707371676e-25
63	1.7867999999999995	1.1711785484448159e-31
64	2.5928000000000018	8.1151147711214807e-40
64	2.6244000000000014	0.99999737560344382
64	2.7060000000000013	2.6243928983832088e-06
64	2.7876000000000012	3.6578785232836205e-12
64	2.8692000000000015	3.6008014677016173e-18
64	2.9508000000000014	2.8095504193307822e-24
64	3.0324000000000013	1.8492406715412203e-30
64	3.1140000000000017	9.2106011432223846e-37
65	1.9096000000000002	0.99999809040182341
65	1.9912000000000001	1.9095961976082658e-06
65	2.1176000000000008	2.0363550261841613e-39
65	2.3124000000000002	1.9791048635126277e-12
65	2.3176000000000001	1.9953670283080489e-32
65	2.3940000000000006	1.9514053837965873e-18
65	2.3992000000000004	2.9272032440848407e-38
65	2.4756000000000005	1.3389415484174024e-24
65	2.5572000000000004	7.4210532228815949e-31
65	2.6388000000000007	2.1384619571524577e-37
67	2.949200000000002	8.1151147711214807e-40
67	2.9808000000000021	0.99999701920444262
67	3.2624000000000013	2.9807902754539481e-06
67	3.3440000000000012	5.2819599370964516e-12
67	3.388800000000002	7.611982968640033e-32
67	3.4256000000000015	6.214358182906158e-18
67	3.4704000000000024	3.4038750484036277e-37
67	3.5072000000000014	5.7162715965377122e-24
67	3.5888000000000013	4.3205930156816716e-30
67	3.6704000000000017	2.3407885702327982e-36
68	2.6324000000000018	8.1151147711214807e-40
68	2.6640000000000015	0.99999733600354845
68	2.7456000000000014	2.6639926857316436e-06
68	2.8272000000000013	3.7658197532593542e-12
68	2.9088000000000016	3.7567252157818007e-18
68	2.9904000000000015	2.968311893181145e-24
68	3.0720000000000014	4.2801201096110667e-31
68	3.1536000000000017	5.2244595683827177e-37
68	3.2720000000000011	1.5491234980811281e-30
68	3.353600000000001	7.872143230781746e-37
69	2.9888000000000021	8.1151147711214807e-40
69	3.0204000000000022	0.99999697960456146
69	3.3020000000000014	3.0203900266556657e-06
69	3.3836000000000013	5.4119344081477606e-12
69	3.4284000000000021	8.0842691799653841e-32
69	3.4652000000000016	6.4382678876114807e-18
69	3.5100000000000025	3.7402399332547927e-37
69	3.5468000000000015	5.9857552074719501e-24
69	3.6284000000000014	4.5703719244914048e-30
69	3.7100000000000017	2.4950981344356404e-36
70	1.4223999999999994	0.99999857760101163
70	1.5039999999999996	1.4223978607120078e-06
70	1.5855999999999995	1.1276769319540381e-12
70	1.6303999999999998	1.312959050936332e-39
70	1.6671999999999993	6.5893893921875051e-19
70	1.7487999999999995	3.1697877028729496e-25
70	1.8303999999999996	1.3305273724811347e-31
72	1.4619999999999993	0.99999853800106875
72	1.5435999999999992	1.4619977432585413e-06
72	1.6251999999999993	1.1880192692295139e-12
72	1.6699999999999999	8.1151147711214807e-40
72	1.7067999999999994	7.0984029559021571e-19
72	1.7883999999999993	3.4844106927485242e-25
72	1.8699999999999992	1.4898132293578129e-31
74	1.5075999999999994	0.99999849240113636
74	1.5891999999999995	1.5075976041239825e-06
74	1.6707999999999994	1.2594469357143005e-12
74	1.7156000000000002	1.6430203687262489e-39
74	1.7523999999999993	7.7161490178352636e-19
74	1.8339999999999994	3.8750033702999556e-25
74	1.9155999999999995	1.6917003922417844e-31
74	10.0816	1.1102230246251565e-16
76	1.9492000000000003	0.99999805080189974
76	2.0308000000000002	1.9491960415686596e-06
76	2.1572000000000009	8.1151147711214807e-40
76	2.3520000000000003	2.0587401978373624e-12
76	2.3572000000000002	1.8316523547814854e-32
76	2.4336000000000007	2.0570601873829059e-18
76	2.4388000000000005	3.467638361932717e-38
76	2.5152000000000005	1.4310723768940616e-24
76	2.5968000000000004	8.0723009885225457e-31
76	2.6784000000000008	2.4146401013839335e-37
77	1.7095999999999996	0.99999829040146127
77	1.7911999999999995	1.7095969377672201e-06
77	1.8727999999999996	1.600866441894519e-12
77	1.9176000000000002	8.1151147711214807e-40
77	1.9543999999999997	1.0883518452324068e-18
77	2.0359999999999996	6.0119547649382847e-25
77	2.1175999999999995	1.8405869370869642e-31
77	2.1991999999999994	2.6956219158852953e-38
77	2.3571999999999997	1.0241721314786011e-31
77	2.4387999999999996	3.2896410865488731e-38
77	20.081600000000002	1.1102230246251565e-16
78	1.5491999999999995	0.99999845080120009
78	1.6307999999999994	1.5491974735666997e-06
78	1.7123999999999995	1.3264227686317054e-12
78	1.7572000000000001	1.0382104335251053e-39
78	1.7939999999999996	8.3099868438702209e-19
78	1.8755999999999995	4.259083006433337e-25
78	1.9571999999999994	1.89437655284977e-31
79	2.9888000000000021	8.1151147711214807e-40
79	3.0204000000000022	0.99999697960456146
79	3.3020000000000014	3.0203900266556657e-06
79	3.3836000000000013	5.4119344081477606e-12
79	3.4284000000000021	8.0842691799653841e-32
79	3.4652000000000016	6.4382678876114807e-18
79	3.5100000000000025	3.7402399332547927e-37
79	3.5468000000000015	5.9857552074719501e-24
79	3.6284000000000014	4.5703719244914048e-30
79	3.7100000000000017	2.4950981344356404e-36
80	1.5887999999999995	0.99999841120126221
80	1.6703999999999994	1.5887973460706953e-06
80	1.7519999999999996	1.3917863615881566e-12
80	1.7968000000000002	8.1151147711214807e-40
80	1.8335999999999997	8.902795241899684e-19
80	1.9151999999999996	4.6504990165086466e-25
80	1.9967999999999995	2.104870983221596e-31
81	1.6283999999999996	0.99999837160132576
81	1.7099999999999995	1.6283972154383799e-06
81	1.7915999999999996	1.4587181065582972e-12
81	1.8364000000000003	8.1151147711214807e-40
81	1.8731999999999998	9.5230777047141196e-19
81	1.9547999999999996	5.0682262521022905e-25
81	2.0363999999999995	2.3336268317660165e-31
81	10.0816	1.1102230246251565e-16
82	0.47160000000000002	0.99999952840011119
82	0.55320000000000003	4.7159973911095186e-07
82	0.63480000000000003	1.4968574497945909e-13
82	0.71640000000000004	4.0339767356580362e-20
82	0.79800000000000004	9.9855245143482658e-27
82	0.87960000000000005	2.3525188450969663e-33
83	2.6720000000000019	8.1151147711214807e-40
83	2.7036000000000024	0.99999729640365465
83	2.7852000000000023	2.7035924699437696e-06
83	2.8668000000000022	3.8753291301905346e-12
83	2.9484000000000026	3.9170824403931198e-18
83	3.0300000000000025	3.1337025114170178e-24
83	3.1116000000000024	3.4474134994383766e-31
83	3.1932000000000027	5.6970642430577213e-37
83	3.3116000000000012	1.7672631312045037e-30
83	3.3932000000000011	8.8034232007193536e-37
83	100.08159999999999	1.1102230246251565e-16
84	1.6699999999999997	0.99999833000139438
84	1.7515999999999998	1.6699970748305629e-06
84	1.8331999999999997	1.5307191938830035e-12
84	1.8780000000000006	1.0382104335251053e-39
84	1.9147999999999996	1.0204958120860837e-18
84	1.9963999999999997	5.536649688823403e-25
84	2.0779999999999998	2.5948758831058057e-31
84	10.0816	1.1102230246251565e-16

[frame_wcrt_cdf]
frame_id	response_time_ms	cumulative_probability
0	0.10120000000000001	0.99999989880000517
0	0.1608	0.9999999999999889
0	0.22040000000000001	1
0	0.28000000000000003	1
0	0.33960000000000001	1
0	0.3992	1
1	0.5132000000000001	0.99999948680013173
1	0.59480000000000011	0.99999999999982647
1	0.67640000000000011	1
1	0.75800000000000012	1
1	0.83960000000000012	1
1	0.92120000000000013	1
5	1.9888000000000003	0.99999801120197762
5	2.196800000000001	0.99999801120197762
5	2.3100000000000005	0.99999999999738354
5	2.3916000000000004	1
5	2.3968000000000003	1
5	2.4732000000000007	1
5	2.4784000000000006	1
5	2.5548000000000006	1
5	2.6364000000000005	1
5	2.7180000000000009	1
6	2.711600000000002	8.1151147711214807e-40
6	2.7432000000000025	0.99999725680376261
6	2.8248000000000024	0.99999999999601363
6	2.9064000000000023	1
6	2.9880000000000027	1
6	3.1512000000000024	1
6	3.2328000000000028	1
6	3.2696000000000014	1
6	3.3512000000000013	1
6	3.4328000000000012	1
7	0.14080000000000001	0.99999985920001
7	0.20040000000000002	0.99999999999998179
7	0.26000000000000001	1
7	0.3196	1
7	0.37919999999999998	1
7	0.43879999999999997	1
8	0.34079999999999999	0.99999965920005807
8	0.40239999999999998	0.99999999999992095
8	0.46399999999999997	1
8	0.52560000000000007	1
8	0.58719999999999994	1
8	0.64880000000000004	1
9	2.0284000000000004	0.99999797160205728
9	2.2364000000000011	0.99999797160205728
9	2.3496000000000006	0.99999999999729139
9	2.4312000000000005	1
9	2.4364000000000003	1
9	2.5128000000000008	1
9	2.5180000000000007	1
9	2.5944000000000007	1
9	2.6760000000000006	1
9	2.7576000000000009	1
11	2.2760000000000011	8.1151147711214807e-40
11	2.3076000000000008	0.99999769240266245
11	2.3892000000000007	0.99999999999714917
11	2.4708000000000006	1
11	2.4760000000000004	1
11	2.5524000000000009	1
11	2.5576000000000008	1
11	2.6340000000000008	1
11	2.7156000000000007	1
11	2.797200000000001	1
15	1.7491999999999996	0.99999825080152982
15	1.8307999999999995	0.99999999999832734
15	1.9123999999999997	0.99999999999999989
15	1.9572000000000003	0.99999999999999989
15	1.9939999999999998	0.99999999999999989
15	2.1571999999999996	0.99999999999999989
15	2.3151999999999999	0.99999999999999989
15	2.3967999999999998	0.99999999999999989
15	2.4783999999999997	0.99999999999999989
15	50.081600000000002	1
17	2.7512000000000021	8.1151147711214807e-40
17	2.7828000000000026	0.99999721720387202
17	2.8644000000000025	0.99999999999590095
17	2.9460000000000024	1
17	3.0276000000000027	1
17	3.1908000000000025	1
17	3.2724000000000029	1
17	3.3092000000000015	1
17	3.3908000000000014	1
17	3.4724000000000013	1
19	2.3156000000000012	8.1151147711214807e-40
19	2.3472000000000008	0.99999765280275454
19	2.4288000000000007	0.99999999999705369
19	2.5104000000000006	0.99999999999999989
19	2.5156000000000005	0.99999999999999989
19	2.592000000000001	0.99999999999999989
19	2.5972000000000008	0.99999999999999989
19	2.6736000000000009	0.99999999999999989
19	2.7552000000000008	0.99999999999999989
19	2.8368000000000011	0.99999999999999989
19	100.08159999999999	1
20	0.18240000000000001	0.99999981760001666
20	0.24399999999999999	0.99999999999997213
20	0.30559999999999998	1
20	0.36720000000000003	1
20	0.42880000000000001	1
20	0.4904	1
21	0.55280000000000018	0.99999944720015288
21	0.63440000000000019	0.99999999999980216
21	0.71600000000000019	1
21	0.7976000000000002	1
21	0.8792000000000002	1
21	0.96080000000000021	1
22	0.59440000000000004	0.99999940560017664
22	0.67600000000000005	0.99999999999977485
22	0.75760000000000005	1
22	0.83920000000000006	1
22	0.92080000000000006	1
22	1.0024000000000002	1
24	0.222	0.99999977800002471
24	0.28360000000000002	0.9999999999999617
24	0.34520000000000001	1
24	0.40680000000000005	1
24	0.46840000000000004	1
24	0.53000000000000003	1
25	2.3552000000000013	8.1151147711214807e-40
25	2.3868000000000009	0.99999761320284841
25	2.4684000000000008	0.99999999999695688
25	2.5500000000000007	1
25	2.5552000000000006	1
25	2.631600000000001	1
25	2.6368000000000009	1
25	2.7132000000000009	1
25	2.7948000000000008	1
25	2.8764000000000012	1
27	0.63600000000000012	0.99999936400020228
27	0.71760000000000013	0.99999999999974587
27	0.79920000000000013	1
27	0.88080000000000014	1
27	0.96240000000000014	1
27	1.044	1
28	1.7887999999999999	0.99999821120159993
28	1.8704000000000001	0.99999999999825417
28	1.952	1
28	1.9968000000000008	1
28	2.0335999999999999	1
28	2.1968000000000001	1
28	2.3548000000000004	1
28	2.4364000000000003	1
28	2.5180000000000007	1
29	0.67759999999999998	0.9999993224002296
29	0.75919999999999999	0.99999999999971512
29	0.84079999999999999	1
29	0.9224	1
29	1.004	1
29	1.0855999999999999	1
33	0.71920000000000006	0.99999928080025868
33	0.80080000000000007	0.9999999999996827
33	0.88240000000000007	1
33	0.96400000000000008	1
33	1.1272000000000002	1
33	1.2456000000000003	1
33	1.3272000000000004	1
34	2.3948000000000014	1.0382104335251053e-39
34	2.426400000000001	0.99999757360294361
34	2.5080000000000009	0.99999999999685818
34	2.5896000000000008	0.99999999999999989
34	2.6712000000000011	0.99999999999999989
34	2.676400000000001	0.99999999999999989
34	2.752800000000001	0.99999999999999989
34	2.8344000000000009	0.99999999999999989
34	2.9160000000000013	0.99999999999999989
34	100.08159999999999	1
35	2.4344000000000015	8.1151147711214807e-40
35	2.4660000000000011	0.99999753400304059
35	2.547600000000001	0.99999999999675826
35	2.6292000000000009	1
35	2.7108000000000012	1
35	2.7160000000000011	1
35	2.7924000000000011	1
35	2.874000000000001	1
35	2.9556000000000013	1
36	2.7908000000000022	8.1151147711214807e-40
36	2.8224000000000027	0.9999971776039831
36	2.9040000000000026	0.99999999999578681
36	2.9856000000000025	1
36	3.2304000000000026	1
36	3.2672000000000017	1
36	3.3120000000000029	1
36	3.3488000000000016	1
36	3.4304000000000014	1
36	3.5120000000000013	1
38	2.8304000000000022	8.1151147711214807e-40
38	2.8620000000000028	0.99999713800409562
38	2.9436000000000027	0.99999999999567102
38	3.0252000000000026	1
38	3.2700000000000027	1
38	3.3068000000000017	1
38	3.351600000000003	1
38	3.3884000000000016	1
38	3.4700000000000015	1
38	3.5516000000000014	1
39	0.2616	0.9999997384000342
39	0.32319999999999999	0.9999999999999496
39	0.38480000000000003	0.99999999999999989
39	0.44640000000000002	0.99999999999999989
39	0.50800000000000001	0.99999999999999989
39	0.5696	0.99999999999999989
39	1.0616000000000001	1
40	0.75879999999999992	0.99999924120028794
40	0.84039999999999992	0.99999999999965028
40	0.92199999999999993	1
40	1.0036	1
40	1.1667999999999998	1
40	1.2852000000000001	1
40	1.3668	1
41	0.80640000000000001	0.99999919360032508
41	0.88800000000000001	0.99999999999960898
41	0.96960000000000002	0.99999999999999989
41	1.2143999999999999	0.99999999999999989
41	1.2512000000000003	0.99999999999999989
41	1.3328000000000002	0.99999999999999989
41	1.4144000000000001	0.99999999999999989
41	10.0816	1
42	0.84799999999999986	0.9999991520003596
42	0.92959999999999987	0.99999999999957134
42	1.0111999999999999	1
42	1.2559999999999998	1
42	1.2928000000000002	1
42	1.3744000000000001	1
42	1.456	1
43	2.4740000000000015	8.1151147711214807e-40
43	2.5056000000000012	0.99999749440313901
43	2.5872000000000011	0.99999999999665656
43	2.6688000000000009	1
43	2.7504000000000013	1
43	2.8320000000000012	1
43	2.9136000000000011	1
43	2.9952000000000014	1
44	2.8700000000000023	8.1151147711214807e-40
44	2.9016000000000028	0.99999709840420969
44	2.9832000000000027	0.99999999999555367
44	3.2648000000000019	1
44	3.3096000000000028	1
44	3.3464000000000018	1
44	3.3912000000000031	1
44	3.4280000000000017	1
44	3.5096000000000016	1
44	3.5912000000000015	1
45	0.88959999999999995	0.9999991104003958
45	0.97119999999999995	0.99999999999953182
45	1.2528000000000001	1
45	1.2976000000000001	1
45	1.3344	1
45	1.4160000000000001	1
45	1.4976000000000003	1
47	2.5136000000000016	8.1151147711214807e-40
47	2.5452000000000012	0.99999745480323909
47	2.6268000000000011	0.99999999999655342
47	2.708400000000001	1
47	2.7900000000000014	1
47	2.8716000000000013	1
47	2.9532000000000012	1
47	3.0348000000000015	1
48	2.909600000000002	8.1151147711214807e-40
48	2.941200000000002	0.99999705880432532
48	3.0228000000000019	0.99999999999543465
48	3.3044000000000011	1
48	3.349200000000002	1
48	3.3860000000000015	1
48	3.4308000000000023	1
48	3.4676000000000013	1
48	3.5492000000000012	1
48	3.6308000000000016	1
49	0.9291999999999998	0.99999907080043171
49	1.0107999999999997	0.99999999999949252
49	1.2924	1
49	1.3371999999999997	1
49	1.3740000000000001	1
49	1.4556	1
49	1.5371999999999999	1
50	0.96879999999999966	0.99999903120046929
50	1.2504	0.99999999999925793
50	1.3319999999999999	1
50	1.3767999999999998	1
50	1.4135999999999997	1
50	1.4951999999999999	1
50	1.5768	1
51	1.8283999999999998	0.99999817160167148
51	1.9099999999999997	0.99999999999817923
51	1.9915999999999998	1
51	2.0364000000000004	1
51	2.2363999999999997	1
51	2.3128000000000002	1
51	2.3944000000000001	1
51	2.476	1
51	2.5575999999999999	1
52	1.0103999999999997	0.99999898960051048
52	1.2919999999999998	0.99999999999920508
52	1.3735999999999997	1
52	1.4183999999999997	1
52	1.4551999999999996	1
52	1.5367999999999997	1
52	1.6183999999999998	1
54	2.5532000000000017	8.1151147711214807e-40
54	2.5848000000000013	0.99999741520334062
54	2.6664000000000012	0.99999999999644851
54	2.7480000000000011	1
54	2.8296000000000014	1
54	2.9112000000000013	1
54	2.9928000000000012	1
54	3.0744000000000016	1
55	1.2519999999999996	0.99999874800078381
55	1.3335999999999997	0.99999999999911415
55	1.4151999999999996	1
55	1.4599999999999995	1
55	1.4967999999999995	1
55	1.5783999999999996	1
55	1.6599999999999997	1
57	1.8679999999999999	0.99999813200174481
57	1.9495999999999998	0.99999999999810296
57	2.0312000000000001	1
57	2.0760000000000005	1
57	2.2759999999999998	1
57	2.3524000000000007	1
57	2.4340000000000006	1
57	2.5156000000000005	1
57	2.5972000000000008	1
58	0.30120000000000002	0.99999969880004536
58	0.36280000000000001	0.99999999999993605
58	0.4244	1
58	0.48600000000000004	1
58	0.54760000000000009	1
58	0.60919999999999996	1
59	0.38040000000000002	0.99999961960007244
59	0.442	0.9999999999999043
59	0.50360000000000005	1
59	0.56520000000000004	1
59	0.62680000000000002	1
59	0.68840000000000001	1
60	1.2955999999999996	0.99999870440083927
60	1.3771999999999998	0.99999999999905498
60	1.4587999999999997	1
60	1.5035999999999996	1
60	1.5403999999999995	1
60	1.6219999999999997	1
60	1.7035999999999998	1
61	1.3371999999999995	0.99999866280089411
61	1.4187999999999996	0.99999999999899691
61	1.5003999999999995	1
61	1.5451999999999999	1
61	1.5819999999999994	1
61	1.6635999999999995	1
61	1.7451999999999996	1
62	0.42000000000000004	0.99999958000008826
62	0.48160000000000003	0.99999999999988598
62	0.54320000000000002	1
62	0.6048	1
62	0.6664000000000001	1
62	0.72799999999999998	1
63	1.3787999999999996	0.99999862120095062
63	1.4603999999999995	0.99999999999893707
63	1.5419999999999996	1
63	1.5867999999999998	1
63	1.6235999999999997	1
63	1.7051999999999996	1
63	1.7867999999999995	1
64	2.5928000000000018	8.1151147711214807e-40
64	2.6244000000000014	0.99999737560344382
64	2.7060000000000013	0.99999999999634215
64	2.7876000000000012	1
64	2.8692000000000015	1
64	2.9508000000000014	1
64	3.0324000000000013	1
64	3.1140000000000017	1
65	1.9096000000000002	0.99999809040182341
65	1.9912000000000001	0.99999999999802103
65	2.1176000000000008	0.99999999999802103
65	2.3124000000000002	1
65	2.3176000000000001	1
65	2.3940000000000006	1
65	2.3992000000000004	1
65	2.4756000000000005	1
65	2.5572000000000004	1
65	2.6388000000000007	1
67	2.949200000000002	8.1151147711214807e-40
67	2.9808000000000021	0.99999701920444262
67	3.2624000000000013	0.99999999999471811
67	3.3440000000000012	1
67	3.388800000000002	1
67	3.4256000000000015	1
67	3.4704000000000024	1
67	3.5072000000000014	1
67	3.5888000000000013	1
67	3.6704000000000017	1
68	2.6324000000000018	8.1151147711214807e-40
68	2.6640000000000015	0.99999733600354845
68	2.7456000000000014	0.99999999999623423
68	2.8272000000000013	1
68	2.9088000000000016	1
68	2.9904000000000015	1
68	3.0720000000000014	1
68	3.1536000000000017	1
68	3.2720000000000011	1
68	3.353600000000001	1
69	2.9888000000000021	8.1151147711214807e-40
69	3.0204000000000022	0.99999697960456146
69	3.3020000000000014	0.99999999999458811
69	3.3836000000000013	1
69	3.4284000000000021	1
69	3.4652000000000016	1
69	3.5100000000000025	1
69	3.5468000000000015	1
69	3.6284000000000014	1
69	3.7100000000000017	1
70	1.4223999999999994	0.99999857760101163
70	1.5039999999999996	0.99999999999887235
70	1.5855999999999995	1
70	1.6303999999999998	1
70	1.6671999999999993	1
70	1.7487999999999995	1
70	1.8303999999999996	1
72	1.4619999999999993	0.99999853800106875
72	1.5435999999999992	0.99999999999881206
72	1.6251999999999993	1
72	1.6699999999999999	1
72	1.7067999999999994	1
72	1.7883999999999993	1
72	1.8699999999999992	1
74	1.5075999999999994	0.99999849240113636
74	1.5891999999999995	0.99999999999874045
74	1.6707999999999994	0.99999999999999989
74	1.7156000000000002	0.99999999999999989
74	1.7523999999999993	0.99999999999999989
74	1.8339999999999994	0.99999999999999989
74	1.9155999999999995	0.99999999999999989
74	10.0816	1
76	1.9492000000000003	0.99999805080189974
76	2.0308000000000002	0.99999999999794131
76	2.1572000000000009	0.99999999999794131
76	2.3520000000000003	1
76	2.3572000000000002	1
76	2.4336000000000007	1
76	2.4388000000000005	1
76	2.5152000000000005	1
76	2.5968000000000004	1
76	2.6784000000000008	1
77	1.7095999999999996	0.99999829040146127
77	1.7911999999999995	0.99999999999839906
77	1.8727999999999996	0.99999999999999989
77	1.9176000000000002	0.99999999999999989
77	1.9543999999999997	0.99999999999999989
77	2.0359999999999996	0.99999999999999989
77	2.1175999999999995	0.99999999999999989
77	2.1991999999999994	0.99999999999999989
77	2.3571999999999997	0.99999999999999989
77	2.4387999999999996	0.99999999999999989
77	20.081600000000002	1
78	1.5491999999999995	0.99999845080120009
78	1.6307999999999994	0.99999999999867362
78	1.7123999999999995	1
78	1.7572000000000001	1
78	1.7939999999999996	1
78	1.8755999999999995	1
78	1.9571999999999994	1
79	2.9888000000000021	8.1151147711214807e-40
79	3.0204000000000022	0.99999697960456146
79	3.3020000000000014	0.99999999999458811
79	3.3836000000000013	1
79	3.4284000000000021	1
79	3.4652000000000016	1
79	3.5100000000000025	1
79	3.5468000000000015	1
79	3.6284000000000014	1
79	3.7100000000000017	1
80	1.5887999999999995	0.99999841120126221
80	1.6703999999999994	0.99999999999860822
80	1.7519999999999996	1
80	1.7968000000000002	1
80	1.8335999999999997	1
80	1.9151999999999996	1
80	1.9967999999999995	1
81	1.6283999999999996	0.99999837160132576
81	1.7099999999999995	0.99999999999854117
81	1.7915999999999996	0.99999999999999989
81	1.8364000000000003	0.99999999999999989
81	1.8731999999999998	0.99999999999999989
81	1.9547999999999996	0.99999999999999989
81	2.0363999999999995	0.99999999999999989
81	10.0816	1
82	0.47160000000000002	0.99999952840011119
82	0.55320000000000003	0.99999999999985034
82	0.63480000000000003	1
82	0.71640000000000004	1
82	0.79800000000000004	1
82	0.87960000000000005	1
83	2.6720000000000019	8.1151147711214807e-40
83	2.7036000000000024	0.99999729640365465
83	2.7852000000000023	0.99999999999612454
83	2.8668000000000022	0.99999999999999989
83	2.9484000000000026	0.99999999999999989
83	3.0300000000000025	0.99999999999999989
83	3.1116000000000024	0.99999999999999989
83	3.1932000000000027	0.99999999999999989
83	3.3116000000000012	0.99999999999999989
83	3.3932000000000011	0.99999999999999989
83	100.08159999999999	1
84	1.6699999999999997	0.99999833000139438
84	1.7515999999999998	0.99999999999846922
84	1.8331999999999997	0.99999999999999989
84	1.8780000000000006	0.99999999999999989
84	1.9147999999999996	0.99999999999999989
84	1.9963999999999997	0.99999999999999989
84	2.0779999999999998	0.99999999999999989
84	10.0816	1

[frame_distribution_quantiles]
frame_id	retry_q50	retry_q90	retry_q95	retry_q99	wcrt_q50_ms	wcrt_q90_ms	wcrt_q95_ms	wcrt_q99_ms
0	0	0	0	0	0.10120000000000001	0.10120000000000001	0.10120000000000001	0.10120000000000001
1	0	0	0	0	0.5132000000000001	0.5132000000000001	0.5132000000000001	0.5132000000000001
5	0	0	0	0	1.9888000000000003	1.9888000000000003	1.9888000000000003	1.9888000000000003
6	0	0	0	0	2.7432000000000025	2.7432000000000025	2.7432000000000025	2.7432000000000025
7	0	0	0	0	0.14080000000000001	0.14080000000000001	0.14080000000000001	0.14080000000000001
8	0	0	0	0	0.34079999999999999	0.34079999999999999	0.34079999999999999	0.34079999999999999
9	0	0	0	0	2.0284000000000004	2.0284000000000004	2.0284000000000004	2.0284000000000004
11	0	0	0	0	2.3076000000000008	2.3076000000000008	2.3076000000000008	2.3076000000000008
15	0	0	0	0	1.7491999999999996	1.7491999999999996	1.7491999999999996	1.7491999999999996
17	0	0	0	0	2.7828000000000026	2.7828000000000026	2.7828000000000026	2.7828000000000026
19	0	0	0	0	2.3472000000000008	2.3472000000000008	2.3472000000000008	2.3472000000000008
20	0	0	0	0	0.18240000000000001	0.18240000000000001	0.18240000000000001	0.18240000000000001
21	0	0	0	0	0.55280000000000018	0.55280000000000018	0.55280000000000018	0.55280000000000018
22	0	0	0	0	0.59440000000000004	0.59440000000000004	0.59440000000000004	0.59440000000000004
24	0	0	0	0	0.222	0.222	0.222	0.222
25	0	0	0	0	2.3868000000000009	2.3868000000000009	2.3868000000000009	2.3868000000000009
27	0	0	0	0	0.63600000000000012	0.63600000000000012	0.63600000000000012	0.63600000000000012
28	0	0	0	0	1.7887999999999999	1.7887999999999999	1.7887999999999999	1.7887999999999999
29	0	0	0	0	0.67759999999999998	0.67759999999999998	0.67759999999999998	0.67759999999999998
33	0	0	0	0	0.71920000000000006	0.71920000000000006	0.71920000000000006	0.71920000000000006
34	0	0	0	0	2.426400000000001	2.426400000000001	2.426400000000001	2.426400000000001
35	0	0	0	0	2.4660000000000011	2.4660000000000011	2.4660000000000011	2.4660000000000011
36	0	0	0	0	2.8224000000000027	2.8224000000000027	2.8224000000000027	2.8224000000000027
38	0	0	0	0	2.8620000000000028	2.8620000000000028	2.8620000000000028	2.8620000000000028
39	0	0	0	0	0.2616	0.2616	0.2616	0.2616
40	0	0	0	0	0.75879999999999992	0.75879999999999992	0.75879999999999992	0.75879999999999992
41	0	0	0	0	0.80640000000000001	0.80640000000000001	0.80640000000000001	0.80640000000000001
42	0	0	0	0	0.84799999999999986	0.84799999999999986	0.84799999999999986	0.84799999999999986
43	0	0	0	0	2.5056000000000012	2.5056000000000012	2.5056000000000012	2.5056000000000012
44	0	0	0	0	2.9016000000000028	2.9016000000000028	2.9016000000000028	2.9016000000000028
45	0	0	0	0	0.88959999999999995	0.88959999999999995	0.88959999999999995	0.88959999999999995
47	0	0	0	0	2.5452000000000012	2.5452000000000012	2.5452000000000012	2.5452000000000012
48	0	0	0	0	2.941200000000002	2.941200000000002	2.941200000000002	2.941200000000002
49	0	0	0	0	0.9291999999999998	0.9291999999999998	0.9291999999999998	0.9291999999999998
50	0	0	0	0	0.96879999999999966	0.96879999999999966	0.96879999999999966	0.96879999999999966
51	0	0	0	0	1.8283999999999998	1.8283999999999998	1.8283999999999998	1.8283999999999998
52	0	0	0	0	1.0103999999999997	1.0103999999999997	1.0103999999999997	1.0103999999999997
54	0	0	0	0	2.5848000000000013	2.5848000000000013	2.5848000000000013	2.5848000000000013
55	0	0	0	0	1.2519999999999996	1.2519999999999996	1.2519999999999996	1.2519999999999996
57	0	0	0	0	1.8679999999999999	1.8679999999999999	1.8679999999999999	1.8679999999999999
58	0	0	0	0	0.30120000000000002	0.30120000000000002	0.30120000000000002	0.30120000000000002
59	0	0	0	0	0.38040000000000002	0.38040000000000002	0.38040000000000002	0.38040000000000002
60	0	0	0	0	1.2955999999999996	1.2955999999999996	1.2955999999999996	1.2955999999999996
61	0	0	0	0	1.3371999999999995	1.3371999999999995	1.3371999999999995	1.3371999999999995
62	0	0	0	0	0.42000000000000004	0.42000000000000004	0.42000000000000004	0.42000000000000004
63	0	0	0	0	1.3787999999999996	1.3787999999999996	1.3787999999999996	1.3787999999999996
64	0	0	0	0	2.6244000000000014	2.6244000000000014	2.6244000000000014	2.6244000000000014
65	0	0	0	0	1.9096000000000002	1.9096000000000002	1.9096000000000002	1.9096000000000002
67	0	0	0	0	2.9808000000000021	2.9808000000000021	2.9808000000000021	2.9808000000000021
68	0	0	0	0	2.6640000000000015	2.6640000000000015	2.6640000000000015	2.6640000000000015
69	0	0	0	0	3.0204000000000022	3.0204000000000022	3.0204000000000022	3.0204000000000022
70	0	0	0	0	1.4223999999999994	1.4223999999999994	1.4223999999999994	1.4223999999999994
72	0	0	0	0	1.4619999999999993	1.4619999999999993	1.4619999999999993	1.4619999999999993
74	0	0	0	0	1.5075999999999994	1.5075999999999994	1.5075999999999994	1.5075999999999994
76	0	0	0	0	1.9492000000000003	1.9492000000000003	1.9492000000000003	1.9492000000000003
77	0	0	0	0	1.7095999999999996	1.7095999999999996	1.7095999999999996	1.7095999999999996
78	0	0	0	0	1.5491999999999995	1.5491999999999995	1.5491999999999995	1.5491999999999995
79	0	0	0	0	3.0204000000000022	3.0204000000000022	3.0204000000000022	3.0204000000000022
80	0	0	0	0	1.5887999999999995	1.5887999999999995	1.5887999999999995	1.5887999999999995
81	0	0	0	0	1.6283999999999996	1.6283999999999996	1.6283999999999996	1.6283999999999996
82	0	0	0	0	0.47160000000000002	0.47160000000000002	0.47160000000000002	0.47160000000000002
83	0	0	0	0	2.7036000000000024	2.7036000000000024	2.7036000000000024	2.7036000000000024
84	0	0	0	0	1.6699999999999997	1.6699999999999997	1.6699999999999997	1.6699999999999997

[signal_summary]
code	frame_id	period_ms	level	type	p_timeout	expected_wcrt_ms	wcrt_p95_ms	threshold_wcrt_ms	expected_retry_count	p_threshold
6902545	70	10	0	0	0	1.422400116067849	1.4223999999999994	1.4223999999999994	1.4224001160678485e-06	1
9449759	57	50	2	0	0	1.8680001524288123	1.8679999999999999	2.0312000000000001	1.8680001524288126e-06	1.3888888888888889e-12
14845475	19	100	0	0	1.1102230246251565e-16	2.3472001915315475	2.3472000000000008	2.3156000000000012	2.3472001923086923e-06	1
20387017	5	100	0	0	0	1.9888006388021384	1.9888000000000003	1.9888000000000003	1.9888006388021376e-06	1
40552070	77	20	2	0	1.1102230246251565e-16	1.7096001395033729	1.7095999999999996	1.8727999999999996	1.7096001402805252e-06	5.5555555555555559e-13
69411338	41	20	0	0	1.1102230246251565e-16	0.80640006580224644	0.80640000000000001	0.80640000000000001	8.0640006646837856e-07	1
95011645	51	100	0	0	0	1.828400149197452	1.8283999999999998	1.8283999999999998	1.8284001491974533e-06	1
97341799	65	100	0	0	0	1.9096001558238476	1.9096000000000002	1.9096000000000002	1.9096001558238473e-06	1
98701440	40	20	1	0	0	0.75880006191808491	0.75879999999999992	0.84039999999999992	7.5880006191808414e-07	5.5555555555555559e-13
113092207	45	20	0	0	0	0.88960007259145957	0.88959999999999995	0.88959999999999995	8.8960007259145883e-07	1
113798049	27	10	3	0	0	0.63600005189760433	0.63600000000000012	0.79920000000000013	6.3600005189760452e-07	2.7777777777777781e-14
146464199	7	1	0	0	0	0.1408000083916805	0.14080000000000001	0.14080000000000001	1.4080000839168057e-07	1
147980246	1	20	0	0	0	0.51320004187712354	0.5132000000000001	0.5132000000000001	5.1320004187712353e-07	1
171777761	45	10	0	0	0	0.88960007259145957	0.88959999999999995	0.88959999999999995	8.8960007259145883e-07	1
175459834	59	10	0	0	0	0.38040002343264151	0.38040000000000002	0.38040000000000002	3.8040002343264169e-07	1
221592045	61	20	0	0	0	1.3372001091155286	1.3371999999999995	1.3371999999999995	1.3372001091155285e-06	1
222089929	61	10	0	0	0	1.3372001091155286	1.3371999999999995	1.3371999999999995	1.3372001091155285e-06	1
234221850	49	10	1	0	0	0.92920007582282749	0.9291999999999998	1.2924	9.2920007582282685e-07	2.7777777777777779e-13
244579955	42	20	2	0	0	0.84800006919680559	0.84799999999999986	0.92959999999999987	8.4800006919680557e-07	5.5555555555555559e-13
261397920	58	2	0	0	0	0.3012000185539212	0.30120000000000002	0.30120000000000002	3.0120001855392136e-07	1
271532354	83	100	0	0	1.1102230246251565e-16	2.7036002206137915	2.7036000000000024	2.6720000000000019	2.7036002213909376e-06	1
280809488	44	1000	0	0	0	2.9016002367714711	2.9016000000000028	2.8700000000000023	2.9016002367714728e-06	1
306032292	11	100	0	0	0	2.3076001883001758	2.3076000000000008	2.2760000000000011	2.3076001883001741e-06	1
321947619	0	1	0	0	0	0.10120000603152038	0.10120000000000001	0.10120000000000001	1.0120000603152044e-07	1
329814103	27	10	0	0	0	0.63600005189760433	0.63600000000000012	0.63600000000000012	6.3600005189760452e-07	1
343457452	52	10	0	0	0	1.0104002845285609	1.0103999999999997	1.0103999999999997	1.0104002845285607e-06	1
356255487	62	5	3	0	0	0.42000002587200164	0.42000000000000004	0.54320000000000002	4.2000002587200214e-07	1.388888888888889e-14
357717115	78	10	1	0	0	1.5492001264147299	1.5491999999999995	1.7123999999999995	1.5492001264147299e-06	2.7777777777777779e-13
406506033	42	10	0	0	0	0.84800006919680559	0.84799999999999986	0.84799999999999986	8.4800006919680557e-07	1
433835125	65	100	0	0	0	1.9096001558238476	1.9096000000000002	1.9096000000000002	1.9096001558238473e-06	1
439525242	74	20	2	0	1.1102230246251565e-16	1.5076001230201703	1.5075999999999994	1.6707999999999994	1.5076001236863026e-06	5.5555555555555559e-13
440053664	80	20	2	0	0	1.5888001296460905	1.5887999999999995	1.7519999999999996	1.5888001296460895e-06	5.5555555555555559e-13
514452686	22	10	0	0	0	0.59440004850304395	0.59440000000000004	0.59440000000000004	5.9440004850304434e-07	1
529546621	27	20	1	0	0	0.63600005189760433	0.63600000000000012	0.71760000000000013	6.3600005189760452e-07	5.5555555555555559e-13
531431628	61	20	3	0	0	1.3372001091155286	1.3371999999999995	1.5003999999999995	1.3372001091155285e-06	5.5555555555555561e-14
548183371	8	5	0	0	0	0.34080002099328133	0.34079999999999999	0.34079999999999999	3.408000209932815e-07	1
606661110	48	1000	0	0	0	2.9412002400028547	2.941200000000002	2.909600000000002	2.9412002400028544e-06	1
608933506	52	10	0	0	0	1.0104002845285609	1.0103999999999997	1.0103999999999997	1.0104002845285607e-06	1
630602137	68	100	0	0	0	2.6640002173824193	2.6640000000000015	2.6324000000000018	2.6640002173824202e-06	1
643852452	47	100	0	0	0	2.5452002076883389	2.5452000000000012	2.5136000000000016	2.545200207688336e-06	1
646260909	80	10	1	0	0	1.5888001296460905	1.5887999999999995	1.7519999999999996	1.5888001296460895e-06	2.7777777777777779e-13
658215418	8	5	0	0	0	0.34080002099328133	0.34079999999999999	0.34079999999999999	3.408000209932815e-07	1
670184404	1	10	0	0	0	0.51320004187712354	0.5132000000000001	0.5132000000000001	5.1320004187712353e-07	1
682242508	55	20	3	0	0	1.2520001021632079	1.2519999999999996	1.4151999999999996	1.2520001021632071e-06	5.5555555555555561e-14
689249917	57	100	2	0	0	1.8680001524288123	1.8679999999999999	1.9495999999999998	1.8680001524288126e-06	2.7777777777777777e-12
694560420	70	10	0	0	0	1.422400116067849	1.4223999999999994	1.4223999999999994	1.4224001160678485e-06	1
728289779	84	20	0	0	1.1102230246251565e-16	1.6700001362720118	1.6699999999999997	1.6699999999999997	1.6700001369381459e-06	1
729169927	45	10	0	0	0	0.88960007259145957	0.88959999999999995	0.88959999999999995	8.8960007259145883e-07	1
762393579	29	10	1	0	0	0.67760005529216449	0.67759999999999998	0.84079999999999999	6.7760005529216567e-07	2.7777777777777779e-13
768334769	8	10	0	0	0	0.34080002099328133	0.34079999999999999	0.34079999999999999	3.408000209932815e-07	1
776113552	80	20	0	0	0	1.5888001296460905	1.5887999999999995	1.5887999999999995	1.5888001296460895e-06	1
784398378	65	100	0	0	0	1.9096001558238476	1.9096000000000002	1.9096000000000002	1.9096001558238473e-06	1
832851065	25	100	0	0	0	2.386800194762897	2.3868000000000009	2.3552000000000013	2.386800194762897e-06	1
867180856	9	100	0	0	0	2.0284006515216406	2.0284000000000004	2.0284000000000004	2.02840065152164e-06	1
890300761	47	100	0	0	0	2.5452002076883389	2.5452000000000012	2.5136000000000016	2.545200207688336e-06	1
896608129	52	20	2	0	0	1.0104002845285609	1.0103999999999997	1.3735999999999997	1.0104002845285607e-06	5.5555555555555559e-13
907068075	1	20	0	0	0	0.51320004187712354	0.5132000000000001	0.5132000000000001	5.1320004187712353e-07	1
911366008	68	100	0	0	0	2.6640002173824193	2.6640000000000015	2.6324000000000018	2.6640002173824202e-06	1
920966468	70	10	0	0	0	1.422400116067849	1.4223999999999994	1.4223999999999994	1.4224001160678485e-06	1
921984943	82	5	0	0	0	0.47160003848256321	0.47160000000000002	0.47160000000000002	4.7160003848256282e-07	1
934444538	29	10	0	0	0	0.67760005529216449	0.67759999999999998	0.67759999999999998	6.7760005529216567e-07	1
996828745	74	10	0	0	1.1102230246251565e-16	1.5076001230201703	1.5075999999999994	1.5075999999999994	1.5076001236863026e-06	1
1010749796	54	100	0	0	0	2.584800210919699	2.5848000000000013	2.5532000000000017	2.5848002109196986e-06	1
1011696099	0	2	0	0	0	0.10120000603152038	0.10120000000000001	0.10120000000000001	1.0120000603152044e-07	1
1020709641	61	10	0	0	0	1.3372001091155286	1.3371999999999995	1.3371999999999995	1.3372001091155285e-06	1
1046421535	81	20	0	0	1.1102230246251565e-16	1.6284001328774513	1.6283999999999996	1.6283999999999996	1.6284001335435837e-06	1
1099238883	68	100	0	0	0	2.6640002173824193	2.6640000000000015	2.6324000000000018	2.6640002173824202e-06	1
1104965103	39	1	0	0	1.1102230246251565e-16	0.26160001611456113	0.2616	0.2616	2.6160001678069462e-07	1
1119531837	84	10	0	0	1.1102230246251565e-16	1.6700001362720118	1.6699999999999997	1.6699999999999997	1.6700001369381459e-06	1
1130672199	21	20	0	0	0	0.55280004510848391	0.55280000000000018	0.55280000000000018	5.5280004510848372e-07	1
1136937878	54	100	0	0	0	2.584800210919699	2.5848000000000013	2.5532000000000017	2.5848002109196986e-06	1
1152436817	39	2	0	0	1.1102230246251565e-16	0.26160001611456113	0.2616	0.2616	2.6160001678069462e-07	1
1233094607	29	10	0	0	0	0.67760005529216449	0.67759999999999998	0.67759999999999998	6.7760005529216567e-07	1
1261858084	82	5	0	0	0	0.47160003848256321	0.47160000000000002	0.47160000000000002	4.7160003848256282e-07	1
1264049000	29	10	1	0	0	0.67760005529216449	0.67759999999999998	0.84079999999999999	6.7760005529216567e-07	2.7777777777777779e-13
1289069388	81	10	0	0	1.1102230246251565e-16	1.6284001328774513	1.6283999999999996	1.6283999999999996	1.6284001335435837e-06	1
1298884208	63	10	0	0	0	1.3788001125100886	1.3787999999999996	1.3787999999999996	1.3788001125100883e-06	1
1363484062	60	20	0	0	0	1.2956001057209683	1.2955999999999996	1.2955999999999996	1.295600105720969e-06	1
1415550915	15	100	0	0	1.1102230246251565e-16	1.7492001427347366	1.7491999999999996	1.7491999999999996	1.7492001435118858e-06	1
1418111512	49	20	0	0	0	0.92920007582282749	0.9291999999999998	0.9291999999999998	9.2920007582282685e-07	1
1429391718	60	10	0	0	0	1.2956001057209683	1.2955999999999996	1.2955999999999996	1.295600105720969e-06	1
1432667388	61	20	0	0	0	1.3372001091155286	1.3371999999999995	1.3371999999999995	1.3372001091155285e-06	1
1475929551	65	50	0	0	0	1.9096001558238476	1.9096000000000002	1.9096000000000002	1.9096001558238473e-06	1
1487001523	9	100	1	0	0	2.0284006515216406	2.0284000000000004	2.3496000000000006	2.02840065152164e-06	2.7777777777777777e-12
1504056559	74	20	0	0	1.1102230246251565e-16	1.5076001230201703	1.5075999999999994	1.5075999999999994	1.5076001236863026e-06	1
1542997435	57	100	0	0	0	1.8680001524288123	1.8679999999999999	1.8679999999999999	1.8680001524288126e-06	1
1548815475	77	20	0	0	1.1102230246251565e-16	1.7096001395033729	1.7095999999999996	1.7095999999999996	1.7096001402805252e-06	1
1572167272	27	20	2	0	0	0.63600005189760433	0.63600000000000012	0.71760000000000013	6.3600005189760452e-07	5.5555555555555559e-13
1574581552	55	20	0	0	0	1.2520001021632079	1.2519999999999996	1.2519999999999996	1.2520001021632071e-06	1
1603304883	11	100	0	0	0	2.3076001883001758	2.3076000000000008	2.2760000000000011	2.3076001883001741e-06	1
1619691272	78	20	1	0	0	1.5492001264147299	1.5491999999999995	1.7123999999999995	1.5492001264147299e-06	5.5555555555555559e-13
1634339387	63	20	0	0	0	1.3788001125100886	1.3787999999999996	1.3787999999999996	1.3788001125100883e-06	1
1651772650	50	20	1	0	0	0.96880027281400805	0.96879999999999966	1.3319999999999999	9.6880027281400721e-07	5.5555555555555559e-13
1690431301	5	100	0	0	0	1.9888006388021384	1.9888000000000003	1.9888000000000003	1.9888006388021376e-06	1
1700007741	28	100	0	0	0	1.788800145966092	1.7887999999999999	1.7887999999999999	1.7888001459660908e-06	1
1700680275	63	10	0	0	0	1.3788001125100886	1.3787999999999996	1.3787999999999996	1.3788001125100883e-06	1
1729985436	25	100	0	0	0	2.386800194762897	2.3868000000000009	2.3552000000000013	2.386800194762897e-06	1
1741038559	65	100	0	0	0	1.9096001558238476	1.9096000000000002	1.9096000000000002	1.9096001558238473e-06	1
1748101073	36	1000	0	0	0	2.8224002303078621	2.8224000000000027	2.7908000000000022	2.8224002303078618e-06	1
1758652417	47	100	0	0	0	2.5452002076883389	2.5452000000000012	2.5136000000000016	2.545200207688336e-06	1
1762254613	34	100	0	0	1.1102230246251565e-16	2.4264001979942682	2.426400000000001	2.3948000000000014	2.4264001987714135e-06	1
1774238718	74	20	3	0	1.1102230246251565e-16	1.5076001230201703	1.5075999999999994	1.6707999999999994	1.5076001236863026e-06	5.5555555555555561e-14
1781451940	61	20	0	0	0	1.3372001091155286	1.3371999999999995	1.3371999999999995	1.3372001091155285e-06	1
1799505078	55	10	0	0	0	1.2520001021632079	1.2519999999999996	1.2519999999999996	1.2520001021632071e-06	1
1832470014	25	100	0	0	0	2.386800194762897	2.3868000000000009	2.3552000000000013	2.386800194762897e-06	1
1846876614	20	2	0	0	0	0.18240001123584071	0.18240000000000001	0.18240000000000001	1.8240001123584092e-07	1
1858063259	72	20	1	0	0	1.4620001192992089	1.4619999999999993	1.6251999999999993	1.4620001192992091e-06	5.5555555555555559e-13
1863330040	62	10	2	0	0	0.42000002587200164	0.42000000000000004	0.48160000000000003	4.2000002587200214e-07	2.7777777777777779e-13
1863516307	21	10	0	0	0	0.55280004510848391	0.55280000000000018	0.55280000000000018	5.5280004510848372e-07	1
1871917455	82	10	0	0	0	0.47160003848256321	0.47160000000000002	0.47160000000000002	4.7160003848256282e-07	1
1900536794	47	100	0	0	0	2.5452002076883389	2.5452000000000012	2.5136000000000016	2.545200207688336e-06	1
1902280950	59	5	0	0	0	0.38040002343264151	0.38040000000000002	0.38040000000000002	3.8040002343264169e-07	1
1919639154	49	20	0	0	0	0.92920007582282749	0.9291999999999998	0.9291999999999998	9.2920007582282685e-07	1
1928906142	40	10	3	0	0	0.75880006191808491	0.75879999999999992	0.92199999999999993	7.5880006191808414e-07	2.7777777777777781e-14
1931634502	61	20	3	0	0	1.3372001091155286	1.3371999999999995	1.5003999999999995	1.3372001091155285e-06	5.5555555555555561e-14
1948365528	42	10	0	0	0	0.84800006919680559	0.84799999999999986	0.84799999999999986	8.4800006919680557e-07	1
2015622552	21	20	0	0	0	0.55280004510848391	0.55280000000000018	0.55280000000000018	5.5280004510848372e-07	1
2022280284	77	20	0	0	1.1102230246251565e-16	1.7096001395033729	1.7095999999999996	1.7095999999999996	1.7096001402805252e-06	1
2027531125	65	100	1	0	0	1.9096001558238476	1.9096000000000002	1.9912000000000001	1.9096001558238473e-06	2.7777777777777777e-12
2039712495	77	20	0	0	1.1102230246251565e-16	1.7096001395033729	1.7095999999999996	1.7095999999999996	1.7096001402805252e-06	1
2068140788	77	20	0	0	1.1102230246251565e-16	1.7096001395033729	1.7095999999999996	1.7095999999999996	1.7096001402805252e-06	1
2071264549	43	100	0	0	0	2.5056002044569778	2.5056000000000012	2.4740000000000015	2.5056002044569752e-06	1
2081503168	67	1000	2	0	0	2.9808008393924617	2.9808000000000021	3.2624000000000013	2.9808008393924656e-06	2.7777777777777777e-11
2103524443	59	10	0	0	0	0.38040002343264151	0.38040000000000002	0.38040000000000002	3.8040002343264169e-07	1
2123070416	76	100	0	0	0	1.9492001590552266	1.9492000000000003	1.9492000000000003	1.9492001590552263e-06	1
2132188370	50	10	0	0	0	0.96880027281400805	0.96879999999999966	0.96879999999999966	9.6880027281400721e-07	1
2151301467	72	10	0	0	0	1.4620001192992089	1.4619999999999993	1.4619999999999993	1.4620001192992091e-06	1
2156413331	52	10	1	0	0	1.0104002845285609	1.0103999999999997	1.3735999999999997	1.0104002845285607e-06	2.7777777777777779e-13
2159664860	17	1000	3	0	0	2.7828002270765011	2.7828000000000026	2.9460000000000024	2.7828002270765006e-06	2.7777777777777777e-12
2174972667	65	100	1	0	0	1.9096001558238476	1.9096000000000002	1.9912000000000001	1.9096001558238473e-06	2.7777777777777777e-12
2182843309	52	20	0	0	0	1.0104002845285609	1.0103999999999997	1.0103999999999997	1.0104002845285607e-06	1
2193520678	54	100	2	0	0	2.584800210919699	2.5848000000000013	2.7480000000000011	2.5848002109196986e-06	2.7777777777777777e-12
2216076015	84	20	0	0	1.1102230246251565e-16	1.6700001362720118	1.6699999999999997	1.6699999999999997	1.6700001369381459e-06	1
2217686626	15	50	1	0	1.1102230246251565e-16	1.7492001427347366	1.7491999999999996	1.9123999999999997	1.7492001435118858e-06	1.3888888888888889e-12
2253771749	22	20	0	0	0	0.59440004850304395	0.59440000000000004	0.59440000000000004	5.9440004850304434e-07	1
2265315699	24	1	0	0	0	0.22200001367520086	0.222	0.222	2.2200001367520061e-07	1
2267428855	78	20	3	0	0	1.5492001264147299	1.5491999999999995	1.7123999999999995	1.5492001264147299e-06	5.5555555555555561e-14
2273428117	78	20	0	0	0	1.5492001264147299	1.5491999999999995	1.5491999999999995	1.5492001264147299e-06	1
2285942891	62	10	0	0	0	0.42000002587200164	0.42000000000000004	0.42000000000000004	4.2000002587200214e-07	1
2345921378	60	20	0	0	0	1.2956001057209683	1.2955999999999996	1.2955999999999996	1.295600105720969e-06	1
2361200230	21	10	0	0	0	0.55280004510848391	0.55280000000000018	0.55280000000000018	5.5280004510848372e-07	1
2363076186	61	20	0	0	0	1.3372001091155286	1.3371999999999995	1.3371999999999995	1.3372001091155285e-06	1
2382830173	78	10	0	0	0	1.5492001264147299	1.5491999999999995	1.5491999999999995	1.5492001264147299e-06	1
2394989613	35	100	0	0	0	2.4660002012256172	2.4660000000000011	2.4344000000000015	2.4660002012256207e-06	1
2458414077	83	100	0	0	1.1102230246251565e-16	2.7036002206137915	2.7036000000000024	2.6720000000000019	2.7036002213909376e-06	1
2466879843	70	20	0	0	0	1.422400116067849	1.4223999999999994	1.4223999999999994	1.4224001160678485e-06	1
2467042832	70	10	0	1	0	1.422400116067849	1.4223999999999994	1.4223999999999994	1.4224001160678485e-06	1
2485323551	40	10	0	0	0	0.75880006191808491	0.75879999999999992	0.75879999999999992	7.5880006191808414e-07	1
2489308348	39	1	0	0	1.1102230246251565e-16	0.26160001611456113	0.2616	0.2616	2.6160001678069462e-07	1
2507032950	22	20	0	0	0	0.59440004850304395	0.59440000000000004	0.59440000000000004	5.9440004850304434e-07	1
2535046443	6	1000	2	0	0	2.743200223845141	2.7432000000000025	2.8248000000000024	2.7432002238451389e-06	2.7777777777777777e-11
2585180575	60	10	0	0	0	1.2956001057209683	1.2955999999999996	1.2955999999999996	1.295600105720969e-06	1
2587638603	21	10	1	0	0	0.55280004510848391	0.55280000000000018	0.63440000000000019	5.5280004510848372e-07	2.7777777777777779e-13
2589362722	52	20	0	0	0	1.0104002845285609	1.0103999999999997	1.0103999999999997	1.0104002845285607e-06	1
2592099665	33	20	0	0	0	0.71920005868672487	0.71920000000000006	0.71920000000000006	7.1920005868672554e-07	1
2611069182	51	100	1	0	0	1.828400149197452	1.8283999999999998	1.9099999999999997	1.8284001491974533e-06	2.7777777777777777e-12
2612984631	63	20	0	0	0	1.3788001125100886	1.3787999999999996	1.3787999999999996	1.3788001125100883e-06	1
2628695102	38	1000	0	0	0	2.8620002335392223	2.8620000000000028	2.8304000000000022	2.8620002335392218e-06	1
2650734326	62	5	0	0	0	0.42000002587200164	0.42000000000000004	0.42000000000000004	4.2000002587200214e-07	1
2664770871	28	100	0	0	0	1.788800145966092	1.7887999999999999	1.7887999999999999	1.7888001459660908e-06	1
2674109549	70	10	0	0	0	1.422400116067849	1.4223999999999994	1.4223999999999994	1.4224001160678485e-06	1
2682603572	1	10	1	0	0	0.51320004187712354	0.5132000000000001	0.59480000000000011	5.1320004187712353e-07	2.7777777777777779e-13
2704284873	1	10	0	0	0	0.51320004187712354	0.5132000000000001	0.5132000000000001	5.1320004187712353e-07	1
2763978483	40	10	0	0	0	0.75880006191808491	0.75879999999999992	0.75879999999999992	7.5880006191808414e-07	1
2828053530	41	10	2	0	1.1102230246251565e-16	0.80640006580224644	0.80640000000000001	0.96960000000000002	8.0640006646837856e-07	2.7777777777777779e-13
2836488144	33	20	0	0	0	0.71920005868672487	0.71920000000000006	0.71920000000000006	7.1920005868672554e-07	1
2857482893	9	100	2	0	0	2.0284006515216406	2.0284000000000004	2.3496000000000006	2.02840065152164e-06	2.7777777777777777e-12
2881647451	41	10	0	0	1.1102230246251565e-16	0.80640006580224644	0.80640000000000001	0.80640000000000001	8.0640006646837856e-07	1
2902678674	22	10	0	0	0	0.59440004850304395	0.59440000000000004	0.59440000000000004	5.9440004850304434e-07	1
2902799459	33	10	0	0	0	0.71920005868672487	0.71920000000000006	0.71920000000000006	7.1920005868672554e-07	1
2910501617	64	100	2	0	0	2.6244002141510592	2.6244000000000014	2.7876000000000012	2.6244002141510577e-06	2.7777777777777777e-12
2913039848	52	20	2	0	0	1.0104002845285609	1.0103999999999997	1.3735999999999997	1.0104002845285607e-06	5.5555555555555559e-13
2956593333	61	20	0	0	0	1.3372001091155286	1.3371999999999995	1.3371999999999995	1.3372001091155285e-06	1
2976319853	65	100	0	0	0	1.9096001558238476	1.9096000000000002	1.9096000000000002	1.9096001558238473e-06	1
2999387370	84	20	0	0	1.1102230246251565e-16	1.6700001362720118	1.6699999999999997	1.6699999999999997	1.6700001369381459e-06	1
3003950904	11	100	0	0	0	2.3076001883001758	2.3076000000000008	2.2760000000000011	2.3076001883001741e-06	1
3007178369	25	100	0	0	0	2.386800194762897	2.3868000000000009	2.3552000000000013	2.386800194762897e-06	1
3031440628	45	20	2	0	0	0.88960007259145957	0.88959999999999995	0.97119999999999995	8.8960007259145883e-07	5.5555555555555559e-13
3039148178	20	1	0	0	0	0.18240001123584071	0.18240000000000001	0.18240000000000001	1.8240001123584092e-07	1
3045941447	82	5	2	0	0	0.47160003848256321	0.47160000000000002	0.63480000000000003	4.7160003848256282e-07	1.388888888888889e-13
3069857419	50	10	0	0	0	0.96880027281400805	0.96879999999999966	0.96879999999999966	9.6880027281400721e-07	1
3079153447	72	20	0	0	0	1.4620001192992089	1.4619999999999993	1.4619999999999993	1.4620001192992091e-06	1
3079378885	5	100	0	0	0	1.9888006388021384	1.9888000000000003	1.9888000000000003	1.9888006388021376e-06	1
3122249259	72	10	0	0	0	1.4620001192992089	1.4619999999999993	1.4619999999999993	1.4620001192992091e-06	1
3126701853	24	2	0	0	0	0.22200001367520086	0.222	0.222	2.2200001367520061e-07	1
3133892317	8	10	1	0	0	0.34080002099328133	0.34079999999999999	0.40239999999999998	3.408000209932815e-07	2.7777777777777779e-13
3141597080	60	20	1	0	0	1.2956001057209683	1.2955999999999996	1.4587999999999997	1.295600105720969e-06	5.5555555555555559e-13
3153331600	55	20	0	0	0	1.2520001021632079	1.2519999999999996	1.2519999999999996	1.2520001021632071e-06	1
3164477815	41	10	0	0	1.1102230246251565e-16	0.80640006580224644	0.80640000000000001	0.80640000000000001	8.0640006646837856e-07	1
3183151315	76	100	0	0	0	1.9492001590552266	1.9492000000000003	1.9492000000000003	1.9492001590552263e-06	1
3222556126	20	1	0	0	0	0.18240001123584071	0.18240000000000001	0.18240000000000001	1.8240001123584092e-07	1
3222584634	55	10	0	0	0	1.2520001021632079	1.2519999999999996	1.2519999999999996	1.2520001021632071e-06	1
3247941968	24	1	0	0	0	0.22200001367520086	0.222	0.222	2.2200001367520061e-07	1
3251552082	69	1000	2	0	0	3.0204008505437998	3.0204000000000022	3.3020000000000014	3.0204008505437971e-06	2.7777777777777777e-11
3257916946	17	1000	0	0	0	2.7828002270765011	2.7828000000000026	2.7512000000000021	2.7828002270765006e-06	1
3263699760	63	20	0	0	0	1.3788001125100886	1.3787999999999996	1.3787999999999996	1.3788001125100883e-06	1
3291160980	51	50	0	0	0	1.828400149197452	1.8283999999999998	1.8283999999999998	1.8284001491974533e-06	1
3306648670	60	10	0	0	0	1.2956001057209683	1.2955999999999996	1.2955999999999996	1.295600105720969e-06	1
3330049213	72	10	0	0	0	1.4620001192992089	1.4619999999999993	1.4619999999999993	1.4620001192992091e-06	1
3331753194	42	10	0	0	0	0.84800006919680559	0.84799999999999986	0.84799999999999986	8.4800006919680557e-07	1
3364177689	81	20	0	0	1.1102230246251565e-16	1.6284001328774513	1.6283999999999996	1.6283999999999996	1.6284001335435837e-06	1
3365069507	45	10	0	0	0	0.88960007259145957	0.88959999999999995	0.88959999999999995	8.8960007259145883e-07	1
3370258125	60	20	0	0	0	1.2956001057209683	1.2955999999999996	1.2955999999999996	1.295600105720969e-06	1
3405984953	38	1000	0	0	0	2.8620002335392223	2.8620000000000028	2.8304000000000022	2.8620002335392218e-06	1
3457794540	49	20	0	0	0	0.92920007582282749	0.9291999999999998	0.9291999999999998	9.2920007582282685e-07	1
3500588165	27	20	1	0	0	0.63600005189760433	0.63600000000000012	0.71760000000000013	6.3600005189760452e-07	5.5555555555555559e-13
3505038358	70	10	1	0	0	1.422400116067849	1.4223999999999994	1.5855999999999995	1.4224001160678485e-06	2.7777777777777779e-13
3506695262	27	20	0	0	0	0.63600005189760433	0.63600000000000012	0.63600000000000012	6.3600005189760452e-07	1
3506943334	70	10	0	0	0	1.422400116067849	1.4223999999999994	1.4223999999999994	1.4224001160678485e-06	1
3526146402	28	50	0	0	0	1.788800145966092	1.7887999999999999	1.7887999999999999	1.7888001459660908e-06	1
3550624339	63	10	0	0	0	1.3788001125100886	1.3787999999999996	1.3787999999999996	1.3788001125100883e-06	1
3564734849	33	10	1	0	0	0.71920005868672487	0.71920000000000006	0.88240000000000007	7.1920005868672554e-07	2.7777777777777779e-13
3570400308	49	20	3	0	0	0.92920007582282749	0.9291999999999998	1.2924	9.2920007582282685e-07	5.5555555555555561e-14
3608468191	81	20	0	0	1.1102230246251565e-16	1.6284001328774513	1.6283999999999996	1.6283999999999996	1.6284001335435837e-06	1
3622925222	42	10	0	0	0	0.84800006919680559	0.84799999999999986	0.84799999999999986	8.4800006919680557e-07	1
3649310248	41	20	1	0	1.1102230246251565e-16	0.80640006580224644	0.80640000000000001	0.88800000000000001	8.0640006646837856e-07	5.5555555555555559e-13
3653405228	45	20	0	0	0	0.88960007259145957	0.88959999999999995	0.88959999999999995	8.8960007259145883e-07	1
3663793931	49	10	0	0	0	0.92920007582282749	0.9291999999999998	0.9291999999999998	9.2920007582282685e-07	1
3673466213	28	100	0	0	0	1.788800145966092	1.7887999999999999	1.7887999999999999	1.7888001459660908e-06	1
3712816389	80	10	0	0	0	1.5888001296460905	1.5887999999999995	1.5887999999999995	1.5888001296460895e-06	1
3743154581	54	100	3	0	0	2.584800210919699	2.5848000000000013	2.7480000000000011	2.5848002109196986e-06	2.7777777777777779e-13
3771090869	20	2	0	0	0	0.18240001123584071	0.18240000000000001	0.18240000000000001	1.8240001123584092e-07	1
3794628656	24	1	0	0	0	0.22200001367520086	0.222	0.222	2.2200001367520061e-07	1
3805287763	45	10	0	0	0	0.88960007259145957	0.88959999999999995	0.88959999999999995	8.8960007259145883e-07	1
3817210991	42	20	2	0	0	0.84800006919680559	0.84799999999999986	0.92959999999999987	8.4800006919680557e-07	5.5555555555555559e-13
3843379266	63	10	0	0	0	1.3788001125100886	1.3787999999999996	1.3787999999999996	1.3788001125100883e-06	1
3856723710	0	2	0	0	0	0.10120000603152038	0.10120000000000001	0.10120000000000001	1.0120000603152044e-07	1
3875187784	65	50	0	0	0	1.9096001558238476	1.9096000000000002	1.9096000000000002	1.9096001558238473e-06	1
3902248037	20	2	2	0	0	0.18240001123584071	0.18240000000000001	0.24399999999999999	1.8240001123584092e-07	5.5555555555555549e-14
3908882249	74	10	0	0	1.1102230246251565e-16	1.5076001230201703	1.5075999999999994	1.5075999999999994	1.5076001236863026e-06	1
3928317977	19	100	2	0	1.1102230246251565e-16	2.3472001915315475	2.3472000000000008	2.5104000000000006	2.3472001923086923e-06	2.7777777777777777e-12
3933785221	1	20	2	0	0	0.51320004187712354	0.5132000000000001	0.59480000000000011	5.1320004187712353e-07	5.5555555555555559e-13
3944046221	29	10	1	1	0	0.67760005529216449	0.67759999999999998	0.84079999999999999	6.7760005529216567e-07	2.7777777777777779e-13
3944760106	74	20	0	0	1.1102230246251565e-16	1.5076001230201703	1.5075999999999994	1.5075999999999994	1.5076001236863026e-06	1
3958346405	50	20	3	0	0	0.96880027281400805	0.96879999999999966	1.3319999999999999	9.6880027281400721e-07	5.5555555555555561e-14
4006188415	79	1000	0	0	0	3.0204008505437998	3.0204000000000022	2.9888000000000021	3.0204008505437971e-06	1
4013554864	60	20	0	0	0	1.2956001057209683	1.2955999999999996	1.2955999999999996	1.295600105720969e-06	1
4033556193	22	20	0	0	0	0.59440004850304395	0.59440000000000004	0.59440000000000004	5.9440004850304434e-07	1
4033756740	41	10	2	0	1.1102230246251565e-16	0.80640006580224644	0.80640000000000001	0.96960000000000002	8.0640006646837856e-07	2.7777777777777779e-13
4118694604	55	10	0	0	0	1.2520001021632079	1.2519999999999996	1.2519999999999996	1.2520001021632071e-06	1
4129710461	60	20	2	0	0	1.2956001057209683	1.2955999999999996	1.4587999999999997	1.295600105720969e-06	5.5555555555555559e-13
4130181474	76	50	0	0	0	1.9492001590552266	1.9492000000000003	1.9492000000000003	1.9492001590552263e-06	1
4150477069	59	10	0	0	0	0.38040002343264151	0.38040000000000002	0.38040000000000002	3.8040002343264169e-07	1
4155086266	49	20	0	0	0	0.92920007582282749	0.9291999999999998	0.9291999999999998	9.2920007582282685e-07	1
4170047301	84	20	0	0	1.1102230246251565e-16	1.6700001362720118	1.6699999999999997	1.6699999999999997	1.6700001369381459e-06	1
4224286860	0	1	0	0	0	0.10120000603152038	0.10120000000000001	0.10120000000000001	1.0120000603152044e-07	1
4225562725	29	20	0	0	0	0.67760005529216449	0.67759999999999998	0.67759999999999998	6.7760005529216567e-07	1
4238335690	17	1000	0	0	0	2.7828002270765011	2.7828000000000026	2.7512000000000021	2.7828002270765006e-06	1
4241249315	41	10	0	0	1.1102230246251565e-16	0.80640006580224644	0.80640000000000001	0.80640000000000001	8.0640006646837856e-07	1
4267930458	11	100	0	0	0	2.3076001883001758	2.3076000000000008	2.2760000000000011	2.3076001883001741e-06	1
