base_bandwidth_utilization	0.27617279999999994
expected_bandwidth_utilization	0.27617293096230178

rounded_expected_bandwidth_utilization	0.55234559999999977

bandwidth_utilization_p99	0.27617279999999989

[frame_summary]
frame_id	priority	period_ms	deadline_ms	trans_time_ms	expected_retry_count	expected_tx_count	rounded_expected_retry_count	rounded_expected_tx_count	retry_p99	tx_count_p99	expected_wcrt_ms	p_timeout	wcrt_p95_ms
0	8	10	10	0.041599999999999998	4.2400002611840189e-07	1.0000004240000262	1	2	0	1	0.4240000261184016	0	0.42399999999999999
1	9	10	10	0.045600000000000002	4.6960003080576219e-07	1.0000004696000309	1	2	0	1	0.46960003080576207	0	0.46960000000000007
5	0	1	1	0.041599999999999998	1.0320000635712048e-07	1.0000001032000063	1	2	0	1	0.1032000063571204	0	0.1032
6	35	100	100	0.041599999999999998	1.6620001356192119e-06	1.0000016620001355	1	2	0	1	1.6620001356192111	0	1.6620000000000001
7	4	5	5	0.039600000000000003	2.6360001623776078e-07	1.0000002636000163	1	2	0	1	0.26360001623776097	0	0.2636
8	10	10	10	0.039600000000000003	5.0920003340352252e-07	1.0000005092000335	1	2	0	1	0.50920003340352216	0	0.5092000000000001
9	11	10	10	0.039600000000000003	5.4880003600128269e-07	1.0000005488000361	1	2	0	1	0.54880003600128258	0	0.54880000000000018
12	12	10	10	0.041599999999999998	5.9040003873024333e-07	1.0000005904000386	1	2	0	1	0.5904000387302426	0	0.59040000000000004
13	1	1	1	0.039600000000000003	1.4280000879648031e-07	1.0000001428000087	1	2	0	1	0.14280000879648058	0	0.14280000000000001
14	46	1000	1000	0.039600000000000003	2.2600001844160145e-06	1.0000022600001843	1	2	0	1	2.260000184416016	0	2.2600000000000011
15	3	2	2	0.039600000000000003	2.2400001379840115e-07	1.0000002240000139	1	2	0	1	0.22400001379840087	0	0.224
16	13	10	10	0.041599999999999998	6.3200004145920323e-07	1.0000006320000414	1	2	0	1	0.63200004145920285	0	0.63200000000000012
18	36	100	100	0.039600000000000003	1.7016001388505727e-06	1.0000017016001388	1	2	0	1	1.7016001388505717	0	1.7016000000000002
21	14	10	10	0.039600000000000003	6.7160004405696244e-07	1.000000671600044	1	2	0	1	0.67160004405696283	0	0.67159999999999997
23	30	50	50	0.039600000000000003	1.4580001189728085e-06	1.0000014580001191	1	2	0	1	1.4580001189728093	0	1.4579999999999995
25	15	10	10	0.039600000000000003	7.1120004665472261e-07	1.0000007112000466	1	2	0	1	0.71120004665472325	0	0.71120000000000005
26	47	1000	1000	0.039600000000000003	2.2996001876473753e-06	1.0000022996001876	1	2	0	1	2.2996001876473762	0	2.2996000000000012
27	5	5	5	0.039600000000000003	3.0320001867712097e-07	1.0000003032000186	1	2	0	1	0.30320001867712121	0	0.30320000000000003
28	2	1	1	0.041599999999999998	1.8440001135904091e-07	1.0000001844000113	1	2	0	1	0.18440001135904072	0	0.18440000000000001
29	37	100	100	0.039600000000000003	1.7412001420819346e-06	1.0000017412001421	1	2	0	1	1.7412001420819319	0	1.7412000000000003
32	16	10	10	0.041599999999999998	7.5280004938368314e-07	1.0000007528000494	1	2	0	1	0.75280004938368306	0	0.75279999999999991
33	38	100	100	0.039600000000000003	1.7808001453132905e-06	1.0000017808001453	1	2	0	1	1.780800145313292	0	1.7808000000000004
34	31	50	50	0.039600000000000003	1.4976001222041683e-06	1.0000014976001221	1	2	0	1	1.4976001222041697	0	1.4975999999999996
35	39	100	100	0.0436	1.8204001485446524e-06	1.0000018204001486	1	2	0	1	1.8204001485446526	0	1.8204000000000005
36	17	10	10	0.039600000000000003	7.924000519814431e-07	1.000000792400052	1	2	0	1	0.79240005198144337	0	0.79239999999999999
38	48	1000	1000	0.039600000000000003	2.3392001908787379e-06	1.0000023392001909	1	2	0	1	2.3392001908787368	0	2.3392000000000013
39	18	10	10	0.039600000000000003	8.320000545792038e-07	1.0000008320000546	1	2	0	1	0.83200005457920345	0	0.83199999999999985
40	40	100	100	0.039600000000000003	1.8600001517760113e-06	1.0000018600001517	1	2	0	1	1.8600001517760127	0	1.8600000000000005
41	19	10	10	0.049600000000000005	8.8160006135936386e-07	1.0000008816000614	1	2	0	1	0.88160006135936408	0	0.88159999999999983
42	29	10	20	0.039600000000000003	1.4184001157414511e-06	1.0000014184001158	1	2	0	1	1.4184001157414492	0	1.4183999999999997
43	49	1000	1000	0.039600000000000003	2.3788001941100995e-06	1.0000023788001942	1	2	0	1	2.3788001941100969	0	2.3788000000000014
44	32	50	50	0.041599999999999998	1.5392001255987305e-06	1.0000015392001256	1	2	0	1	1.5392001255987302	0	1.5391999999999999
46	20	10	10	0.041599999999999998	9.2320006492091881e-07	1.0000009232000648	1	2	0	1	0.9232000642547854	1.1102230246251565e-16	0.92319999999999969
48	41	100	100	0.039600000000000003	1.8996001550076913e-06	1.000001899600155	1	2	0	1	1.8996001550076917	0	1.8996000000000008
49	50	1000	1000	0.039600000000000003	2.4184001973414587e-06	1.0000024184001974	1	2	0	1	2.4184001973414579	0	2.4184000000000014
50	6	5	5	0.039600000000000003	3.4280002111648148e-07	1.000000342800021	1	2	0	1	0.34280002111648133	0	0.34279999999999999
51	21	10	10	0.041599999999999998	9.6480006715014971e-07	1.0000009648000672	1	2	0	1	0.96480006715014976	0	0.96479999999999966
53	33	50	50	0.039600000000000003	1.5788001288300898e-06	1.0000015788001289	1	2	0	1	1.5788001288300904	0	1.5788
55	51	1000	1000	0.039600000000000003	2.4580002005728169e-06	1.0000024580002005	1	2	0	1	2.4580002005728181	0	2.4580000000000015
56	22	10	10	0.041599999999999998	1.0064001936313108e-06	1.0000010064001936	1	2	0	1	1.0064001936313112	0	1.0063999999999997
57	42	100	100	0.039600000000000003	1.9392001582390657e-06	1.0000019392001582	1	2	0	1	1.9392001582390646	0	1.9392000000000007
58	43	100	100	0.039600000000000003	1.9788004836040782e-06	1.0000019788004837	1	2	0	1	1.9788004828269332	1.1102230246251565e-16	1.9788000000000008
60	34	50	50	0.041599999999999998	1.6204001328907858e-06	1.000001620400133	1	2	0	1	1.6204001322246562	1.1102230246251565e-16	1.6204000000000001
64	44	100	100	0.039600000000000003	2.0184004924893082e-06	1.0000020184004925	1	2	0	1	2.0184004924893104	0	2.0184000000000011
65	23	10	10	0.061600000000000002	1.0500002152860834e-06	1.0000010500002152	1	2	0	1	1.0500002146199505	1.1102230246251565e-16	1.0499999999999998
66	52	1000	1000	0.039600000000000003	2.4976002038041765e-06	1.0000024976002038	1	2	0	1	2.4976002038041787	0	2.4976000000000016
68	24	10	10	0.039600000000000003	1.212400098931847e-06	1.000001212400099	1	2	0	1	1.2124000989318477	0	1.2123999999999995
69	45	100	100	0.039600000000000003	2.2204001827389672e-06	1.0000022204001828	1	2	0	1	2.2204001811846781	2.2204460492503131e-16	2.220400000000001
71	25	10	10	0.041599999999999998	1.2540001023264092e-06	1.0000012540001024	1	2	0	1	1.2540001023264076	0	1.2539999999999996
72	26	10	10	0.041599999999999998	1.2956001057209682e-06	1.0000012956001056	1	2	0	1	1.2956001057209681	0	1.2955999999999994
73	27	10	10	0.041599999999999998	1.3372001091155289e-06	1.0000013372001091	1	2	0	1	1.3372001091155283	0	1.3371999999999995
74	28	10	10	0.041599999999999998	1.3788001125100892e-06	1.0000013788001125	1	2	0	1	1.3788001125100884	0	1.3787999999999994
75	7	5	5	0.039600000000000003	3.8240002355584119e-07	1.0000003824000236	1	2	0	1	0.38240002355584146	0	0.38240000000000002
76	53	1000	1000	0.039600000000000003	2.4976002038041765e-06	1.0000024976002038	1	2	0	1	2.4976002038041787	0	2.4976000000000016

[frame_retry_distribution]
frame_id	retry_count	probability
0	0	0.99999957600008993
0	1	4.2399979410565029e-07
0	2	1.1600633652131547e-13
0	3	2.6191696481156996e-20
0	4	5.3229984608579593e-27
0	5	1.0144453698020326e-33
1	0	0.99999953040011025
1	1	4.6959974867014738e-07
1	2	1.4106775524646744e-13
1	3	3.4757339440367971e-20
1	4	7.6744943694680662e-27
1	5	1.5837518240198467e-33
5	0	0.99999989680000534
5	1	1.031999829926415e-07
5	2	1.1682237355141183e-14
5	3	1.4266363891286628e-21
5	4	1.8373105789241129e-28
5	5	2.4587294067893614e-35
6	0	0.99999833800138105
6	1	1.6619971021393272e-06
6	2	1.5167384316464915e-12
6	3	1.0071385680663493e-18
6	4	5.4441511907185245e-25
6	5	2.5429062781843004e-31
7	0	0.99999973640003481
7	1	2.6359991427729372e-07
7	2	5.0980220280846926e-14
7	3	8.8333445084607789e-21
7	4	1.4569494069556149e-27
7	5	2.3449459379913424e-34
8	0	0.99999949080012962
8	1	5.0919970731192436e-07
8	2	1.6304573558547786e-13
8	3	4.2300572002452231e-20
8	4	9.7466074526315621e-27
8	5	2.0846047180791052e-33
9	0	0.99999945120015066
9	1	5.4879966281738392e-07
9	2	1.8659187311748358e-13
9	3	5.0848052882344474e-20
9	4	1.2206364504746731e-26
9	5	2.7029293501489676e-33
12	0	0.9999994096001743
12	1	5.9039961269772779e-07
12	2	2.1301616628747965e-13
12	3	6.0976841855011208e-20
12	4	1.5257251731829364e-26
12	5	3.5001951548947428e-33
13	0	0.99999985720001028
13	1	1.4279997081168277e-07
13	2	1.8992394948022233e-14
13	3	2.5542570512252476e-21
13	4	3.5078037778984962e-28
13	5	4.9145350279843837e-35
14	0	0.9999977400025537
14	1	2.2599947079901954e-06
14	2	2.7382093647630308e-12
14	3	2.3632094256922893e-18
14	4	1.629232815728026e-24
14	5	9.5426581787690473e-31
14	6	3.7480079640470652e-37
15	0	0.99999977600002521
15	1	2.2399993602560943e-07
15	2	3.888638649864431e-14
15	3	6.2390485428097794e-21
15	4	9.714903958748129e-28
15	5	1.4952475929459877e-34
16	0	0.99999936800019973
16	1	6.3199955911695432e-07
16	2	2.41171015938211e-13
16	3	7.2354401045981011e-20
16	4	1.8840864220168854e-26
16	5	4.4732215049100167e-33
18	0	0.99999829840144772
18	1	1.7015969657095869e-06
18	2	1.5865688813635959e-12
18	3	1.0744088402246027e-18
18	4	5.9135627072506826e-25
18	5	2.8085091380756619e-31
18	6	4.9227761207557366e-38
21	0	0.99999932840022554
21	1	6.7159950489666204e-07
21	2	2.6958002358107088e-13
21	3	8.4410930846848997e-20
21	4	2.2800253141486887e-26
21	5	5.5877125321407776e-33
23	0	0.99999854200106286
23	1	1.4579977552649268e-06
23	2	1.1818528839785517e-12
23	3	7.0458406535323225e-19
23	4	3.4516134370927638e-25
23	5	1.473065695871274e-31
25	0	0.99999928880025302
25	1	7.1119944754005409e-07
25	2	2.9955718765291939e-13
25	3	9.7726377397742393e-20
25	4	2.7347761205792849e-26
25	5	6.912046676311249e-33
26	0	0.99999770040264402
26	1	2.2995945241989994e-06
26	2	2.8317204660302524e-12
26	3	2.481251109939312e-18
26	4	1.7350982951529591e-24
26	5	1.029930520228866e-30
26	6	4.2945766457631309e-37
27	0	0.99999969680004597
27	1	3.0319988939266e-07
27	2	6.4642212436554687e-14
27	3	1.2034204260640218e-20
27	4	2.0972871150554847e-27
27	5	3.5259902848822464e-34
28	0	0.99999981560001705
28	1	1.8439995463760577e-07
28	2	2.8360711276243845e-14
28	3	4.1892173226740096e-21
28	4	6.14294421989106e-28
28	5	9.0334090111997103e-35
29	0	0.99999825880151583
29	1	1.7411968261435355e-06
29	2	1.6579674825637264e-12
29	3	1.1446034060153795e-18
29	4	6.4126275835000308e-25
29	5	4.1372176436521611e-31
29	6	5.449269762628135e-38
32	0	0.99999924720028333
32	1	7.5279938390873199e-07
32	2	3.327373058600926e-13
32	3	1.1313822463855748e-19
32	4	3.2818804366710444e-26
32	5	8.5601090990857419e-33
33	0	0.9999982192015856
33	1	1.7807966834411673e-06
33	2	1.73093423506058e-12
33	3	1.2177843641014948e-18
33	4	6.9425688033419743e-25
33	5	4.5335726871323552e-31
33	6	6.0169069996228108e-38
34	0	0.99999850240112143
34	1	1.4975976349919458e-06
34	2	1.2436049746191428e-12
34	3	7.5777373654989107e-19
34	4	3.7866773288702488e-25
34	5	1.6456627030251433e-31
35	0	0.99999817960165693
35	1	1.8203965376024931e-06
35	2	1.8054691386678711e-12
35	3	1.2940136029880903e-18
35	4	9.6061089041116531e-25
35	5	5.301609793276476e-31
35	6	1.6558510204117272e-37
36	0	0.99999920760031402
36	1	7.923993201210913e-07
36	2	3.6592998202691336e-13
36	3	1.29229303088977e-19
36	4	3.8747445589960423e-26
36	5	1.5163500475793907e-32
38	0	0.999997660802736
38	1	2.3391943372714962e-06
38	2	2.926799715967236e-12
38	3	2.6031548393058733e-18
38	4	1.8460348482232275e-24
38	5	1.1103145830862018e-30
38	6	5.1198668026618397e-37
39	0	0.99999916800034616
39	1	8.3199925319713535e-07
39	2	4.0069081405442226e-13
39	3	1.4676873135091844e-19
39	4	4.544015551952103e-26
39	5	1.8133804598649237e-32
40	0	0.99999814000172982
40	1	1.8599963886275049e-06
40	2	1.8815721931992911e-12
40	3	1.3733536287291229e-18
40	4	1.0330410406482728e-24
40	5	5.7796746645057889e-31
40	6	1.875244761581502e-37
41	0	0.99999911840038869
41	1	8.8159916142247842e-07
41	2	4.4996818067224616e-13
41	3	1.746994307638554e-19
41	4	7.8789928119588129e-26
41	5	2.6644975664274119e-32
42	0	0.99999858160100596
42	1	1.4183978724015973e-06
42	2	1.1216689459669937e-12
42	3	6.5393668670759928e-19
42	4	3.1392339379205256e-25
42	5	1.3152259425754906e-31
43	0	0.99999762120282942
43	1	2.3787941472076836e-06
43	2	3.0234471143876786e-12
43	3	2.7289827123062452e-18
43	4	1.9622017085101619e-24
43	5	1.1956352134020034e-30
43	6	5.6014811246258155e-37
44	0	0.9999984608011846
44	1	1.5391975052666618e-06
44	2	1.3101648095735324e-12
44	3	8.164558959747164e-19
44	4	4.1642673321544116e-25
44	5	1.8439761524052621e-31
46	0	0.9999990768004261
46	1	9.2319908344749531e-07
46	2	4.9040325877371489e-13
46	3	2.5738970804585893e-19
46	4	9.8837818225285138e-26
46	5	3.2560220045011926e-32
46	6	1.1102230246251565e-16
48	0	0.99999810040180426
48	1	1.8995962365162087e-06
48	2	1.9592430802874485e-12
48	3	1.7740473924547568e-18
48	4	1.1612548950863151e-24
48	5	6.3793457259946004e-31
48	6	2.0944778871834095e-37
49	0	0.9999975816029244
49	1	2.4183939540075601e-06
49	2	3.1216626611052812e-12
49	3	2.8587968274448218e-18
49	4	2.0837605686788729e-24
49	5	1.2861160984845508e-30
49	6	6.1198082633176035e-37
50	0	0.99999965720005879
50	1	3.4279986137170823e-07
50	2	7.9872362779470364e-14
50	3	1.590372683052489e-20
50	4	2.9215783001191682e-27
50	5	5.1244765062920869e-34
51	0	0.9999990352004654
51	1	9.6479900201139581e-07
51	2	5.325689466440165e-13
51	3	2.8687495814306388e-19
51	4	1.1300562048836119e-25
51	5	3.8127429501186248e-32
53	0	0.99999842120124627
53	1	1.5787973785626557e-06
53	2	1.3751324045172662e-12
53	3	8.7505276699365262e-19
53	4	4.549218191187195e-25
53	5	2.0500370454637954e-31
55	0	0.99999754200302104
55	1	2.4579937576711268e-06
55	2	3.221446355933756e-12
55	3	2.9926592832162404e-18
55	4	2.2108755804878672e-24
55	5	1.3819876049398246e-30
55	6	6.6770320372207078e-37
56	0	0.99999899360050648
56	1	1.0063987935284026e-06
56	2	7.0005095205480911e-13
56	3	3.3467298781257537e-19
56	4	1.3088859805139185e-25
56	5	4.4756764682372844e-32
57	0	0.99999806080188025
57	1	1.9391960812686014e-06
57	2	2.0384824232397829e-12
57	3	1.872663360473539e-18
57	4	1.2438897185747806e-24
57	5	6.9300586341893584e-31
57	6	2.3341469446422427e-37
58	0	0.9999980212019578
58	1	1.9787956015282492e-06
58	2	2.4406462957681965e-12
58	3	2.027147695283828e-18
58	4	1.3397171149367283e-24
58	5	7.5336941280579404e-31
58	6	2.5957077073382877e-37
58	7	1.1102230246251565e-16
60	0	0.99999837960131277
60	1	1.6203972420815482e-06
60	2	1.4450701425705989e-12
60	3	9.3955235974797253e-19
60	4	4.9816608782533039e-25
60	5	2.2858862297687795e-31
60	6	1.1102230246251565e-16
64	0	0.99999798160203701
64	1	2.0183954335770042e-06
64	2	2.529452950955335e-12
64	3	2.1339758355339422e-18
64	4	1.4313001839394979e-24
64	5	8.1611484618763648e-31
64	6	2.8806902370573476e-37
65	0	0.99999895000055117
65	1	1.0499986828808257e-06
65	2	7.6586897679836442e-13
65	3	3.9004160307663268e-19
65	4	1.6419724057811273e-25
65	5	6.0949672893782602e-32
65	6	1.1102230246251565e-16
66	0	0.99999750240311902
66	1	2.4975935581983871e-06
66	2	3.3227981986867984e-12
66	3	3.1306321781052121e-18
66	4	2.3437133547884049e-24
66	5	1.4834868491261808e-30
66	6	7.2754316797693533e-37
68	0	0.99999878760073502
68	1	1.2123984311554138e-06
68	2	8.338875729034645e-13
68	3	4.2907416855533095e-19
68	4	1.8406895663512442e-25
68	5	6.965511247903861e-32
69	0	0.99999777960246494
69	1	2.2203948886450834e-06
69	2	2.646266412351867e-12
69	3	2.2489676880406929e-18
69	4	1.5282816354713899e-24
69	5	8.8310979013781454e-31
69	6	3.3980163592316866e-37
69	7	2.2204460492503131e-16
71	0	0.9999987460007862
71	1	1.2539983251587193e-06
71	2	8.8858314069908137e-13
71	3	4.6949719727707466e-19
71	4	2.0624653995745543e-25
71	5	7.9733298317569599e-32
72	0	0.99999870440083927
72	1	1.2955982157009082e-06
72	2	9.4500926141948301e-13
72	3	5.1237276848971226e-19
72	4	2.3036237257979449e-25
72	5	9.0940966186804237e-32
73	0	0.999998662800894
73	1	1.3371981027819859e-06
73	2	1.0031659348487023e-12
73	3	5.5777287306928429e-19
73	4	2.5652585205166124e-25
73	5	1.0337017884376971e-31
74	0	0.99999862120095051
74	1	1.3787979864019503e-06
74	2	1.0630531607707618e-12
74	3	6.0576950187983632e-19
74	4	2.8484937073716714e-25
74	5	1.1711785664905779e-31
75	0	0.99999961760007317
75	1	3.823998302144374e-07
75	2	9.6670671123296251e-14
75	3	2.050401123945483e-20
75	4	3.9613568617252151e-27
75	5	7.240015809852982e-34
76	0	0.99999750240311902
76	1	2.4975935581983871e-06
76	2	3.3227981986867984e-12
76	3	3.1306321781052121e-18
76	4	2.3437133547884049e-24
76	5	1.4834868491261808e-30
76	6	7.2754316797693533e-37

[frame_retry_cdf]
frame_id	retry_count	cumulative_probability
0	0	0.99999957600008993
0	1	0.99999999999988398
0	2	1
0	3	1
0	4	1
0	5	1
1	0	0.99999953040011025
1	1	0.99999999999985889
1	2	1
1	3	1
1	4	1
1	5	1
5	0	0.99999989680000534
5	1	0.99999999999998834
5	2	1
5	3	1
5	4	1
5	5	1
6	0	0.99999833800138105
6	1	0.99999999999848321
6	2	1
6	3	1
6	4	1
6	5	1
7	0	0.99999973640003481
7	1	0.99999999999994904
7	2	1
7	3	1
7	4	1
7	5	1
8	0	0.99999949080012962
8	1	0.99999999999983691
8	2	1
8	3	1
8	4	1
8	5	1
9	0	0.99999945120015066
9	1	0.99999999999981348
9	2	1
9	3	1
9	4	1
9	5	1
12	0	0.9999994096001743
12	1	0.99999999999978695
12	2	1
12	3	1
12	4	1
12	5	1
13	0	0.99999985720001028
13	1	0.99999999999998113
13	2	1
13	3	1
13	4	1
13	5	1
14	0	0.9999977400025537
14	1	0.99999999999726175
14	2	1
14	3	1
14	4	1
14	5	1
14	6	1
15	0	0.99999977600002521
15	1	0.99999999999996125
15	2	1
15	3	1
15	4	1
15	5	1
16	0	0.99999936800019973
16	1	0.99999999999975886
16	2	1
16	3	1
16	4	1
16	5	1
18	0	0.99999829840144772
18	1	0.99999999999841338
18	2	1
18	3	1
18	4	1
18	5	1
18	6	1
21	0	0.99999932840022554
21	1	0.99999999999973044
21	2	1
21	3	1
21	4	1
21	5	1
23	0	0.99999854200106286
23	1	0.99999999999881817
23	2	1
23	3	1
23	4	1
23	5	1
25	0	0.99999928880025302
25	1	0.99999999999970057
25	2	1
25	3	1
25	4	1
25	5	1
26	0	0.99999770040264402
26	1	0.99999999999716827
26	2	1
26	3	1
26	4	1
26	5	1
26	6	1
27	0	0.99999969680004597
27	1	0.99999999999993539
27	2	1
27	3	1
27	4	1
27	5	1
28	0	0.99999981560001705
28	1	0.99999999999997169
28	2	1
28	3	1
28	4	1
28	5	1
29	0	0.99999825880151583
29	1	0.99999999999834199
29	2	1
29	3	1
29	4	1
29	5	1
29	6	1
32	0	0.99999924720028333
32	1	0.99999999999966727
32	2	1
32	3	1
32	4	1
32	5	1
33	0	0.9999982192015856
33	1	0.99999999999826905
33	2	1
33	3	1
33	4	1
33	5	1
33	6	1
34	0	0.99999850240112143
34	1	0.99999999999875644
34	2	1
34	3	1
34	4	1
34	5	1
35	0	0.99999817960165693
35	1	0.99999999999819456
35	2	1
35	3	1
35	4	1
35	5	1
35	6	1
36	0	0.99999920760031402
36	1	0.99999999999963418
36	2	1
36	3	1
36	4	1
36	5	1
38	0	0.999997660802736
38	1	0.99999999999707323
38	2	1
38	3	1
38	4	1
38	5	1
38	6	1
39	0	0.99999916800034616
39	1	0.99999999999959932
39	2	1
39	3	1
39	4	1
39	5	1
40	0	0.99999814000172982
40	1	0.99999999999811839
40	2	1
40	3	1
40	4	1
40	5	1
40	6	1
41	0	0.99999911840038869
41	1	0.99999999999955014
41	2	1
41	3	1
41	4	1
41	5	1
42	0	0.99999858160100596
42	1	0.99999999999887834
42	2	1
42	3	1
42	4	1
42	5	1
43	0	0.99999762120282942
43	1	0.99999999999697664
43	2	1
43	3	1
43	4	1
43	5	1
43	6	1
44	0	0.9999984608011846
44	1	0.99999999999868983
44	2	1
44	3	1
44	4	1
44	5	1
46	0	0.9999990768004261
46	1	0.9999999999995095
46	2	0.99999999999999989
46	3	0.99999999999999989
46	4	0.99999999999999989
46	5	0.99999999999999989
46	6	1
48	0	0.99999810040180426
48	1	0.99999999999804079
48	2	1
48	3	1
48	4	1
48	5	1
48	6	1
49	0	0.9999975816029244
49	1	0.99999999999687839
49	2	1
49	3	1
49	4	1
49	5	1
49	6	1
50	0	0.99999965720005879
50	1	0.99999999999992017
50	2	1
50	3	1
50	4	1
50	5	1
51	0	0.9999990352004654
51	1	0.99999999999946743
51	2	1
51	3	1
51	4	1
51	5	1
53	0	0.99999842120124627
53	1	0.99999999999862488
53	2	1
53	3	1
53	4	1
53	5	1
55	0	0.99999754200302104
55	1	0.99999999999677869
55	2	1
55	3	1
55	4	1
55	5	1
55	6	1
56	0	0.99999899360050648
56	1	0.9999999999993
56	2	1
56	3	1
56	4	1
56	5	1
57	0	0.99999806080188025
57	1	0.99999999999796152
57	2	1
57	3	1
57	4	1
57	5	1
57	6	1
58	0	0.9999980212019578
58	1	0.99999999999755929
58	2	0.99999999999999989
58	3	0.99999999999999989
58	4	0.99999999999999989
58	5	0.99999999999999989
58	6	0.99999999999999989
58	7	1
60	0	0.99999837960131277
60	1	0.99999999999855482
60	2	0.99999999999999989
60	3	0.99999999999999989
60	4	0.99999999999999989
60	5	0.99999999999999989
60	6	1
64	0	0.99999798160203701
64	1	0.99999999999747058
64	2	1
64	3	1
64	4	1
64	5	1
64	6	1
65	0	0.99999895000055117
65	1	0.99999999999923406
65	2	0.99999999999999989
65	3	0.99999999999999989
65	4	0.99999999999999989
65	5	0.99999999999999989
65	6	1
66	0	0.99999750240311902
66	1	0.99999999999667721
66	2	1
66	3	1
66	4	1
66	5	1
66	6	1
68	0	0.99999878760073502
68	1	0.99999999999916622
68	2	1
68	3	1
68	4	1
68	5	1
69	0	0.99999777960246494
69	1	0.99999999999735356
69	2	0.99999999999999978
69	3	0.99999999999999978
69	4	0.99999999999999978
69	5	0.99999999999999978
69	6	0.99999999999999978
69	7	1
71	0	0.9999987460007862
71	1	0.99999999999911138
71	2	1
71	3	1
71	4	1
71	5	1
72	0	0.99999870440083927
72	1	0.99999999999905498
72	2	1
72	3	1
72	4	1
72	5	1
73	0	0.999998662800894
73	1	0.9999999999989968
73	2	1
73	3	1
73	4	1
73	5	1
74	0	0.99999862120095051
74	1	0.99999999999893696
74	2	1
74	3	1
74	4	1
74	5	1
75	0	0.99999961760007317
75	1	0.99999999999990341
75	2	1
75	3	1
75	4	1
75	5	1
76	0	0.99999750240311902
76	1	0.99999999999667721
76	2	1
76	3	1
76	4	1
76	5	1
76	6	1

[frame_wcrt_distribution]
frame_id	response_time_ms	probability
0	0.42399999999999999	0.99999957600008993
0	0.48559999999999998	4.2399979410565029e-07
0	0.54720000000000002	1.1600633652131547e-13
0	0.60880000000000001	2.6191696481156996e-20
0	0.6704	5.3229984608579593e-27
0	0.73199999999999998	1.0144453698020326e-33
1	0.46960000000000007	0.99999953040011025
1	0.53520000000000012	4.6959974867014738e-07
1	0.60080000000000011	1.4106775524646744e-13
1	0.6664000000000001	3.4757339440367971e-20
1	0.7320000000000001	7.6744943694680662e-27
1	0.79760000000000009	1.5837518240198467e-33
5	0.1032	0.99999989680000534
5	0.1648	1.031999829926415e-07
5	0.22639999999999999	1.1682237355141183e-14
5	0.28800000000000003	1.4266363891286628e-21
5	0.34960000000000002	1.8373105789241129e-28
5	0.41120000000000001	2.4587294067893614e-35
6	1.6620000000000001	0.99999833800138105
6	1.7436000000000003	1.6619971021393272e-06
6	1.8252000000000002	1.5167384316464915e-12
6	1.9068000000000001	1.0071385680663493e-18
6	1.9472000000000005	1.0382104335251053e-39
6	1.9884000000000002	5.4441511907185245e-25
6	2.0700000000000003	2.5429062678021957e-31
7	0.2636	0.99999973640003481
7	0.32519999999999999	2.6359991427729372e-07
7	0.38680000000000003	5.0980220280846926e-14
7	0.44840000000000002	8.8333445084607789e-21
7	0.51000000000000001	1.4569494069556149e-27
7	0.5716	2.3449459379913424e-34
8	0.5092000000000001	0.99999949080012962
8	0.57480000000000009	5.0919970731192436e-07
8	0.64040000000000008	1.6304573558547786e-13
8	0.70600000000000018	4.2300572002452231e-20
8	0.77160000000000006	9.7466074526315621e-27
8	0.83720000000000017	2.0846047180791052e-33
9	0.54880000000000018	0.99999945120015066
9	0.61440000000000017	5.4879966281738392e-07
9	0.68000000000000016	1.8659187311748358e-13
9	0.74560000000000026	5.0848052882344474e-20
9	0.81120000000000014	1.2206364504746731e-26
9	0.87680000000000025	2.7029293501489676e-33
12	0.59040000000000004	0.9999994096001743
12	0.65600000000000003	5.9039961269772779e-07
12	0.72160000000000002	2.1301616628747965e-13
12	0.78720000000000012	6.0976841855011208e-20
12	0.8528	1.5257251731829364e-26
12	0.91840000000000011	3.5001951548947428e-33
13	0.14280000000000001	0.99999985720001028
13	0.20440000000000003	1.4279997081168277e-07
13	0.26600000000000001	1.8992394948022233e-14
13	0.3276	2.5542570512252476e-21
13	0.38919999999999999	3.5078037778984962e-28
13	0.45079999999999998	4.9145350279843837e-35
14	2.2600000000000011	0.9999977400025537
14	2.341600000000001	2.2599947079901954e-06
14	2.3828000000000014	8.1151147711214807e-40
14	2.4232000000000014	2.7382093647630308e-12
14	2.5048000000000012	2.3632094256922893e-18
14	2.5864000000000011	1.629232815728026e-24
14	2.5872000000000011	7.2949409040667229e-38
14	2.668000000000001	9.5426581706539335e-31
14	2.7496000000000009	3.0185138736403927e-37
15	0.224	0.99999977600002521
15	0.28560000000000002	2.2399993602560943e-07
15	0.34720000000000001	3.888638649864431e-14
15	0.40880000000000005	6.2390485428097794e-21
15	0.47040000000000004	9.714903958748129e-28
15	0.53200000000000003	1.4952475929459877e-34
16	0.63200000000000012	0.99999936800019973
16	0.69760000000000011	6.3199955911695432e-07
16	0.7632000000000001	2.41171015938211e-13
16	0.8288000000000002	7.2354401045981011e-20
16	0.89440000000000008	1.8840864220168854e-26
16	0.96000000000000019	4.4732215049100167e-33
18	1.7016000000000002	0.99999829840144772
18	1.7832000000000003	1.7015969657095869e-06
18	1.8648000000000002	1.5865688813635959e-12
18	1.9464000000000001	1.0744088402246027e-18
18	1.9868000000000006	8.1151147711214807e-40
18	2.0280000000000005	5.9135627072506826e-25
18	2.1096000000000004	1.7579808743424006e-31
18	2.1912000000000003	2.359487037833125e-38
18	2.2720000000000002	1.0505282556181464e-31
18	2.3536000000000001	2.5632890829226122e-38
21	0.67159999999999997	0.99999932840022554
21	0.73719999999999997	6.7159950489666204e-07
21	0.80279999999999996	2.6958002358107088e-13
21	0.86840000000000006	8.4410930846848997e-20
21	0.93399999999999994	2.2800253141486887e-26
21	0.99960000000000004	5.5877125321407776e-33
23	1.4579999999999995	0.99999854200106286
23	1.5395999999999996	1.4579977552649268e-06
23	1.6211999999999995	1.1818528839785517e-12
23	1.7027999999999994	7.0458406535323225e-19
23	1.7431999999999999	8.1151147711214807e-40
23	1.7843999999999995	3.4516134370927638e-25
23	1.8659999999999997	1.4730656877561593e-31
25	0.71120000000000005	0.99999928880025302
25	0.77680000000000005	7.1119944754005409e-07
25	0.84240000000000004	2.9955718765291939e-13
25	0.90800000000000014	9.7726377397742393e-20
25	0.97360000000000002	2.7347761205792849e-26
25	1.0392000000000001	6.912046676311249e-33
26	2.2996000000000012	0.99999770040264402
26	2.3812000000000011	2.2995945241989994e-06
26	2.4224000000000014	8.1151147711214807e-40
26	2.4628000000000014	2.8317204660302524e-12
26	2.5444000000000013	2.481251109939312e-18
26	2.6260000000000012	1.7350982951529591e-24
26	2.6268000000000011	8.2376880162030322e-38
26	2.7076000000000011	1.0299305194173547e-30
26	2.789200000000001	3.4708078441428278e-37
27	0.30320000000000003	0.99999969680004597
27	0.36480000000000001	3.0319988939266e-07
27	0.4264	6.4642212436554687e-14
27	0.48800000000000004	1.2034204260640218e-20
27	0.54960000000000009	2.0972871150554847e-27
27	0.61119999999999997	3.5259902848822464e-34
28	0.18440000000000001	0.99999981560001705
28	0.246	1.8439995463760577e-07
28	0.30759999999999998	2.8360711276243845e-14
28	0.36920000000000003	4.1892173226740096e-21
28	0.43080000000000002	6.14294421989106e-28
28	0.4924	9.0334090111997103e-35
29	1.7412000000000003	0.99999825880151583
29	1.8228000000000004	1.7411968261435355e-06
29	1.9044000000000003	1.6579674825637264e-12
29	1.9860000000000002	1.1446034060153795e-18
29	2.0264000000000006	8.1151147711214807e-40
29	2.1492000000000004	1.4845912539827661e-31
29	2.2300000000000004	6.4126275835000308e-25
29	2.3116000000000003	2.6526263815542824e-31
29	2.3932000000000002	5.449269762628135e-38
32	0.75279999999999991	0.99999924720028333
32	0.81839999999999991	7.5279938390873199e-07
32	0.8839999999999999	3.327373058600926e-13
32	0.9496	1.1313822463855748e-19
32	1.0151999999999999	3.2818804366710444e-26
32	1.0808	8.5601090990857419e-33
33	1.7808000000000004	0.9999982192015856
33	1.8624000000000005	1.7807966834411673e-06
33	1.9440000000000004	1.73093423506058e-12
33	2.0256000000000003	1.2177843641014948e-18
33	2.0660000000000007	8.1151147711214807e-40
33	2.1888000000000005	1.6438142343559917e-31
33	2.2696000000000005	6.9425688033419743e-25
33	2.3512000000000004	2.8897584446612449e-31
33	2.4328000000000003	6.0169069996228108e-38
34	1.4975999999999996	0.99999850240112143
34	1.5791999999999997	1.4975976349919458e-06
34	1.6607999999999996	1.2436049746191428e-12
34	1.7423999999999995	7.5777373654989107e-19
34	1.7827999999999999	8.1151147711214807e-40
34	1.8239999999999996	3.7866773288702488e-25
34	1.9055999999999997	1.6456626949100286e-31
35	1.8204000000000005	0.99999817960165693
35	1.9020000000000006	1.8203965376024931e-06
35	1.9836000000000005	1.8054691386678711e-12
35	2.1056000000000008	1.312959050936332e-39
35	2.2276000000000007	1.2940136029880903e-18
35	2.2284000000000006	2.3060021708397448e-32
35	2.3092000000000006	9.6061089041116531e-25
35	2.3100000000000005	2.8436739371596851e-38
35	2.3908000000000005	5.071009563062911e-31
35	2.4724000000000004	1.3714836266957585e-37
36	0.79239999999999999	0.99999920760031402
36	0.85799999999999998	7.923993201210913e-07
36	0.92359999999999998	3.6592998202691336e-13
36	0.98920000000000008	1.29229303088977e-19
36	1.1204000000000001	4.5589713630904404e-33
36	1.1776	3.8747445589960423e-26
36	1.2432000000000001	1.0604529112703466e-32
38	2.3392000000000013	0.999997660802736
38	2.4208000000000012	2.3391943372714962e-06
38	2.4620000000000015	8.1151147711214807e-40
38	2.5024000000000015	2.926799715967236e-12
38	2.5840000000000014	2.6031548393058733e-18
38	2.6656000000000013	1.8460348482232275e-24
38	2.7472000000000012	1.1103145822746902e-30
38	2.8288000000000011	5.1198668026618397e-37
39	0.83199999999999985	0.99999916800034616
39	0.89759999999999984	8.3199925319713535e-07
39	0.96319999999999983	4.0069081405442226e-13
39	1.0287999999999999	1.4676873135091844e-19
39	1.1599999999999999	5.5767275819173185e-33
39	1.2172000000000001	4.544015551952103e-26
39	1.2828000000000002	1.2557077016731918e-32
40	1.8600000000000005	0.99999814000172982
40	1.9416000000000007	1.8599963886275049e-06
40	2.0232000000000006	1.8815721931992911e-12
40	2.1452000000000009	8.1151147711214807e-40
40	2.2672000000000008	1.3733536287291229e-18
40	2.2680000000000007	2.3276797353028911e-32
40	2.3488000000000007	1.0330410406482728e-24
40	2.3496000000000006	3.324137260933037e-38
40	2.4304000000000006	5.5469066828603839e-31
40	2.5120000000000005	1.5428310354881981e-37
41	0.88159999999999983	0.99999911840038869
41	0.95119999999999982	8.8159916142247842e-07
41	1.0207999999999999	4.4996818067224616e-13
41	1.2132000000000001	1.746994307638554e-19
41	1.2295999999999998	5.0378556628198712e-33
41	1.2827999999999999	7.8789928119588129e-26
41	1.3524	2.160712000145425e-32
42	1.4183999999999997	0.99999858160100596
42	1.4999999999999996	1.4183978724015973e-06
42	1.5815999999999997	1.1216689459669937e-12
42	1.6631999999999998	6.5393668670759928e-19
42	1.7036000000000002	8.1151147711214807e-40
42	1.7447999999999997	3.1392339379205256e-25
42	1.8263999999999996	1.3152259344603759e-31
43	2.3788000000000014	0.99999762120282942
43	2.4604000000000013	2.3787941472076836e-06
43	2.5016000000000016	8.1151147711214807e-40
43	2.5420000000000016	3.0234471143876786e-12
43	2.6236000000000015	2.7289827123062452e-18
43	2.7052000000000014	1.9622017085101619e-24
43	2.7868000000000013	1.1956352125904918e-30
43	2.8684000000000012	5.6014811246258155e-37
44	1.5391999999999999	0.9999984608011846
44	1.6208	1.5391975052666618e-06
44	1.7023999999999999	1.3101648095735324e-12
44	1.7839999999999998	8.164558959747164e-19
44	1.8244000000000002	1.0382104335251053e-39
44	1.8655999999999999	4.1642673321544116e-25
44	1.9472	1.8439761420231578e-31
46	0.92319999999999969	0.9999990768004261
46	0.99279999999999968	9.2319908344749531e-07
46	1.1851999999999998	4.9040325877371489e-13
46	1.2547999999999999	2.5738970804585893e-19
46	1.2711999999999997	5.8577065415919776e-33
46	1.3243999999999998	9.8837818225285138e-26
46	1.3939999999999999	2.6702513503419943e-32
46	10.069599999999999	1.1102230246251565e-16
48	1.8996000000000008	0.99999810040180426
48	1.9812000000000007	1.8995962365162087e-06
48	2.1848000000000014	8.1151147711214807e-40
48	2.225200000000001	1.9592430802874485e-12
48	2.3068000000000013	1.7740473924547568e-18
48	2.3076000000000008	1.9100465159965212e-32
48	2.3884000000000012	1.1612548950863151e-24
48	2.3892000000000007	3.8173823050006454e-38
48	2.4700000000000011	6.1883410662798339e-31
48	2.5516000000000014	1.7127396566833448e-37
49	2.4184000000000014	0.9999975816029244
49	2.5000000000000013	2.4183939540075601e-06
49	2.5412000000000017	8.1151147711214807e-40
49	2.5816000000000017	3.1216626611052812e-12
49	2.6632000000000016	2.8587968274448218e-18
49	2.7448000000000015	2.0837605686788729e-24
49	2.8264000000000014	1.2861160976730393e-30
49	2.9080000000000013	6.1198082633176035e-37
50	0.34279999999999999	0.99999965720005879
50	0.40439999999999998	3.4279986137170823e-07
50	0.46599999999999997	7.9872362779470364e-14
50	0.52760000000000007	1.590372683052489e-20
50	0.58919999999999995	2.9215783001191682e-27
50	0.65080000000000005	5.1244765062920869e-34
51	0.96479999999999966	0.9999990352004654
51	1.0343999999999998	9.6479900201139581e-07
51	1.2267999999999999	5.325689466440165e-13
51	1.2964	2.8687495814306388e-19
51	1.3127999999999997	7.2733783278296225e-33
51	1.3659999999999999	1.1300562048836119e-25
51	1.4356	3.0854051173356632e-32
53	1.5788	0.99999842120124627
53	1.6604000000000001	1.5787973785626557e-06
53	1.742	1.3751324045172662e-12
53	1.8235999999999999	8.7505276699365262e-19
53	1.8640000000000003	8.1151147711214807e-40
53	1.9052	4.549218191187195e-25
53	1.9868000000000001	2.0500370373486807e-31
55	2.4580000000000015	0.99999754200302104
55	2.5396000000000014	2.4579937576711268e-06
55	2.5808000000000018	8.1151147711214807e-40
55	2.6212000000000018	3.221446355933756e-12
55	2.7028000000000016	2.9926592832162404e-18
55	2.7844000000000015	2.2108755804878672e-24
55	2.8660000000000014	1.381987604128313e-30
55	2.9476000000000013	6.6770320372207078e-37
56	1.0063999999999997	0.99999899360050648
56	1.1988000000000001	1.0063987935284026e-06
56	1.2684	7.0005095205480911e-13
56	1.3380000000000001	3.3467298781257537e-19
56	1.3543999999999998	6.9663430271207618e-33
56	1.4076	1.3088859805139185e-25
56	1.4772000000000001	3.7790421655252087e-32
57	1.9392000000000007	0.99999806080188025
57	2.0208000000000008	1.9391960812686014e-06
57	2.224400000000001	8.1151147711214807e-40
57	2.264800000000001	2.0384824232397829e-12
57	2.3464000000000009	1.872663360473539e-18
57	2.3472000000000008	2.0764875032967114e-32
57	2.4280000000000008	1.2438897185747806e-24
57	2.4288000000000007	4.3701665441311496e-38
57	2.5096000000000007	6.7224098757445711e-31
57	2.5912000000000006	1.8971302902291282e-37
58	1.9788000000000008	0.9999980212019578
58	2.2228000000000008	1.9787956015282492e-06
58	2.2640000000000011	8.1151147711214807e-40
58	2.3044000000000011	2.4406462957681965e-12
58	2.386000000000001	2.027147695283828e-18
58	2.3868000000000009	2.2426532956195064e-32
58	2.4676000000000009	1.3397171149367283e-24
58	2.4684000000000008	4.9881058046335547e-38
58	2.5492000000000008	7.3094287903808747e-31
58	2.6308000000000007	2.0968971268749327e-37
58	100.08159999999999	1.1102230246251565e-16
60	1.6204000000000001	0.99999837960131277
60	1.702	1.6203972420815482e-06
60	1.7836000000000001	1.4450701425705989e-12
60	1.8652000000000002	9.3955235974797253e-19
60	1.9056000000000006	1.0382104335251053e-39
60	1.9468000000000001	4.9816608782533039e-25
60	2.0284	2.2858862193866753e-31
60	50.081600000000002	1.1102230246251565e-16
64	2.0184000000000011	0.99999798160203701
64	2.2624000000000009	2.0183954335770042e-06
64	2.3036000000000012	8.1151147711214807e-40
64	2.3440000000000012	2.529452950955335e-12
64	2.4256000000000011	2.1339758355339422e-18
64	2.426400000000001	2.3256477424867738e-32
64	2.507200000000001	1.4313001839394979e-24
64	2.5080000000000009	5.6772041507107505e-38
64	2.5888000000000009	7.9285836795125734e-31
64	2.6704000000000008	2.3129698219862724e-37
65	1.0499999999999998	0.99999895000055117
65	1.2544	1.0499986828808257e-06
65	1.3359999999999999	7.6586897679836442e-13
65	1.4175999999999997	3.9004160307663268e-19
65	1.4579999999999997	7.8610831485403397e-33
65	1.4991999999999999	1.6419724057811273e-25
65	1.5808	5.3088589745242259e-32
65	10.0816	1.1102230246251565e-16
66	2.4976000000000016	0.99999750240311902
66	2.5792000000000015	2.4975935581983871e-06
66	2.6204000000000014	8.1151147711214807e-40
66	2.6608000000000018	3.3227981986867984e-12
66	2.7424000000000017	3.1306321781052121e-18
66	2.8240000000000016	2.3437133547884049e-24
66	2.9056000000000015	1.4834868483146693e-30
66	2.9872000000000014	7.2754316797693533e-37
68	1.2123999999999995	0.99999878760073502
68	1.2939999999999996	1.2123984311554138e-06
68	1.3755999999999995	8.338875729034645e-13
68	1.4571999999999994	4.2907416855533095e-19
68	1.4975999999999998	8.1151147711214807e-40
68	1.5387999999999995	1.8406895663512442e-25
68	1.6203999999999996	6.9655111667527127e-32
69	2.220400000000001	0.99999777960246494
69	2.3020000000000009	2.2203948886450834e-06
69	2.3432000000000013	8.1151147711214807e-40
69	2.3836000000000013	2.646266412351867e-12
69	2.4652000000000012	2.2489676880406929e-18
69	2.4660000000000011	2.5216538802072371e-32
69	2.5468000000000011	1.5282816354713899e-24
69	2.547600000000001	6.4438713798880821e-38
69	2.628400000000001	8.5789325052423068e-31
69	2.7100000000000009	2.7536292212428784e-37
69	100.08159999999999	2.2204460492503131e-16
71	1.2539999999999996	0.9999987460007862
71	1.3355999999999995	1.2539983251587193e-06
71	1.4171999999999996	8.8858314069908137e-13
71	1.4987999999999997	4.6949719727707466e-19
71	1.5391999999999997	1.0382104335251053e-39
71	1.5803999999999996	2.0624653995745543e-25
71	1.6619999999999995	7.973329727935916e-32
72	1.2955999999999994	0.99999870440083927
72	1.3771999999999993	1.2955982157009082e-06
72	1.4587999999999994	9.4500926141948301e-13
72	1.5403999999999995	5.1237276848971226e-19
72	1.5808	1.0382104335251053e-39
72	1.6219999999999994	2.3036237257979449e-25
72	1.7035999999999993	9.0940965148593788e-32
73	1.3371999999999995	0.999998662800894
73	1.4187999999999996	1.3371981027819859e-06
73	1.5003999999999995	1.0031659348487023e-12
73	1.5819999999999994	5.5777287306928429e-19
73	1.6223999999999998	1.0382104335251053e-39
73	1.6635999999999995	2.5652585205166124e-25
73	1.7451999999999996	1.0337017780555928e-31
74	1.3787999999999994	0.99999862120095051
74	1.4603999999999995	1.3787979864019503e-06
74	1.5419999999999994	1.0630531607707618e-12
74	1.6235999999999993	6.0576950187983632e-19
74	1.6639999999999997	1.0382104335251053e-39
74	1.7051999999999994	2.8484937073716714e-25
74	1.7867999999999995	1.1711785561084736e-31
75	0.38240000000000002	0.99999961760007317
75	0.44400000000000001	3.823998302144374e-07
75	0.50560000000000005	9.6670671123296251e-14
75	0.56720000000000004	2.050401123945483e-20
75	0.62880000000000003	3.9613568617252151e-27
75	0.69040000000000001	7.240015809852982e-34
76	2.4976000000000016	0.99999750240311902
76	2.5792000000000015	2.4975935581983871e-06
76	2.6204000000000014	8.1151147711214807e-40
76	2.6608000000000018	3.3227981986867984e-12
76	2.7424000000000017	3.1306321781052121e-18
76	2.8240000000000016	2.3437133547884049e-24
76	2.9056000000000015	1.4834868483146693e-30
76	2.9872000000000014	7.2754316797693533e-37

[frame_wcrt_cdf]
frame_id	response_time_ms	cumulative_probability
0	0.42399999999999999	0.99999957600008993
0	0.48559999999999998	0.99999999999988398
0	0.54720000000000002	1
0	0.60880000000000001	1
0	0.6704	1
0	0.73199999999999998	1
1	0.46960000000000007	0.99999953040011025
1	0.53520000000000012	0.99999999999985889
1	0.60080000000000011	1
1	0.6664000000000001	1
1	0.7320000000000001	1
1	0.79760000000000009	1
5	0.1032	0.99999989680000534
5	0.1648	0.99999999999998834
5	0.22639999999999999	1
5	0.28800000000000003	1
5	0.34960000000000002	1
5	0.41120000000000001	1
6	1.6620000000000001	0.99999833800138105
6	1.7436000000000003	0.99999999999848321
6	1.8252000000000002	1
6	1.9068000000000001	1
6	1.9472000000000005	1
6	1.9884000000000002	1
6	2.0700000000000003	1
7	0.2636	0.99999973640003481
7	0.32519999999999999	0.99999999999994904
7	0.38680000000000003	1
7	0.44840000000000002	1
7	0.51000000000000001	1
7	0.5716	1
8	0.5092000000000001	0.99999949080012962
8	0.57480000000000009	0.99999999999983691
8	0.64040000000000008	1
8	0.70600000000000018	1
8	0.77160000000000006	1
8	0.83720000000000017	1
9	0.54880000000000018	0.99999945120015066
9	0.61440000000000017	0.99999999999981348
9	0.68000000000000016	1
9	0.74560000000000026	1
9	0.81120000000000014	1
9	0.87680000000000025	1
12	0.59040000000000004	0.9999994096001743
12	0.65600000000000003	0.99999999999978695
12	0.72160000000000002	1
12	0.78720000000000012	1
12	0.8528	1
12	0.91840000000000011	1
13	0.14280000000000001	0.99999985720001028
13	0.20440000000000003	0.99999999999998113
13	0.26600000000000001	1
13	0.3276	1
13	0.38919999999999999	1
13	0.45079999999999998	1
14	2.2600000000000011	0.9999977400025537
14	2.341600000000001	0.99999999999726175
14	2.3828000000000014	0.99999999999726175
14	2.4232000000000014	1
14	2.5048000000000012	1
14	2.5864000000000011	1
14	2.5872000000000011	1
14	2.668000000000001	1
14	2.7496000000000009	1
15	0.224	0.99999977600002521
15	0.28560000000000002	0.99999999999996125
15	0.34720000000000001	1
15	0.40880000000000005	1
15	0.47040000000000004	1
15	0.53200000000000003	1
16	0.63200000000000012	0.99999936800019973
16	0.69760000000000011	0.99999999999975886
16	0.7632000000000001	1
16	0.8288000000000002	1
16	0.89440000000000008	1
16	0.96000000000000019	1
18	1.7016000000000002	0.99999829840144772
18	1.7832000000000003	0.99999999999841338
18	1.8648000000000002	1
18	1.9464000000000001	1
18	1.9868000000000006	1
18	2.0280000000000005	1
18	2.1096000000000004	1
18	2.1912000000000003	1
18	2.2720000000000002	1
18	2.3536000000000001	1
21	0.67159999999999997	0.99999932840022554
21	0.73719999999999997	0.99999999999973044
21	0.80279999999999996	1
21	0.86840000000000006	1
21	0.93399999999999994	1
21	0.99960000000000004	1
23	1.4579999999999995	0.99999854200106286
23	1.5395999999999996	0.99999999999881817
23	1.6211999999999995	1
23	1.7027999999999994	1
23	1.7431999999999999	1
23	1.7843999999999995	1
23	1.8659999999999997	1
25	0.71120000000000005	0.99999928880025302
25	0.77680000000000005	0.99999999999970057
25	0.84240000000000004	1
25	0.90800000000000014	1
25	0.97360000000000002	1
25	1.0392000000000001	1
26	2.2996000000000012	0.99999770040264402
26	2.3812000000000011	0.99999999999716827
26	2.4224000000000014	0.99999999999716827
26	2.4628000000000014	1
26	2.5444000000000013	1
26	2.6260000000000012	1
26	2.6268000000000011	1
26	2.7076000000000011	1
26	2.789200000000001	1
27	0.30320000000000003	0.99999969680004597
27	0.36480000000000001	0.99999999999993539
27	0.4264	1
27	0.48800000000000004	1
27	0.54960000000000009	1
27	0.61119999999999997	1
28	0.18440000000000001	0.99999981560001705
28	0.246	0.99999999999997169
28	0.30759999999999998	1
28	0.36920000000000003	1
28	0.43080000000000002	1
28	0.4924	1
29	1.7412000000000003	0.99999825880151583
29	1.8228000000000004	0.99999999999834199
29	1.9044000000000003	1
29	1.9860000000000002	1
29	2.0264000000000006	1
29	2.1492000000000004	1
29	2.2300000000000004	1
29	2.3116000000000003	1
29	2.3932000000000002	1
32	0.75279999999999991	0.99999924720028333
32	0.81839999999999991	0.99999999999966727
32	0.8839999999999999	1
32	0.9496	1
32	1.0151999999999999	1
32	1.0808	1
33	1.7808000000000004	0.9999982192015856
33	1.8624000000000005	0.99999999999826905
33	1.9440000000000004	1
33	2.0256000000000003	1
33	2.0660000000000007	1
33	2.1888000000000005	1
33	2.2696000000000005	1
33	2.3512000000000004	1
33	2.4328000000000003	1
34	1.4975999999999996	0.99999850240112143
34	1.5791999999999997	0.99999999999875644
34	1.6607999999999996	1
34	1.7423999999999995	1
34	1.7827999999999999	1
34	1.8239999999999996	1
34	1.9055999999999997	1
35	1.8204000000000005	0.99999817960165693
35	1.9020000000000006	0.99999999999819456
35	1.9836000000000005	1
35	2.1056000000000008	1
35	2.2276000000000007	1
35	2.2284000000000006	1
35	2.3092000000000006	1
35	2.3100000000000005	1
35	2.3908000000000005	1
35	2.4724000000000004	1
36	0.79239999999999999	0.99999920760031402
36	0.85799999999999998	0.99999999999963418
36	0.92359999999999998	1
36	0.98920000000000008	1
36	1.1204000000000001	1
36	1.1776	1
36	1.2432000000000001	1
38	2.3392000000000013	0.999997660802736
38	2.4208000000000012	0.99999999999707323
38	2.4620000000000015	0.99999999999707323
38	2.5024000000000015	1
38	2.5840000000000014	1
38	2.6656000000000013	1
38	2.7472000000000012	1
38	2.8288000000000011	1
39	0.83199999999999985	0.99999916800034616
39	0.89759999999999984	0.99999999999959932
39	0.96319999999999983	1
39	1.0287999999999999	1
39	1.1599999999999999	1
39	1.2172000000000001	1
39	1.2828000000000002	1
40	1.8600000000000005	0.99999814000172982
40	1.9416000000000007	0.99999999999811839
40	2.0232000000000006	1
40	2.1452000000000009	1
40	2.2672000000000008	1
40	2.2680000000000007	1
40	2.3488000000000007	1
40	2.3496000000000006	1
40	2.4304000000000006	1
40	2.5120000000000005	1
41	0.88159999999999983	0.99999911840038869
41	0.95119999999999982	0.99999999999955014
41	1.0207999999999999	1
41	1.2132000000000001	1
41	1.2295999999999998	1
41	1.2827999999999999	1
41	1.3524	1
42	1.4183999999999997	0.99999858160100596
42	1.4999999999999996	0.99999999999887834
42	1.5815999999999997	1
42	1.6631999999999998	1
42	1.7036000000000002	1
42	1.7447999999999997	1
42	1.8263999999999996	1
43	2.3788000000000014	0.99999762120282942
43	2.4604000000000013	0.99999999999697664
43	2.5016000000000016	0.99999999999697664
43	2.5420000000000016	1
43	2.6236000000000015	1
43	2.7052000000000014	1
43	2.7868000000000013	1
43	2.8684000000000012	1
44	1.5391999999999999	0.9999984608011846
44	1.6208	0.99999999999868983
44	1.7023999999999999	1
44	1.7839999999999998	1
44	1.8244000000000002	1
44	1.8655999999999999	1
44	1.9472	1
46	0.92319999999999969	0.9999990768004261
46	0.99279999999999968	0.9999999999995095
46	1.1851999999999998	0.99999999999999989
46	1.2547999999999999	0.99999999999999989
46	1.2711999999999997	0.99999999999999989
46	1.3243999999999998	0.99999999999999989
46	1.3939999999999999	0.99999999999999989
46	10.069599999999999	1
48	1.8996000000000008	0.99999810040180426
48	1.9812000000000007	0.99999999999804079
48	2.1848000000000014	0.99999999999804079
48	2.225200000000001	1
48	2.3068000000000013	1
48	2.3076000000000008	1
48	2.3884000000000012	1
48	2.3892000000000007	1
48	2.4700000000000011	1
48	2.5516000000000014	1
49	2.4184000000000014	0.9999975816029244
49	2.5000000000000013	0.99999999999687839
49	2.5412000000000017	0.99999999999687839
49	2.5816000000000017	1
49	2.6632000000000016	1
49	2.7448000000000015	1
49	2.8264000000000014	1
49	2.9080000000000013	1
50	0.34279999999999999	0.99999965720005879
50	0.40439999999999998	0.99999999999992017
50	0.46599999999999997	1
50	0.52760000000000007	1
50	0.58919999999999995	1
50	0.65080000000000005	1
51	0.96479999999999966	0.9999990352004654
51	1.0343999999999998	0.99999999999946743
51	1.2267999999999999	1
51	1.2964	1
51	1.3127999999999997	1
51	1.3659999999999999	1
51	1.4356	1
53	1.5788	0.99999842120124627
53	1.6604000000000001	0.99999999999862488
53	1.742	1
53	1.8235999999999999	1
53	1.8640000000000003	1
53	1.9052	1
53	1.9868000000000001	1
55	2.4580000000000015	0.99999754200302104
55	2.5396000000000014	0.99999999999677869
55	2.5808000000000018	0.99999999999677869
55	2.6212000000000018	1
55	2.7028000000000016	1
55	2.7844000000000015	1
55	2.8660000000000014	1
55	2.9476000000000013	1
56	1.0063999999999997	0.99999899360050648
56	1.1988000000000001	0.9999999999993
56	1.2684	1
56	1.3380000000000001	1
56	1.3543999999999998	1
56	1.4076	1
56	1.4772000000000001	1
57	1.9392000000000007	0.99999806080188025
57	2.0208000000000008	0.99999999999796152
57	2.224400000000001	0.99999999999796152
57	2.264800000000001	1
57	2.3464000000000009	1
57	2.3472000000000008	1
57	2.4280000000000008	1
57	2.4288000000000007	1
57	2.5096000000000007	1
57	2.5912000000000006	1
58	1.9788000000000008	0.9999980212019578
58	2.2228000000000008	0.99999999999755929
58	2.2640000000000011	0.99999999999755929
58	2.3044000000000011	0.99999999999999989
58	2.386000000000001	0.99999999999999989
58	2.3868000000000009	0.99999999999999989
58	2.4676000000000009	0.99999999999999989
58	2.4684000000000008	0.99999999999999989
58	2.5492000000000008	0.99999999999999989
58	2.6308000000000007	0.99999999999999989
58	100.08159999999999	1
60	1.6204000000000001	0.99999837960131277
60	1.702	0.99999999999855482
60	1.7836000000000001	0.99999999999999989
60	1.8652000000000002	0.99999999999999989
60	1.9056000000000006	0.99999999999999989
60	1.9468000000000001	0.99999999999999989
60	2.0284	0.99999999999999989
60	50.081600000000002	1
64	2.0184000000000011	0.99999798160203701
64	2.2624000000000009	0.99999999999747058
64	2.3036000000000012	0.99999999999747058
64	2.3440000000000012	1
64	2.4256000000000011	1
64	2.426400000000001	1
64	2.507200000000001	1
64	2.5080000000000009	1
64	2.5888000000000009	1
64	2.6704000000000008	1
65	1.0499999999999998	0.99999895000055117
65	1.2544	0.99999999999923406
65	1.3359999999999999	0.99999999999999989
65	1.4175999999999997	0.99999999999999989
65	1.4579999999999997	0.99999999999999989
65	1.4991999999999999	0.99999999999999989
65	1.5808	0.99999999999999989
65	10.0816	1
66	2.4976000000000016	0.99999750240311902
66	2.5792000000000015	0.99999999999667721
66	2.6204000000000014	0.99999999999667721
66	2.6608000000000018	1
66	2.7424000000000017	1
66	2.8240000000000016	1
66	2.9056000000000015	1
66	2.9872000000000014	1
68	1.2123999999999995	0.99999878760073502
68	1.2939999999999996	0.99999999999916622
68	1.3755999999999995	1
68	1.4571999999999994	1
68	1.4975999999999998	1
68	1.5387999999999995	1
68	1.6203999999999996	1
69	2.220400000000001	0.99999777960246494
69	2.3020000000000009	0.99999999999735356
69	2.3432000000000013	0.99999999999735356
69	2.3836000000000013	0.99999999999999978
69	2.4652000000000012	0.99999999999999978
69	2.4660000000000011	0.99999999999999978
69	2.5468000000000011	0.99999999999999978
69	2.547600000000001	0.99999999999999978
69	2.628400000000001	0.99999999999999978
69	2.7100000000000009	0.99999999999999978
69	100.08159999999999	1
71	1.2539999999999996	0.9999987460007862
71	1.3355999999999995	0.99999999999911138
71	1.4171999999999996	1
71	1.4987999999999997	1
71	1.5391999999999997	1
71	1.5803999999999996	1
71	1.6619999999999995	1
72	1.2955999999999994	0.99999870440083927
72	1.3771999999999993	0.99999999999905498
72	1.4587999999999994	1
72	1.5403999999999995	1
72	1.5808	1
72	1.6219999999999994	1
72	1.7035999999999993	1
73	1.3371999999999995	0.999998662800894
73	1.4187999999999996	0.9999999999989968
73	1.5003999999999995	1
73	1.5819999999999994	1
73	1.6223999999999998	1
73	1.6635999999999995	1
73	1.7451999999999996	1
74	1.3787999999999994	0.99999862120095051
74	1.4603999999999995	0.99999999999893696
74	1.5419999999999994	1
74	1.6235999999999993	1
74	1.6639999999999997	1
74	1.7051999999999994	1
74	1.7867999999999995	1
75	0.38240000000000002	0.99999961760007317
75	0.44400000000000001	0.99999999999990341
75	0.50560000000000005	1
75	0.56720000000000004	1
75	0.62880000000000003	1
75	0.69040000000000001	1
76	2.4976000000000016	0.99999750240311902
76	2.5792000000000015	0.99999999999667721
76	2.6204000000000014	0.99999999999667721
76	2.6608000000000018	1
76	2.7424000000000017	1
76	2.8240000000000016	1
76	2.9056000000000015	1
76	2.9872000000000014	1

[frame_distribution_quantiles]
frame_id	retry_q50	retry_q90	retry_q95	retry_q99	wcrt_q50_ms	wcrt_q90_ms	wcrt_q95_ms	wcrt_q99_ms
0	0	0	0	0	0.42399999999999999	0.42399999999999999	0.42399999999999999	0.42399999999999999
1	0	0	0	0	0.46960000000000007	0.46960000000000007	0.46960000000000007	0.46960000000000007
5	0	0	0	0	0.1032	0.1032	0.1032	0.1032
6	0	0	0	0	1.6620000000000001	1.6620000000000001	1.6620000000000001	1.6620000000000001
7	0	0	0	0	0.2636	0.2636	0.2636	0.2636
8	0	0	0	0	0.5092000000000001	0.5092000000000001	0.5092000000000001	0.5092000000000001
9	0	0	0	0	0.54880000000000018	0.54880000000000018	0.54880000000000018	0.54880000000000018
12	0	0	0	0	0.59040000000000004	0.59040000000000004	0.59040000000000004	0.59040000000000004
13	0	0	0	0	0.14280000000000001	0.14280000000000001	0.14280000000000001	0.14280000000000001
14	0	0	0	0	2.2600000000000011	2.2600000000000011	2.2600000000000011	2.2600000000000011
15	0	0	0	0	0.224	0.224	0.224	0.224
16	0	0	0	0	0.63200000000000012	0.63200000000000012	0.63200000000000012	0.63200000000000012
18	0	0	0	0	1.7016000000000002	1.7016000000000002	1.7016000000000002	1.7016000000000002
21	0	0	0	0	0.67159999999999997	0.67159999999999997	0.67159999999999997	0.67159999999999997
23	0	0	0	0	1.4579999999999995	1.4579999999999995	1.4579999999999995	1.4579999999999995
25	0	0	0	0	0.71120000000000005	0.71120000000000005	0.71120000000000005	0.71120000000000005
26	0	0	0	0	2.2996000000000012	2.2996000000000012	2.2996000000000012	2.2996000000000012
27	0	0	0	0	0.30320000000000003	0.30320000000000003	0.30320000000000003	0.30320000000000003
28	0	0	0	0	0.18440000000000001	0.18440000000000001	0.18440000000000001	0.18440000000000001
29	0	0	0	0	1.7412000000000003	1.7412000000000003	1.7412000000000003	1.7412000000000003
32	0	0	0	0	0.75279999999999991	0.75279999999999991	0.75279999999999991	0.75279999999999991
33	0	0	0	0	1.7808000000000004	1.7808000000000004	1.7808000000000004	1.7808000000000004
34	0	0	0	0	1.4975999999999996	1.4975999999999996	1.4975999999999996	1.4975999999999996
35	0	0	0	0	1.8204000000000005	1.8204000000000005	1.8204000000000005	1.8204000000000005
36	0	0	0	0	0.79239999999999999	0.79239999999999999	0.79239999999999999	0.79239999999999999
38	0	0	0	0	2.3392000000000013	2.3392000000000013	2.3392000000000013	2.3392000000000013
39	0	0	0	0	0.83199999999999985	0.83199999999999985	0.83199999999999985	0.83199999999999985
40	0	0	0	0	1.8600000000000005	1.8600000000000005	1.8600000000000005	1.8600000000000005
41	0	0	0	0	0.88159999999999983	0.88159999999999983	0.88159999999999983	0.88159999999999983
42	0	0	0	0	1.4183999999999997	1.4183999999999997	1.4183999999999997	1.4183999999999997
43	0	0	0	0	2.3788000000000014	2.3788000000000014	2.3788000000000014	2.3788000000000014
44	0	0	0	0	1.5391999999999999	1.5391999999999999	1.5391999999999999	1.5391999999999999
46	0	0	0	0	0.92319999999999969	0.92319999999999969	0.92319999999999969	0.92319999999999969
48	0	0	0	0	1.8996000000000008	1.8996000000000008	1.8996000000000008	1.8996000000000008
49	0	0	0	0	2.4184000000000014	2.4184000000000014	2.4184000000000014	2.4184000000000014
50	0	0	0	0	0.34279999999999999	0.34279999999999999	0.34279999999999999	0.34279999999999999
51	0	0	0	0	0.96479999999999966	0.96479999999999966	0.96479999999999966	0.96479999999999966
53	0	0	0	0	1.5788	1.5788	1.5788	1.5788
55	0	0	0	0	2.4580000000000015	2.4580000000000015	2.4580000000000015	2.4580000000000015
56	0	0	0	0	1.0063999999999997	1.0063999999999997	1.0063999999999997	1.0063999999999997
57	0	0	0	0	1.9392000000000007	1.9392000000000007	1.9392000000000007	1.9392000000000007
58	0	0	0	0	1.9788000000000008	1.9788000000000008	1.9788000000000008	1.9788000000000008
60	0	0	0	0	1.6204000000000001	1.6204000000000001	1.6204000000000001	1.6204000000000001
64	0	0	0	0	2.0184000000000011	2.0184000000000011	2.0184000000000011	2.0184000000000011
65	0	0	0	0	1.0499999999999998	1.0499999999999998	1.0499999999999998	1.0499999999999998
66	0	0	0	0	2.4976000000000016	2.4976000000000016	2.4976000000000016	2.4976000000000016
68	0	0	0	0	1.2123999999999995	1.2123999999999995	1.2123999999999995	1.2123999999999995
69	0	0	0	0	2.220400000000001	2.220400000000001	2.220400000000001	2.220400000000001
71	0	0	0	0	1.2539999999999996	1.2539999999999996	1.2539999999999996	1.2539999999999996
72	0	0	0	0	1.2955999999999994	1.2955999999999994	1.2955999999999994	1.2955999999999994
73	0	0	0	0	1.3371999999999995	1.3371999999999995	1.3371999999999995	1.3371999999999995
74	0	0	0	0	1.3787999999999994	1.3787999999999994	1.3787999999999994	1.3787999999999994
75	0	0	0	0	0.38240000000000002	0.38240000000000002	0.38240000000000002	0.38240000000000002
76	0	0	0	0	2.4976000000000016	2.4976000000000016	2.4976000000000016	2.4976000000000016

[signal_summary]
code	frame_id	period_ms	level	type	p_timeout	expected_wcrt_ms	wcrt_p95_ms	threshold_wcrt_ms	expected_retry_count	p_threshold
4442053	44	100	0	0	0	1.5392001255987302	1.5391999999999999	1.5391999999999999	1.5392001255987305e-06	1
101146991	64	100	3	0	0	2.0184004924893104	2.0184000000000011	2.3440000000000012	2.0184004924893082e-06	2.7777777777777779e-13
113136173	39	20	0	0	0	0.83200005457920345	0.83199999999999985	0.83199999999999985	8.320000545792038e-07	1
163297550	28	1	0	0	0	0.18440001135904072	0.18440000000000001	0.18440000000000001	1.8440001135904091e-07	1
185394789	50	5	1	0	0	0.34280002111648133	0.34279999999999999	0.40439999999999998	3.4280002111648148e-07	1.388888888888889e-13
199219916	12	20	1	0	0	0.5904000387302426	0.59040000000000004	0.65600000000000003	5.9040003873024333e-07	5.5555555555555559e-13
202308420	23	100	0	0	0	1.4580001189728093	1.4579999999999995	1.4579999999999995	1.4580001189728085e-06	1
246259461	0	20	0	0	0	0.4240000261184016	0.42399999999999999	0.42399999999999999	4.2400002611840189e-07	1
278360931	34	50	0	0	0	1.4976001222041697	1.4975999999999996	1.4975999999999996	1.4976001222041683e-06	1
309399341	72	10	0	0	0	1.2956001057209681	1.2955999999999994	1.2955999999999994	1.2956001057209682e-06	1
313257731	12	10	0	0	0	0.5904000387302426	0.59040000000000004	0.59040000000000004	5.9040003873024333e-07	1
323141855	12	20	0	0	0	0.5904000387302426	0.59040000000000004	0.59040000000000004	5.9040003873024333e-07	1
343620766	71	20	0	0	0	1.2540001023264076	1.2539999999999996	1.2539999999999996	1.2540001023264092e-06	1
354218347	50	10	0	0	0	0.34280002111648133	0.34279999999999999	0.34279999999999999	3.4280002111648148e-07	1
357030295	13	1	1	0	0	0.14280000879648058	0.14280000000000001	0.20440000000000003	1.4280000879648031e-07	2.7777777777777774e-14
385192042	51	20	0	0	0	0.96480006715014976	0.96479999999999966	0.96479999999999966	9.6480006715014971e-07	1
397883869	1	10	1	0	0	0.46960003080576207	0.46960000000000007	0.53520000000000012	4.6960003080576219e-07	2.7777777777777779e-13
420852857	1	10	2	0	0	0.46960003080576207	0.46960000000000007	0.53520000000000012	4.6960003080576219e-07	2.7777777777777779e-13
428326257	23	50	2	0	0	1.4580001189728093	1.4579999999999995	1.5395999999999996	1.4580001189728085e-06	1.3888888888888889e-12
509732670	15	2	0	0	0	0.22400001379840087	0.224	0.224	2.2400001379840115e-07	1
524715558	36	10	0	0	0	0.79240005198144337	0.79239999999999999	0.79239999999999999	7.924000519814431e-07	1
528416491	71	20	0	0	0	1.2540001023264076	1.2539999999999996	1.2539999999999996	1.2540001023264092e-06	1
576062361	46	10	2	0	1.1102230246251565e-16	0.9232000642547854	0.92319999999999969	1.1851999999999998	9.2320006492091881e-07	2.7777777777777779e-13
576863557	69	100	0	0	2.2204460492503131e-16	2.2204001811846781	2.220400000000001	2.220400000000001	2.2204001827389672e-06	1
616091922	49	1000	0	0	0	2.4184001973414579	2.4184000000000014	2.4184000000000014	2.4184001973414587e-06	1
617776535	32	20	0	0	0	0.75280004938368306	0.75279999999999991	0.75279999999999991	7.5280004938368314e-07	1
651226106	72	10	0	1	0	1.2956001057209681	1.2955999999999994	1.2955999999999994	1.2956001057209682e-06	1
670442431	72	10	0	0	0	1.2956001057209681	1.2955999999999994	1.2955999999999994	1.2956001057209682e-06	1
701606190	56	10	0	0	0	1.0064001936313112	1.0063999999999997	1.0063999999999997	1.0064001936313108e-06	1
803479515	32	20	0	0	0	0.75280004938368306	0.75279999999999991	0.75279999999999991	7.5280004938368314e-07	1
834129153	65	10	2	0	1.1102230246251565e-16	1.0500002146199505	1.0499999999999998	1.3359999999999999	1.0500002152860834e-06	2.7777777777777779e-13
851546401	29	100	0	0	0	1.7412001420819319	1.7412000000000003	1.7412000000000003	1.7412001420819346e-06	1
933454879	53	50	0	0	0	1.5788001288300904	1.5788	1.5788	1.5788001288300898e-06	1
953566602	21	10	0	0	0	0.67160004405696283	0.67159999999999997	0.67159999999999997	6.7160004405696244e-07	1
1040149993	33	100	0	0	0	1.780800145313292	1.7808000000000004	1.7808000000000004	1.7808001453132905e-06	1
1080995404	25	20	0	0	0	0.71120004665472325	0.71120000000000005	0.71120000000000005	7.1120004665472261e-07	1
1106406643	5	1	0	0	0	0.1032000063571204	0.1032	0.1032	1.0320000635712048e-07	1
1185695018	36	20	2	0	0	0.79240005198144337	0.79239999999999999	0.85799999999999998	7.924000519814431e-07	5.5555555555555559e-13
1194042300	8	10	0	0	0	0.50920003340352216	0.5092000000000001	0.5092000000000001	5.0920003340352252e-07	1
1198287613	56	10	0	0	0	1.0064001936313112	1.0063999999999997	1.0063999999999997	1.0064001936313108e-06	1
1235589589	53	50	0	0	0	1.5788001288300904	1.5788	1.5788	1.5788001288300898e-06	1
1241556190	56	20	0	0	0	1.0064001936313112	1.0063999999999997	1.0063999999999997	1.0064001936313108e-06	1
1243909676	5	2	0	0	0	0.1032000063571204	0.1032	0.1032	1.0320000635712048e-07	1
1245698076	56	20	0	0	0	1.0064001936313112	1.0063999999999997	1.0063999999999997	1.0064001936313108e-06	1
1294675591	75	10	0	0	0	0.38240002355584146	0.38240000000000002	0.38240000000000002	3.8240002355584119e-07	1
1294866821	68	20	1	0	0	1.2124000989318477	1.2123999999999995	1.3755999999999995	1.212400098931847e-06	5.5555555555555559e-13
1373207983	71	10	1	0	0	1.2540001023264076	1.2539999999999996	1.4171999999999996	1.2540001023264092e-06	2.7777777777777779e-13
1395210166	15	2	0	0	0	0.22400001379840087	0.224	0.224	2.2400001379840115e-07	1
1402649245	41	10	0	0	0	0.88160006135936408	0.88159999999999983	0.88159999999999983	8.8160006135936386e-07	1
1431609953	41	10	0	0	0	0.88160006135936408	0.88159999999999983	0.88159999999999983	8.8160006135936386e-07	1
1436473302	44	100	0	0	0	1.5392001255987302	1.5391999999999999	1.5391999999999999	1.5392001255987305e-06	1
1502673604	32	10	0	0	0	0.75280004938368306	0.75279999999999991	0.75279999999999991	7.5280004938368314e-07	1
1521632520	35	100	0	0	0	1.8204001485446526	1.8204000000000005	1.8204000000000005	1.8204001485446524e-06	1
1535099699	16	20	0	0	0	0.63200004145920285	0.63200000000000012	0.63200000000000012	6.3200004145920323e-07	1
1535924320	71	20	0	0	0	1.2540001023264076	1.2539999999999996	1.2539999999999996	1.2540001023264092e-06	1
1555488462	73	20	1	0	0	1.3372001091155283	1.3371999999999995	1.5003999999999995	1.3372001091155289e-06	5.5555555555555559e-13
1566318845	53	100	0	0	0	1.5788001288300904	1.5788	1.5788	1.5788001288300898e-06	1
1576854082	55	1000	0	0	0	2.4580002005728181	2.4580000000000015	2.4580000000000015	2.4580002005728169e-06	1
1624617453	32	20	0	0	0	0.75280004938368306	0.75279999999999991	0.75279999999999991	7.5280004938368314e-07	1
1635625256	65	20	0	0	1.1102230246251565e-16	1.0500002146199505	1.0499999999999998	1.0499999999999998	1.0500002152860834e-06	1
1638888408	6	100	0	0	0	1.6620001356192111	1.6620000000000001	1.6620000000000001	1.6620001356192119e-06	1
1645140924	73	20	0	0	0	1.3372001091155283	1.3371999999999995	1.3371999999999995	1.3372001091155289e-06	1
1653674584	72	10	3	0	0	1.2956001057209681	1.2955999999999994	1.4587999999999994	1.2956001057209682e-06	2.7777777777777781e-14
1655471764	35	100	2	0	0	1.8204001485446526	1.8204000000000005	1.9020000000000006	1.8204001485446524e-06	2.7777777777777777e-12
1664995845	7	5	0	0	0	0.26360001623776097	0.2636	0.2636	2.6360001623776078e-07	1
1666069118	71	10	3	0	0	1.2540001023264076	1.2539999999999996	1.4171999999999996	1.2540001023264092e-06	2.7777777777777781e-14
1670013097	15	2	0	0	0	0.22400001379840087	0.224	0.224	2.2400001379840115e-07	1
1685604088	58	100	1	0	1.1102230246251565e-16	1.9788004828269332	1.9788000000000008	2.2228000000000008	1.9788004836040782e-06	2.7777777777777777e-12
1699634045	68	10	0	0	0	1.2124000989318477	1.2123999999999995	1.2123999999999995	1.212400098931847e-06	1
1700321690	16	10	3	0	0	0.63200004145920285	0.63200000000000012	0.7632000000000001	6.3200004145920323e-07	2.7777777777777781e-14
1702413369	0	10	0	0	0	0.4240000261184016	0.42399999999999999	0.42399999999999999	4.2400002611840189e-07	1
1713441102	0	10	0	0	0	0.4240000261184016	0.42399999999999999	0.42399999999999999	4.2400002611840189e-07	1
1727290102	32	20	0	0	0	0.75280004938368306	0.75279999999999991	0.75279999999999991	7.5280004938368314e-07	1
1731652725	1	20	2	0	0	0.46960003080576207	0.46960000000000007	0.53520000000000012	4.6960003080576219e-07	5.5555555555555559e-13
1734864272	58	100	3	0	1.1102230246251565e-16	1.9788004828269332	1.9788000000000008	2.3044000000000011	1.9788004836040782e-06	2.7777777777777779e-13
1756448191	25	20	0	0	0	0.71120004665472325	0.71120000000000005	0.71120000000000005	7.1120004665472261e-07	1
1762884387	0	10	0	0	0	0.4240000261184016	0.42399999999999999	0.42399999999999999	4.2400002611840189e-07	1
1773770481	7	10	0	0	0	0.26360001623776097	0.2636	0.2636	2.6360001623776078e-07	1
1777181754	65	20	0	0	1.1102230246251565e-16	1.0500002146199505	1.0499999999999998	1.0499999999999998	1.0500002152860834e-06	1
1779103071	46	20	1	0	1.1102230246251565e-16	0.9232000642547854	0.92319999999999969	0.99279999999999968	9.2320006492091881e-07	5.5555555555555559e-13
1825867247	1	20	0	0	0	0.46960003080576207	0.46960000000000007	0.46960000000000007	4.6960003080576219e-07	1
1832685451	27	5	0	0	0	0.30320001867712121	0.30320000000000003	0.30320000000000003	3.0320001867712097e-07	1
1870422595	1	20	2	0	0	0.46960003080576207	0.46960000000000007	0.53520000000000012	4.6960003080576219e-07	5.5555555555555559e-13
1871380639	32	20	0	0	0	0.75280004938368306	0.75279999999999991	0.75279999999999991	7.5280004938368314e-07	1
1882776959	33	100	2	0	0	1.780800145313292	1.7808000000000004	1.8624000000000005	1.7808001453132905e-06	2.7777777777777777e-12
1885657875	68	10	0	0	0	1.2124000989318477	1.2123999999999995	1.2123999999999995	1.212400098931847e-06	1
1898140061	71	20	0	0	0	1.2540001023264076	1.2539999999999996	1.2539999999999996	1.2540001023264092e-06	1
1901148272	6	100	0	0	0	1.6620001356192111	1.6620000000000001	1.6620000000000001	1.6620001356192119e-06	1
1904482095	13	1	0	0	0	0.14280000879648058	0.14280000000000001	0.14280000000000001	1.4280000879648031e-07	1
1930102355	9	20	1	0	0	0.54880003600128258	0.54880000000000018	0.61440000000000017	5.4880003600128269e-07	5.5555555555555559e-13
1943163612	72	10	0	0	0	1.2956001057209681	1.2955999999999994	1.2955999999999994	1.2956001057209682e-06	1
1964304914	56	20	1	0	0	1.0064001936313112	1.0063999999999997	1.2684	1.0064001936313108e-06	5.5555555555555559e-13
1996236304	74	10	0	0	0	1.3788001125100884	1.3787999999999994	1.3787999999999994	1.3788001125100892e-06	1
2019923444	1	20	0	0	0	0.46960003080576207	0.46960000000000007	0.46960000000000007	4.6960003080576219e-07	1
2081735452	73	20	0	0	0	1.3372001091155283	1.3371999999999995	1.3371999999999995	1.3372001091155289e-06	1
2085964773	44	100	0	0	0	1.5392001255987302	1.5391999999999999	1.5391999999999999	1.5392001255987305e-06	1
2113540515	65	20	0	0	1.1102230246251565e-16	1.0500002146199505	1.0499999999999998	1.0499999999999998	1.0500002152860834e-06	1
2135934207	71	20	0	0	0	1.2540001023264076	1.2539999999999996	1.2539999999999996	1.2540001023264092e-06	1
2193518692	55	1000	2	0	0	2.4580002005728181	2.4580000000000015	2.5396000000000014	2.4580002005728169e-06	2.7777777777777777e-11
2199854598	12	20	0	0	0	0.5904000387302426	0.59040000000000004	0.59040000000000004	5.9040003873024333e-07	1
2202975577	6	100	0	0	0	1.6620001356192111	1.6620000000000001	1.6620000000000001	1.6620001356192119e-06	1
2210157661	42	20	0	0	0	1.4184001157414492	1.4183999999999997	1.4183999999999997	1.4184001157414511e-06	1
2225174994	74	10	0	0	0	1.3788001125100884	1.3787999999999994	1.3787999999999994	1.3788001125100892e-06	1
2231059540	73	20	0	0	0	1.3372001091155283	1.3371999999999995	1.3371999999999995	1.3372001091155289e-06	1
2237933354	68	20	0	0	0	1.2124000989318477	1.2123999999999995	1.2123999999999995	1.212400098931847e-06	1
2257798374	74	10	0	1	0	1.3788001125100884	1.3787999999999994	1.3787999999999994	1.3788001125100892e-06	1
2267078643	7	5	0	0	0	0.26360001623776097	0.2636	0.2636	2.6360001623776078e-07	1
2294060068	41	20	0	0	0	0.88160006135936408	0.88159999999999983	0.88159999999999983	8.8160006135936386e-07	1
2300217833	42	20	1	0	0	1.4184001157414492	1.4183999999999997	1.5815999999999997	1.4184001157414511e-06	5.5555555555555559e-13
2330602898	33	100	0	0	0	1.780800145313292	1.7808000000000004	1.7808000000000004	1.7808001453132905e-06	1
2333303907	56	10	0	0	0	1.0064001936313112	1.0063999999999997	1.0063999999999997	1.0064001936313108e-06	1
2366234696	60	100	0	0	1.1102230246251565e-16	1.6204001322246562	1.6204000000000001	1.6204000000000001	1.6204001328907858e-06	1
2375040668	32	20	2	0	0	0.75280004938368306	0.75279999999999991	0.81839999999999991	7.5280004938368314e-07	5.5555555555555559e-13
2389137927	14	1000	0	0	0	2.260000184416016	2.2600000000000011	2.2600000000000011	2.2600001844160145e-06	1
2411011017	44	100	0	0	0	1.5392001255987302	1.5391999999999999	1.5391999999999999	1.5392001255987305e-06	1
2433633275	73	10	1	0	0	1.3372001091155283	1.3371999999999995	1.5003999999999995	1.3372001091155289e-06	2.7777777777777779e-13
2447627222	44	100	1	0	0	1.5392001255987302	1.5391999999999999	1.6208	1.5392001255987305e-06	2.7777777777777777e-12
2463590667	46	20	0	0	1.1102230246251565e-16	0.9232000642547854	0.92319999999999969	0.92319999999999969	9.2320006492091881e-07	1
2500677107	58	100	0	0	1.1102230246251565e-16	1.9788004828269332	1.9788000000000008	1.9788000000000008	1.9788004836040782e-06	1
2595958231	57	100	0	0	0	1.9392001582390646	1.9392000000000007	1.9392000000000007	1.9392001582390657e-06	1
2620168175	40	100	0	0	0	1.8600001517760127	1.8600000000000005	1.8600000000000005	1.8600001517760113e-06	1
2653785052	35	100	0	0	0	1.8204001485446526	1.8204000000000005	1.8204000000000005	1.8204001485446524e-06	1
2686789768	41	10	0	0	0	0.88160006135936408	0.88159999999999983	0.88159999999999983	8.8160006135936386e-07	1
2727308527	6	100	3	0	0	1.6620001356192111	1.6620000000000001	1.8252000000000002	1.6620001356192119e-06	2.7777777777777779e-13
2756464208	69	100	0	0	2.2204460492503131e-16	2.2204001811846781	2.220400000000001	2.220400000000001	2.2204001827389672e-06	1
2765425422	72	10	0	0	0	1.2956001057209681	1.2955999999999994	1.2955999999999994	1.2956001057209682e-06	1
2770350269	48	100	0	0	0	1.8996001550076917	1.8996000000000008	1.8996000000000008	1.8996001550076913e-06	1
2776457976	27	10	1	0	0	0.30320001867712121	0.30320000000000003	0.36480000000000001	3.0320001867712097e-07	2.7777777777777779e-13
2782042273	41	10	0	0	0	0.88160006135936408	0.88159999999999983	0.88159999999999983	8.8160006135936386e-07	1
2783168185	21	20	0	0	0	0.67160004405696283	0.67159999999999997	0.67159999999999997	6.7160004405696244e-07	1
2790924007	16	20	0	0	0	0.63200004145920285	0.63200000000000012	0.63200000000000012	6.3200004145920323e-07	1
2851558580	29	100	0	0	0	1.7412001420819319	1.7412000000000003	1.7412000000000003	1.7412001420819346e-06	1
2908689840	9	20	2	0	0	0.54880003600128258	0.54880000000000018	0.61440000000000017	5.4880003600128269e-07	5.5555555555555559e-13
2959504439	21	20	0	0	0	0.67160004405696283	0.67159999999999997	0.67159999999999997	6.7160004405696244e-07	1
2964850147	44	100	0	0	0	1.5392001255987302	1.5391999999999999	1.5391999999999999	1.5392001255987305e-06	1
2972099151	51	20	0	0	0	0.96480006715014976	0.96479999999999966	0.96479999999999966	9.6480006715014971e-07	1
2972778665	51	10	0	0	0	0.96480006715014976	0.96479999999999966	0.96479999999999966	9.6480006715014971e-07	1
2975356632	21	20	0	0	0	0.67160004405696283	0.67159999999999997	0.67159999999999997	6.7160004405696244e-07	1
3009673760	73	10	0	0	0	1.3372001091155283	1.3371999999999995	1.3371999999999995	1.3372001091155289e-06	1
3013114744	64	100	0	0	0	2.0184004924893104	2.0184000000000011	2.0184000000000011	2.0184004924893082e-06	1
3042879346	71	10	0	0	0	1.2540001023264076	1.2539999999999996	1.2539999999999996	1.2540001023264092e-06	1
3050093749	36	10	2	0	0	0.79240005198144337	0.79239999999999999	0.92359999999999998	7.924000519814431e-07	2.7777777777777779e-13
3053972093	28	1	2	0	0	0.18440001135904072	0.18440000000000001	0.246	1.8440001135904091e-07	2.7777777777777774e-14
3069974031	25	10	0	0	0	0.71120004665472325	0.71120000000000005	0.71120000000000005	7.1120004665472261e-07	1
3093581560	21	20	0	0	0	0.67160004405696283	0.67159999999999997	0.67159999999999997	6.7160004405696244e-07	1
3097201168	75	5	0	0	0	0.38240002355584146	0.38240000000000002	0.38240000000000002	3.8240002355584119e-07	1
3119754358	39	20	1	0	0	0.83200005457920345	0.83199999999999985	0.89759999999999984	8.320000545792038e-07	5.5555555555555559e-13
3141375495	66	1000	0	0	0	2.4976002038041787	2.4976000000000016	2.4976000000000016	2.4976002038041765e-06	1
3173562817	9	10	0	0	0	0.54880003600128258	0.54880000000000018	0.54880000000000018	5.4880003600128269e-07	1
3217979878	7	5	0	0	0	0.26360001623776097	0.2636	0.2636	2.6360001623776078e-07	1
3246156553	5	1	2	0	0	0.1032000063571204	0.1032	0.1648	1.0320000635712048e-07	2.7777777777777774e-14
3252004030	53	100	0	0	0	1.5788001288300904	1.5788	1.5788	1.5788001288300898e-06	1
3272126442	23	100	0	0	0	1.4580001189728093	1.4579999999999995	1.4579999999999995	1.4580001189728085e-06	1
3278016561	43	1000	0	0	0	2.3788001941100969	2.3788000000000014	2.3788000000000014	2.3788001941100995e-06	1
3285256704	8	20	0	0	0	0.50920003340352216	0.5092000000000001	0.5092000000000001	5.0920003340352252e-07	1
3289135466	28	1	1	0	0	0.18440001135904072	0.18440000000000001	0.246	1.8440001135904091e-07	2.7777777777777774e-14
3325177641	74	20	0	0	0	1.3788001125100884	1.3787999999999994	1.3787999999999994	1.3788001125100892e-06	1
3337033667	5	2	0	0	0	0.1032000063571204	0.1032	0.1032	1.0320000635712048e-07	1
3349409950	46	20	3	0	1.1102230246251565e-16	0.9232000642547854	0.92319999999999969	1.1851999999999998	9.2320006492091881e-07	5.5555555555555561e-14
3356457825	9	10	0	0	0	0.54880003600128258	0.54880000000000018	0.54880000000000018	5.4880003600128269e-07	1
3401924633	18	100	0	0	0	1.7016001388505717	1.7016000000000002	1.7016000000000002	1.7016001388505727e-06	1
3429773195	26	1000	0	0	0	2.2996001876473762	2.2996000000000012	2.2996000000000012	2.2996001876473753e-06	1
3431261196	46	10	0	0	1.1102230246251565e-16	0.9232000642547854	0.92319999999999969	0.92319999999999969	9.2320006492091881e-07	1
3446227736	12	10	2	0	0	0.5904000387302426	0.59040000000000004	0.65600000000000003	5.9040003873024333e-07	2.7777777777777779e-13
3469767772	73	20	0	0	0	1.3372001091155283	1.3371999999999995	1.3371999999999995	1.3372001091155289e-06	1
3535113930	75	10	0	0	0	0.38240002355584146	0.38240000000000002	0.38240000000000002	3.8240002355584119e-07	1
3553422759	1	10	0	0	0	0.46960003080576207	0.46960000000000007	0.46960000000000007	4.6960003080576219e-07	1
3594783093	35	100	0	0	0	1.8204001485446526	1.8204000000000005	1.8204000000000005	1.8204001485446524e-06	1
3616543541	57	100	0	0	0	1.9392001582390646	1.9392000000000007	1.9392000000000007	1.9392001582390657e-06	1
3621305977	73	20	0	0	0	1.3372001091155283	1.3371999999999995	1.3371999999999995	1.3372001091155289e-06	1
3625288131	28	1	0	0	0	0.18440001135904072	0.18440000000000001	0.18440000000000001	1.8440001135904091e-07	1
3629838922	27	10	0	0	0	0.30320001867712121	0.30320000000000003	0.30320000000000003	3.0320001867712097e-07	1
3633331927	76	1000	0	0	0	2.4976002038041787	2.4976000000000016	2.4976000000000016	2.4976002038041765e-06	1
3640745721	44	50	0	0	0	1.5392001255987302	1.5391999999999999	1.5391999999999999	1.5392001255987305e-06	1
3659224731	16	10	0	0	0	0.63200004145920285	0.63200000000000012	0.63200000000000012	6.3200004145920323e-07	1
3669285327	38	1000	0	0	0	2.3392001908787368	2.3392000000000013	2.3392000000000013	2.3392001908787379e-06	1
3682741432	72	10	2	0	0	1.2956001057209681	1.2955999999999994	1.4587999999999994	1.2956001057209682e-06	2.7777777777777779e-13
3686748784	71	20	0	0	0	1.2540001023264076	1.2539999999999996	1.2539999999999996	1.2540001023264092e-06	1
3705946490	46	10	0	0	1.1102230246251565e-16	0.9232000642547854	0.92319999999999969	0.92319999999999969	9.2320006492091881e-07	1
3706309325	57	100	0	0	0	1.9392001582390646	1.9392000000000007	1.9392000000000007	1.9392001582390657e-06	1
3827446972	74	10	0	0	0	1.3788001125100884	1.3787999999999994	1.3787999999999994	1.3788001125100892e-06	1
3829322579	0	10	0	0	0	0.4240000261184016	0.42399999999999999	0.42399999999999999	4.2400002611840189e-07	1
3844127185	39	10	0	0	0	0.83200005457920345	0.83199999999999985	0.83199999999999985	8.320000545792038e-07	1
3874354749	12	10	0	0	0	0.5904000387302426	0.59040000000000004	0.59040000000000004	5.9040003873024333e-07	1
3879077213	51	20	0	0	0	0.96480006715014976	0.96479999999999966	0.96479999999999966	9.6480006715014971e-07	1
3923331305	16	10	2	0	0	0.63200004145920285	0.63200000000000012	0.69760000000000011	6.3200004145920323e-07	2.7777777777777779e-13
3952531971	60	50	2	0	1.1102230246251565e-16	1.6204001322246562	1.6204000000000001	1.7836000000000001	1.6204001328907858e-06	1.3888888888888889e-12
4003801227	60	100	0	0	1.1102230246251565e-16	1.6204001322246562	1.6204000000000001	1.6204000000000001	1.6204001328907858e-06	1
4022966450	46	20	0	0	1.1102230246251565e-16	0.9232000642547854	0.92319999999999969	0.92319999999999969	9.2320006492091881e-07	1
4081156106	72	10	3	0	0	1.2956001057209681	1.2955999999999994	1.4587999999999994	1.2956001057209682e-06	2.7777777777777781e-14
4129238918	39	10	2	0	0	0.83200005457920345	0.83199999999999985	0.96319999999999983	8.320000545792038e-07	2.7777777777777779e-13
4132488579	33	100	0	0	0	1.780800145313292	1.7808000000000004	1.7808000000000004	1.7808001453132905e-06	1
4136371781	73	10	0	0	0	1.3372001091155283	1.3371999999999995	1.3371999999999995	1.3372001091155289e-06	1
4169025175	42	20	0	0	0	1.4184001157414492	1.4183999999999997	1.4183999999999997	1.4184001157414511e-06	1
4181871699	13	2	1	0	0	0.14280000879648058	0.14280000000000001	0.20440000000000003	1.4280000879648031e-07	5.5555555555555549e-14
4209845029	41	10	0	0	0	0.88160006135936408	0.88159999999999983	0.88159999999999983	8.8160006135936386e-07	1
4253902942	8	20	1	0	0	0.50920003340352216	0.5092000000000001	0.57480000000000009	5.0920003340352252e-07	5.5555555555555559e-13
4255160014	64	100	3	0	0	2.0184004924893104	2.0184000000000011	2.3440000000000012	2.0184004924893082e-06	2.7777777777777779e-13
4267768819	8	20	3	0	0	0.50920003340352216	0.5092000000000001	0.64040000000000008	5.0920003340352252e-07	5.5555555555555561e-14
4270396935	26	1000	1	0	0	2.2996001876473762	2.2996000000000012	2.3812000000000011	2.2996001876473753e-06	2.7777777777777777e-11
