base_bandwidth_utilization	0.380218
expected_bandwidth_utilization	0.38021818212175951

rounded_expected_bandwidth_utilization	0.76043599999999945

bandwidth_utilization_p99	0.38021799999999972

[frame_summary]
frame_id	priority	period_ms	deadline_ms	trans_time_ms	expected_retry_count	expected_tx_count	rounded_expected_retry_count	rounded_expected_tx_count	retry_p99	tx_count_p99	expected_wcrt_ms	p_timeout	wcrt_p95_ms
0	39	100	100	0.039600000000000003	1.9572006403954228e-06	1.0000019572006404	1	2	0	1	1.9572006403954219	0	1.9572000000000001
1	10	10	10	0.039600000000000003	5.0520003213072213e-07	1.000000505200032	1	2	0	1	0.50520003213072207	0	0.50520000000000009
3	0	1	1	0.039600000000000003	1.0120000603152044e-07	1.0000001012000059	1	2	0	1	0.10120000603152038	0	0.10120000000000001
7	40	100	100	0.039600000000000003	1.9968006533525243e-06	1.0000019968006533	1	2	0	1	1.9968006533525242	0	1.9968000000000001
8	11	10	10	0.0436	5.488000349036831e-07	1.000000548800035	1	2	0	1	0.54880003490368223	0	0.54880000000000007
9	51	1000	1000	0.039600000000000003	2.6800002186880206e-06	1.0000026800002186	1	2	0	1	2.680000218688019	0	2.680000000000001
10	12	10	10	0.0436	5.9240003767664312e-07	1.0000005924000377	1	2	0	1	0.59240003767664251	0	0.59240000000000004
11	41	100	100	0.039600000000000003	2.0364006663096255e-06	1.0000020364006663	1	2	0	1	2.0364006663096257	0	2.0364000000000004
12	42	100	100	0.039600000000000003	2.3216001894425752e-06	1.0000023216001894	1	2	0	1	2.3216001894425764	0	2.3216000000000006
13	31	20	20	0.039600000000000003	1.6364001335302495e-06	1.0000016364001336	1	2	0	1	1.6364001335302503	0	1.6363999999999992
16	32	50	50	0.039600000000000003	1.6760001367616105e-06	1.0000016760001367	1	2	0	1	1.6760001367616106	0	1.6759999999999993
17	43	100	100	0.039600000000000003	2.3612001926739335e-06	1.0000023612001927	1	2	0	1	2.361200192673937	0	2.3612000000000006
18	1	1	1	0.041599999999999998	1.4280000879648063e-07	1.0000001428000087	1	2	0	1	0.14280000879648058	0	0.14280000000000001
20	13	10	10	0.045600000000000002	6.3800004251893708e-07	1.0000006380000426	1	2	0	1	0.63800004185280379	1.1102230246251565e-16	0.6379999999999999
21	14	10	10	0.041599999999999998	6.7960004458176327e-07	1.0000006796000447	1	2	0	1	0.67960004458176293	0	0.67959999999999998
22	44	100	100	0.039600000000000003	2.4008001959052973e-06	1.000002400800196	1	2	0	1	2.4008001959052967	0	2.4008000000000007
28	33	50	50	0.041599999999999998	1.7176001401561721e-06	1.0000017176001401	1	2	0	1	1.7176001401561709	0	1.7175999999999993
30	2	1	1	0.039600000000000003	1.8240001123584087e-07	1.0000001824000113	1	2	0	1	0.18240001123584071	0	0.18240000000000001
31	52	1000	1000	0.039600000000000003	2.7196002219193798e-06	1.0000027196002219	1	2	0	1	2.7196002219193796	0	2.7196000000000011
32	6	5	5	0.039600000000000003	3.4680002205648136e-07	1.000000346800022	1	2	0	1	0.34680002205648142	0	0.3468
33	45	100	100	0.039600000000000003	2.4404001991366581e-06	1.000002440400199	1	2	0	1	2.4404001991366573	0	2.4404000000000008
36	53	1000	1000	0.039600000000000003	2.7592002251507431e-06	1.0000027592002252	1	2	0	1	2.7592002251507397	0	2.7592000000000012
37	3	1	1	0.039600000000000003	2.2200001367520061e-07	1.0000002220000137	1	2	0	1	0.22200001367520086	0	0.222
38	7	5	5	0.039600000000000003	3.8640002457504135e-07	1.0000003864000246	1	2	0	1	0.38640002457504158	0	0.38640000000000002
39	15	10	10	0.041599999999999998	7.212000473107237e-07	1.0000007212000472	1	2	0	1	0.72120004731072307	0	0.72119999999999995
40	46	100	100	0.041599999999999998	2.4820002025312157e-06	1.0000024820002025	1	2	0	1	2.4820002025312178	0	2.4820000000000011
41	47	100	100	0.039600000000000003	2.5216002057625795e-06	1.0000025216002058	1	2	0	1	2.5216002057625779	0	2.5216000000000007
42	16	10	10	0.041599999999999998	7.6280005003968328e-07	1.00000076280005	1	2	0	1	0.76280005003968321	0	0.76279999999999992
44	34	50	50	0.039600000000000003	1.757200143387531e-06	1.0000017572001434	1	2	0	1	1.7572001433875313	0	1.7571999999999994
45	35	50	50	0.039600000000000003	1.7968001466188891e-06	1.0000017968001467	1	2	0	1	1.7968001466188916	0	1.7967999999999995
46	17	10	10	0.041599999999999998	8.0440005276864424e-07	1.0000008044000528	1	2	0	1	0.80440005276864335	0	0.80439999999999989
47	18	10	10	0.041599999999999998	8.4600005549760371e-07	1.0000008460000556	1	2	0	1	0.8460000554976036	0	0.84599999999999997
48	36	50	50	0.041599999999999998	1.8384001500134519e-06	1.0000018384001501	1	2	0	1	1.8384001500134519	0	1.8383999999999996
49	19	10	10	0.041599999999999998	8.8760005822656361e-07	1.0000008876000581	1	2	0	1	0.88760005822656374	0	0.88759999999999983
50	20	10	10	0.041599999999999998	9.2920006095564432e-07	1.0000009292000609	1	2	0	1	0.92920006095564478	0	0.92919999999999969
52	21	10	10	0.039600000000000003	9.6880006355341391e-07	1.0000009688000635	1	2	0	1	0.96880006355341475	0	0.96879999999999966
54	54	1000	1000	0.045600000000000002	2.7988002283820976e-06	1.0000027988002285	1	2	0	1	2.7988002283821003	0	2.7988000000000013
55	22	10	10	0.041599999999999998	1.0104003144363748e-06	1.0000010104003145	1	2	0	1	1.0104003144363747	0	1.0103999999999995
57	4	1	1	0.0436	2.6560001689216096e-07	1.0000002656000169	1	2	0	1	0.26560001689216106	0	0.2656
58	23	10	10	0.041599999999999998	1.2976000851225643e-06	1.0000012976000852	1	2	0	1	1.2976000851225653	0	1.2975999999999996
61	37	50	50	0.039600000000000003	1.8780001532452805e-06	1.0000018780001532	1	2	0	1	1.878000153245283	0	1.8779999999999997
62	55	1000	1000	0.039600000000000003	2.8384002316134593e-06	1.0000028384002315	1	2	0	1	2.8384002316134609	0	2.8384000000000018
64	24	10	10	0.041599999999999998	1.3392000878515256e-06	1.0000013392000879	1	2	0	1	1.3392000878515253	0	1.3391999999999995
65	38	50	50	0.039600000000000003	1.9176001564766625e-06	1.0000019176001564	1	2	0	1	1.9176001564766627	0	1.9175999999999997
66	56	1000	1000	0.039600000000000003	2.8780002348458958e-06	1.0000028780002348	1	2	0	1	2.8780002348458962	0	2.8780000000000019
67	57	1000	1000	0.039600000000000003	2.9176002380772838e-06	1.0000029176002381	1	2	0	1	2.9176002380772852	0	2.917600000000002
68	25	10	10	0.0436	1.3828000907116854e-06	1.0000013828000907	1	2	0	1	1.3828000907116851	0	1.3827999999999994
70	48	100	100	0.039600000000000003	2.5612002089939399e-06	1.000002561200209	1	2	0	1	2.5612002089939376	0	2.5612000000000008
71	58	1000	1000	0.039600000000000003	2.9572009675948467e-06	1.0000029572009677	1	2	0	1	2.9572009675948476	0	2.957200000000002
72	5	1	1	0.041599999999999998	3.0720001953792126e-07	1.0000003072000196	1	2	0	1	0.30720001953792125	0	0.30719999999999997
73	26	10	10	0.041599999999999998	1.4244000934406451e-06	1.0000014244000934	1	2	0	1	1.4244000934406456	0	1.4243999999999992
74	8	5	5	0.039600000000000003	4.2600002709360156e-07	1.000000426000027	1	2	0	1	0.4260000270936018	0	0.42600000000000005
75	49	100	100	0.039600000000000003	2.6008002122252973e-06	1.0000026008002123	1	2	0	1	2.6008002122252987	0	2.6008000000000009
76	27	10	10	0.041599999999999998	1.4660000961696054e-06	1.0000014660000962	1	2	0	1	1.4660000961696058	0	1.4659999999999993
77	59	1000	1000	0.039600000000000003	2.9968009805519398e-06	1.0000029968009805	1	2	0	1	2.9968009805519396	0	2.9968000000000021
78	28	10	10	0.041599999999999998	1.5076000988985661e-06	1.000001507600099	1	2	0	1	1.5076000988985656	0	1.5075999999999992
79	29	10	10	0.061600000000000002	1.5532001267411283e-06	1.0000015532001267	1	2	0	1	1.5532001267411297	0	1.5531999999999992
80	30	10	10	0.0436	1.5968001302988897e-06	1.0000015968001303	1	2	0	1	1.5968001302988899	0	1.5967999999999991
86	9	5	5	0.039600000000000003	4.6560002961216181e-07	1.0000004656000296	1	2	0	1	0.46560002961216196	0	0.46560000000000001
87	60	1000	1000	0.039600000000000003	2.9968009805519398e-06	1.0000029968009805	1	2	0	1	2.9968009805519396	0	2.9968000000000021
88	50	100	100	0.039600000000000003	2.640400215456656e-06	1.0000026404002154	1	2	0	1	2.6404002154566588	0	2.640400000000001

[frame_retry_distribution]
frame_id	retry_count	probability
0	0	0.99999804280191529
0	1	1.9571955289774277e-06
0	2	2.5557057131931331e-12
0	3	2.18955295511563e-18
0	4	1.4830362679931205e-24
0	5	8.5250497211462276e-31
0	6	2.7312896615292207e-37
1	0	0.99999949480012762
1	1	5.0519971264232177e-07
1	2	1.5974413897777467e-13
1	3	4.0787798811682056e-20
1	4	9.2258552937304256e-27
1	5	1.9333177421698776e-33
3	0	0.99999989880000517
3	1	1.0119998372704138e-07
3	2	1.1152237542046581e-14
3	3	1.3223462964096524e-21
3	4	1.651475624726784e-28
3	5	2.1417129426682251e-35
7	0	0.99999800320199372
7	1	1.996795359442193e-06
7	2	2.6469517124853045e-12
7	3	2.3021257608656935e-18
7	4	1.5818529948683985e-24
7	5	9.2172307235352863e-31
7	6	3.6081072383313818e-37
8	0	0.99999945120015055
8	1	5.4879966391498372e-07
8	2	1.8549427460582849e-13
8	3	5.0032976030264089e-20
8	4	1.1848779336884906e-26
8	5	2.5817140810891068e-33
9	0	0.99999732000359132
9	1	2.6799925989222222e-06
9	2	3.8098771677418499e-12
9	3	3.8209787422517118e-18
9	4	3.0343280716551301e-24
9	5	2.0307726244575623e-30
9	6	1.4729625914001412e-36
10	0	0.99999940760017547
10	1	5.9239961138572822e-07
10	2	2.1314536662053959e-13
10	3	6.0563200396216228e-20
10	4	1.4988079513798749e-26
10	5	3.3912707089109635e-33
11	0	0.9999979636020736
11	1	2.0363951867706486e-06
11	2	2.739765860716329e-12
11	3	2.4184709138639752e-18
11	4	1.6855151327056635e-24
11	5	9.9535829281900897e-31
11	6	3.9772080375834013e-37
12	0	0.99999767840269493
12	1	2.321594420737584e-06
12	2	2.8843486729615196e-12
12	3	2.548494633124321e-18
12	4	1.7960935186175369e-24
12	5	1.073991952516155e-30
12	6	4.5916083715942646e-37
13	0	0.99999836360133898
13	1	1.6363971886672134e-06
13	2	1.4724300702124588e-12
13	3	9.6517784317506528e-19
13	4	5.1559123360774652e-25
13	5	2.3821599506959454e-31
16	0	0.99999832400140454
16	1	1.6759970542649881e-06
16	2	1.5412467653363412e-12
16	3	1.0305907112127921e-18
16	4	5.6067915836697018e-25
16	5	2.6344066626141106e-31
17	0	0.9999976388027878
17	1	2.3611942320676828e-06
17	2	2.9802991165234158e-12
17	3	2.67257077580482e-18
17	4	1.909915982035684e-24
17	5	1.1570913388934683e-30
17	6	5.042636195058513e-37
18	0	0.99999985720001028
18	1	1.4279997081168309e-07
18	2	1.8992394948022287e-14
18	3	2.5542570512252543e-21
18	4	3.5078037778985065e-28
18	5	4.9145350281473849e-35
20	0	0.99999936200020345
20	1	6.3799955110335838e-07
20	2	2.45374611257777e-13
20	3	7.4102685392385858e-20
20	4	1.9405083013356742e-26
20	5	4.6296437733045662e-33
20	6	1.1102230246251565e-16
21	0	0.99999932040023098
21	1	6.7959949356226903e-07
21	2	2.755096166167128e-13
21	3	8.6997440758076185e-20
21	4	2.3669791248246102e-26
21	5	5.8374662160482954e-33
22	0	0.999997599202882
22	1	2.4007940402614786e-06
22	2	3.077817708465287e-12
22	3	2.8006055612894691e-18
22	4	2.0290582783371129e-24
22	5	1.2452507358716259e-30
22	6	5.529055505190128e-37
28	0	0.99999828240147515
28	1	1.7175969096968608e-06
28	2	1.6152280020763169e-12
28	3	1.1024147089819215e-18
28	4	6.1115654876263185e-25
28	5	4.4229057004595552e-31
30	0	0.99999981760001666
30	1	1.823999554944056e-07
30	2	2.7870711482709232e-14
30	3	4.0990080308439716e-21
30	4	5.9920818368667549e-28
30	5	8.7911413212962339e-35
31	0	0.99999728040369817
31	1	2.7195923818671516e-06
31	2	3.9200201393496633e-12
31	3	3.9831448843904757e-18
31	4	3.202447791196567e-24
31	5	2.9550597640601176e-30
31	6	1.767236957221725e-36
32	0	0.99999965320006023
32	1	3.4679985767330916e-07
32	2	8.219156104119085e-14
32	3	1.670498634739696e-20
32	4	3.1399627916234087e-27
32	5	5.644970063948349e-34
33	0	0.99999755960297787
33	1	2.4403938453189629e-06
33	2	3.1769044486008132e-12
33	3	2.9326610880772117e-18
33	4	2.1536834663499572e-24
33	5	1.3386975417640984e-30
33	6	6.0530057553878721e-37
36	0	0.9999972408038067
36	1	2.7591921616757782e-06
36	2	4.0317312576513719e-12
36	3	4.1498316917535533e-18
36	4	3.3774534380248166e-24
36	5	3.1431779310908604e-30
36	6	1.9023228124835972e-36
37	0	0.99999977800002471
37	1	2.2199993704080868e-07
37	2	3.831718677290482e-14
37	3	6.1229883891678163e-21
37	4	9.5058769565661992e-28
37	5	1.4597383507795317e-34
38	0	0.99999961360007472
38	1	3.8639982612003889e-07
38	2	9.9227469036758765e-14
38	3	2.145548131189258e-20
38	4	4.236362421261279e-27
38	5	7.9274407026211591e-34
39	0	0.99999927880026007
39	1	7.2119943256006383e-07
39	2	3.0737517799328743e-13
39	3	1.012953318108429e-19
39	4	2.8595626068461198e-26
39	5	7.2829479094327715e-33
40	0	0.99999751800308023
40	1	2.4819936371529553e-06
40	2	3.2826845166314304e-12
40	3	3.0757845648858791e-18
40	4	2.2906894142529528e-24
40	5	1.442815067412701e-30
40	6	6.6167205984542876e-37
41	0	0.99999747840317943
41	1	2.5215934357794267e-06
41	2	3.3849867519753734e-12
41	3	3.2162788573965362e-18
41	4	2.4270776561124628e-24
41	5	1.547843353003015e-30
41	6	7.2542874628640386e-37
42	0	0.99999923720029094
42	1	7.6279936809674171e-07
42	2	3.4097129517152619e-13
42	3	1.1706834960249079e-19
42	4	3.4247177916045958e-26
42	5	8.9993168493595535e-33
44	0	0.99999824280154392
44	1	1.75719676886361e-06
44	2	1.6872601997823995e-12
44	3	1.1738084214998533e-18
44	4	6.6229577965865486e-25
44	5	4.8449325574580633e-31
44	6	6.8614703745803901e-38
45	0	0.99999820320161437
45	1	1.796796624894047e-06
45	2	1.7608605487099403e-12
45	3	1.2482133101179197e-18
45	4	1.0231337428814792e-24
45	5	5.9248110538641099e-31
45	6	7.6301568968279173e-38
46	0	0.99999919560032358
46	1	8.0439930017230522e-07
46	2	3.7629796793545758e-13
46	3	1.3438848517284823e-19
46	4	4.069202206305443e-26
46	5	2.101670736481024e-32
47	0	0.99999915400035788
47	1	8.4599922878675161e-07
47	2	4.1335519606910659e-13
47	3	1.5332769189247504e-19
47	4	8.5658035450221674e-26
47	5	3.2276098715610671e-32
48	0	0.99999816160168997
48	1	1.8383964702753881e-06
48	2	1.8398670373184547e-12
48	3	1.3296877977554534e-18
48	4	1.1036787251525855e-24
48	5	6.4773592685085337e-31
48	6	8.4616898238707432e-38
49	0	0.99999911240039396
49	1	8.8759915394008299e-07
49	2	4.521429793564994e-13
49	3	1.7395803102499859e-19
49	4	9.8971038202076447e-26
49	5	3.8014429313795465e-32
50	0	0.99999907080043182
50	1	9.2919907563229905e-07
50	2	4.9266119658405803e-13
50	3	3.1734904249442164e-19
50	4	1.3652702564886134e-25
50	5	4.8464782897064038e-32
52	0	0.99999903120046929
52	1	9.6879899787379708e-07
52	2	5.3283928301097904e-13
52	3	3.5023739493930619e-19
52	4	1.538697586124563e-25
52	5	5.5754130479850696e-32
54	0	0.99999720120391666
54	1	2.7987919383480894e-06
54	2	4.1450105224606575e-12
54	3	4.3211012627508517e-18
54	4	3.5595295817079764e-24
54	5	3.3406950016328857e-30
54	6	2.023474908736225e-36
55	0	0.99999898960051048
55	1	1.0103986646562419e-06
55	2	8.2488941571260965e-13
55	3	4.3381275062037814e-19
55	4	1.818630264435468e-25
55	5	6.566980873390473e-32
57	0	0.9999997344000352
57	1	2.6559991256449425e-07
57	2	5.2163819510047664e-14
57	3	9.2207849542994613e-21
57	4	1.5560610575147085e-27
57	5	2.5674840118759115e-34
58	0	0.99999870240084199
58	1	1.2975982311128844e-06
58	2	9.2700411549557374e-13
58	3	4.8297278036760457e-19
58	4	2.0525923819533874e-25
58	5	7.5511608119616176e-32
61	0	0.99999812200176352
61	1	1.8779963198748031e-06
61	2	1.9166824169256356e-12
61	3	1.8811994125620343e-18
61	4	1.2808413559963856e-24
61	5	7.22923385962931e-31
61	6	1.2056376766157891e-37
62	0	0.9999971616040283
62	1	2.8383917118841011e-06
62	2	4.2598579335912509e-12
62	3	4.4970145913155901e-18
62	4	4.8533306896357894e-24
62	5	3.7737092796829449e-30
62	6	2.1979531972035018e-36
64	0	0.99999866080089672
64	1	1.3391981186931613e-06
64	2	9.845783922748695e-13
64	3	5.2659405835090543e-19
64	4	2.292427891434117e-25
64	5	8.6221257107274402e-32
65	0	0.99999808240183863
65	1	1.9175961663379119e-06
65	2	1.9950663986721338e-12
65	3	1.9844258826167258e-18
65	4	1.3700346427363146e-24
65	5	7.8382995126037091e-31
65	6	1.3229895643499309e-37
66	0	0.99999712200414148
66	1	2.8779914822838065e-06
66	2	4.3762724160442032e-12
66	3	5.7524483580869959e-18
66	4	5.3141658477417583e-24
66	5	4.0432163828729537e-30
66	6	2.3986690984515743e-36
67	0	0.99999708240425622
67	1	2.9175912495472029e-06
67	2	4.4942560902816893e-12
67	3	5.9668155528446225e-18
67	4	5.5700446968289163e-24
67	5	4.2815036126721333e-30
67	6	2.5709771213576998e-36
68	0	0.99999861720095606
68	1	1.3827979971539298e-06
68	2	1.0467780151768845e-12
68	3	5.7504480533317374e-19
68	4	2.5656860753663673e-25
68	5	9.8713016497776356e-32
70	0	0.99999743880327985
70	1	2.5611932312695867e-06
70	2	3.4888571349446784e-12
70	3	3.3609833229342391e-18
70	4	2.5694613938429487e-24
70	5	1.6588945716190596e-30
70	6	7.9417175495214672e-37
71	0	0.99999704280437252
71	1	2.9571902873882717e-06
71	2	5.3400937852140782e-12
71	3	6.3348518608657545e-18
71	4	5.8641361516167009e-24
71	5	4.536542683124165e-30
71	6	2.7814341667380615e-36
72	0	0.9999996928000473
72	1	3.0719988609026111e-07
72	2	6.6723811015170244e-14
72	3	1.2697798476494787e-20
72	4	2.2672062134054328e-27
72	5	3.9112503593594732e-34
73	0	0.99999857560101457
73	1	1.42439787764558e-06
73	2	1.1078965965547118e-12
73	3	6.2395490149949217e-19
73	4	2.8484642145194938e-25
73	5	1.1193940978559042e-31
74	0	0.99999957400009076
74	1	4.2599979143045088e-07
74	2	1.1783153481557691e-13
74	3	2.7011382379374146e-20
74	4	5.5910191106052762e-27
74	5	1.087726778898918e-33
75	0	0.99999739920338215
75	1	2.6007930236234365e-06
75	2	3.5942956653530538e-12
75	3	3.509960059958112e-18
75	4	2.7180136468383975e-24
75	5	1.7762238612713526e-30
75	6	9.0523029404833915e-37
76	0	0.99999853400107475
76	1	1.4659977546761186e-06
76	2	1.1707457300834251e-12
76	3	6.7555704825613871e-19
76	4	3.1539496133494651e-25
76	5	1.2654406414075075e-31
77	0	0.99999700320449059
77	1	2.9967900386533583e-06
77	2	5.470939448136893e-12
77	3	6.561701671380713e-18
77	4	6.1388208891678477e-24
77	5	4.7974646950194931e-30
77	6	2.9752753801316175e-36
78	0	0.99999849240113647
78	1	1.5075976282455452e-06
78	2	1.2353254155470498e-12
78	3	7.2992323644044292e-19
78	4	3.4833243640104198e-25
78	5	1.4263179952937219e-31
79	0	0.99999844680120631
79	1	1.5531974608307135e-06
79	2	1.332953952115871e-12
79	3	8.3686369078439721e-19
79	4	4.297457920745609e-25
79	5	1.9148418571163253e-31
80	0	0.99999840320127498
80	1	1.5967973199331281e-06
80	2	1.4051815268783351e-12
80	3	9.0258702549553563e-19
80	4	4.7327307528418967e-25
80	5	2.1495755480523915e-31
86	0	0.99999953440010847
86	1	4.6559975360454509e-07
86	2	1.3800375819134793e-13
86	3	3.3434788549397586e-20
86	4	7.2410059864738019e-27
86	5	1.4628814887160544e-33
87	0	0.99999700320449059
87	1	2.9967900386533583e-06
87	2	5.470939448136893e-12
87	3	6.561701671380713e-18
87	4	6.1388208891678477e-24
87	5	4.7974646950194931e-30
87	6	2.9752753801316175e-36
88	0	0.9999973596034859
88	1	2.64039281284098e-06
88	2	3.7013023430142042e-12
88	3	3.6632711669174531e-18
88	4	2.8729098935839024e-24
88	5	1.9000931544048319e-30
88	6	1.3628344188260153e-36

[frame_retry_cdf]
frame_id	retry_count	cumulative_probability
0	0	0.99999804280191529
0	1	0.99999999999744427
0	2	1
0	3	1
0	4	1
0	5	1
0	6	1
1	0	0.99999949480012762
1	1	0.99999999999984024
1	2	1
1	3	1
1	4	1
1	5	1
3	0	0.99999989880000517
3	1	0.9999999999999889
3	2	1
3	3	1
3	4	1
3	5	1
7	0	0.99999800320199372
7	1	0.99999999999735312
7	2	1
7	3	1
7	4	1
7	5	1
7	6	1
8	0	0.99999945120015055
8	1	0.99999999999981448
8	2	1
8	3	1
8	4	1
8	5	1
9	0	0.99999732000359132
9	1	0.99999999999619027
9	2	1
9	3	1
9	4	1
9	5	1
9	6	1
10	0	0.99999940760017547
10	1	0.99999999999978684
10	2	1
10	3	1
10	4	1
10	5	1
11	0	0.9999979636020736
11	1	0.99999999999726041
11	2	1
11	3	1
11	4	1
11	5	1
11	6	1
12	0	0.99999767840269493
12	1	0.99999999999711564
12	2	1
12	3	1
12	4	1
12	5	1
12	6	1
13	0	0.99999836360133898
13	1	0.99999999999852762
13	2	1
13	3	1
13	4	1
13	5	1
16	0	0.99999832400140454
16	1	0.99999999999845879
16	2	1
16	3	1
16	4	1
16	5	1
17	0	0.9999976388027878
17	1	0.99999999999701983
17	2	1
17	3	1
17	4	1
17	5	1
17	6	1
18	0	0.99999985720001028
18	1	0.99999999999998113
18	2	1
18	3	1
18	4	1
18	5	1
20	0	0.99999936200020345
20	1	0.99999999999975453
20	2	0.99999999999999989
20	3	0.99999999999999989
20	4	0.99999999999999989
20	5	0.99999999999999989
20	6	1
21	0	0.99999932040023098
21	1	0.99999999999972455
21	2	1
21	3	1
21	4	1
21	5	1
22	0	0.999997599202882
22	1	0.99999999999692224
22	2	1
22	3	1
22	4	1
22	5	1
22	6	1
28	0	0.99999828240147515
28	1	0.99999999999838485
28	2	1
28	3	1
28	4	1
28	5	1
30	0	0.99999981760001666
30	1	0.99999999999997213
30	2	1
30	3	1
30	4	1
30	5	1
31	0	0.99999728040369817
31	1	0.99999999999608002
31	2	1
31	3	1
31	4	1
31	5	1
31	6	1
32	0	0.99999965320006023
32	1	0.99999999999991795
32	2	1
32	3	1
32	4	1
32	5	1
33	0	0.99999755960297787
33	1	0.99999999999682321
33	2	1
33	3	1
33	4	1
33	5	1
33	6	1
36	0	0.9999972408038067
36	1	0.99999999999596834
36	2	1
36	3	1
36	4	1
36	5	1
36	6	1
37	0	0.99999977800002471
37	1	0.9999999999999617
37	2	1
37	3	1
37	4	1
37	5	1
38	0	0.99999961360007472
38	1	0.99999999999990086
38	2	1
38	3	1
38	4	1
38	5	1
39	0	0.99999927880026007
39	1	0.99999999999969258
39	2	1
39	3	1
39	4	1
39	5	1
40	0	0.99999751800308023
40	1	0.9999999999967174
40	2	1
40	3	1
40	4	1
40	5	1
40	6	1
41	0	0.99999747840317943
41	1	0.99999999999661526
41	2	1
41	3	1
41	4	1
41	5	1
41	6	1
42	0	0.99999923720029094
42	1	0.99999999999965905
42	2	1
42	3	1
42	4	1
42	5	1
44	0	0.99999824280154392
44	1	0.99999999999831279
44	2	1
44	3	1
44	4	1
44	5	1
44	6	1
45	0	0.99999820320161437
45	1	0.9999999999982393
45	2	1
45	3	1
45	4	1
45	5	1
45	6	1
46	0	0.99999919560032358
46	1	0.99999999999962375
46	2	1
46	3	1
46	4	1
46	5	1
47	0	0.99999915400035788
47	1	0.99999999999958666
47	2	1
47	3	1
47	4	1
47	5	1
48	0	0.99999816160168997
48	1	0.99999999999816025
48	2	1
48	3	1
48	4	1
48	5	1
48	6	1
49	0	0.99999911240039396
49	1	0.99999999999954792
49	2	1
49	3	1
49	4	1
49	5	1
50	0	0.99999907080043182
50	1	0.99999999999950751
50	2	1
50	3	1
50	4	1
50	5	1
52	0	0.99999903120046929
52	1	0.9999999999994672
52	2	1
52	3	1
52	4	1
52	5	1
54	0	0.99999720120391666
54	1	0.99999999999585498
54	2	1
54	3	1
54	4	1
54	5	1
54	6	1
55	0	0.99999898960051048
55	1	0.9999999999991751
55	2	1
55	3	1
55	4	1
55	5	1
57	0	0.9999997344000352
57	1	0.99999999999994782
57	2	1
57	3	1
57	4	1
57	5	1
58	0	0.99999870240084199
58	1	0.99999999999907307
58	2	1
58	3	1
58	4	1
58	5	1
61	0	0.99999812200176352
61	1	0.99999999999808342
61	2	1
61	3	1
61	4	1
61	5	1
61	6	1
62	0	0.9999971616040283
62	1	0.99999999999574019
62	2	1
62	3	1
62	4	1
62	5	1
62	6	1
64	0	0.99999866080089672
64	1	0.99999999999901545
64	2	1
64	3	1
64	4	1
64	5	1
65	0	0.99999808240183863
65	1	0.99999999999800493
65	2	1
65	3	1
65	4	1
65	5	1
65	6	1
66	0	0.99999712200414148
66	1	0.99999999999562372
66	2	1
66	3	1
66	4	1
66	5	1
66	6	1
67	0	0.99999708240425622
67	1	0.99999999999550582
67	2	1
67	3	1
67	4	1
67	5	1
67	6	1
68	0	0.99999861720095606
68	1	0.99999999999895317
68	2	1
68	3	1
68	4	1
68	5	1
70	0	0.99999743880327985
70	1	0.99999999999651112
70	2	1
70	3	1
70	4	1
70	5	1
70	6	1
71	0	0.99999704280437252
71	1	0.99999999999465994
71	2	1
71	3	1
71	4	1
71	5	1
71	6	1
72	0	0.9999996928000473
72	1	0.99999999999993339
72	2	1
72	3	1
72	4	1
72	5	1
73	0	0.99999857560101457
73	1	0.99999999999889222
73	2	1
73	3	1
73	4	1
73	5	1
74	0	0.99999957400009076
74	1	0.99999999999988221
74	2	1
74	3	1
74	4	1
74	5	1
75	0	0.99999739920338215
75	1	0.99999999999640576
75	2	1
75	3	1
75	4	1
75	5	1
75	6	1
76	0	0.99999853400107475
76	1	0.99999999999882938
76	2	1
76	3	1
76	4	1
76	5	1
77	0	0.99999700320449059
77	1	0.99999999999452927
77	2	1
77	3	1
77	4	1
77	5	1
77	6	1
78	0	0.99999849240113647
78	1	0.99999999999876477
78	2	1
78	3	1
78	4	1
78	5	1
79	0	0.99999844680120631
79	1	0.99999999999866718
79	2	1
79	3	1
79	4	1
79	5	1
80	0	0.99999840320127498
80	1	0.9999999999985949
80	2	1
80	3	1
80	4	1
80	5	1
86	0	0.99999953440010847
86	1	0.99999999999986211
86	2	1
86	3	1
86	4	1
86	5	1
87	0	0.99999700320449059
87	1	0.99999999999452927
87	2	1
87	3	1
87	4	1
87	5	1
87	6	1
88	0	0.9999973596034859
88	1	0.99999999999629874
88	2	1
88	3	1
88	4	1
88	5	1
88	6	1

[frame_wcrt_distribution]
frame_id	response_time_ms	probability
0	1.9572000000000001	0.99999804280191529
0	2.119600000000001	8.1151147711214807e-40
0	2.2844000000000002	1.9571955289774277e-06
0	2.3652000000000002	1.6437279905092157e-32
0	2.3660000000000005	2.5557057131931331e-12
0	2.4468000000000001	3.034480834338401e-38
0	2.4476000000000004	2.18955295511563e-18
0	2.5292000000000003	1.4830362679931205e-24
0	2.6108000000000002	8.3606769139801909e-31
0	2.6924000000000001	2.4278415780953808e-37
1	0.50520000000000009	0.99999949480012762
1	0.56880000000000008	5.0519971264232177e-07
1	0.63240000000000007	1.5974413897777467e-13
1	0.69600000000000017	4.0787798811682056e-20
1	0.75960000000000005	9.2258552937304256e-27
1	0.82320000000000015	1.9333177421698776e-33
3	0.10120000000000001	0.99999989880000517
3	0.1608	1.0119998372704138e-07
3	0.22040000000000001	1.1152237542046581e-14
3	0.28000000000000003	1.3223462964096524e-21
3	0.33960000000000001	1.651475624726784e-28
3	0.3992	2.1417129426682251e-35
7	1.9968000000000001	0.99999800320199372
7	2.1592000000000011	8.1151147711214807e-40
7	2.3240000000000003	1.996795359442193e-06
7	2.4048000000000003	1.7949140407725412e-32
7	2.4056000000000006	2.6469517124853045e-12
7	2.4864000000000002	3.4920496501808867e-38
7	2.4872000000000005	2.3021257608656935e-18
7	2.5688000000000004	1.5818529948683985e-24
7	2.6504000000000003	9.0377393113429176e-31
7	2.7320000000000002	3.2589022733132929e-37
8	0.54880000000000007	0.99999945120015055
8	0.61240000000000006	5.4879966391498372e-07
8	0.67600000000000005	1.8549427460582849e-13
8	0.73960000000000004	5.0032976030264089e-20
8	0.80320000000000014	1.1848779336884906e-26
8	0.86680000000000001	2.5817140810891068e-33
9	2.5968000000000013	8.1151147711214807e-40
9	2.680000000000001	0.99999732000359132
9	2.7616000000000009	2.6799925989222222e-06
9	2.8432000000000013	3.8098771677418499e-12
9	2.9248000000000012	3.8209787422517118e-18
9	3.0064000000000011	3.0343280716551301e-24
9	3.088000000000001	3.6581721807699136e-31
9	3.1696000000000009	5.6159477770191101e-37
9	3.3336000000000006	1.6649554055690589e-30
9	3.4152000000000005	9.1136781369823033e-37
10	0.59240000000000004	0.99999940760017547
10	0.65600000000000003	5.9239961138572822e-07
10	0.71960000000000002	2.1314536662053959e-13
10	0.78320000000000012	6.0563200396216228e-20
10	0.8468	1.4988079513798749e-26
10	0.9104000000000001	3.3912707089109635e-33
11	2.0364000000000004	0.9999979636020736
11	2.1988000000000012	8.1151147711214807e-40
11	2.3636000000000004	2.0363951867706486e-06
11	2.4444000000000004	1.9563376834380354e-32
11	2.4452000000000007	2.739765860716329e-12
11	2.5260000000000007	4.005725795854422e-38
11	2.5268000000000006	2.4184709138639752e-18
11	2.6084000000000005	1.6855151327056635e-24
11	2.6900000000000004	9.7579491517311712e-31
11	2.7716000000000003	3.5766354579979594e-37
12	2.2384000000000013	8.1151147711214807e-40
12	2.3216000000000006	0.99999767840269493
12	2.4032000000000004	2.321594420737584e-06
12	2.4840000000000004	2.1255401723404831e-32
12	2.4848000000000008	2.8843486729615196e-12
12	2.5656000000000008	4.5808832454557623e-38
12	2.5664000000000007	2.548494633124321e-18
12	2.6480000000000006	1.7960935186175369e-24
12	2.7296000000000005	1.0527365499812388e-30
12	2.8112000000000004	4.1335200470486883e-37
13	1.6363999999999992	0.99999836360133898
13	1.7179999999999991	1.6363971886672134e-06
13	1.7988	8.1151147711214807e-40
13	1.7995999999999992	1.4724300702124588e-12
13	1.8811999999999993	9.6517784317506528e-19
13	1.9627999999999992	5.1559123360774652e-25
13	2.0443999999999991	2.3821599425808303e-31
16	1.6759999999999993	0.99999832400140454
16	1.7575999999999992	1.6759970542649881e-06
16	1.8384	8.1151147711214807e-40
16	1.8391999999999993	1.5412467653363412e-12
16	1.9207999999999994	1.0305907112127921e-18
16	2.0023999999999993	5.6067915836697018e-25
16	2.0839999999999992	2.6344066544989959e-31
17	2.2780000000000014	8.1151147711214807e-40
17	2.3612000000000006	0.9999976388027878
17	2.4428000000000005	2.3611942320676828e-06
17	2.5236000000000005	2.3086756636344456e-32
17	2.5244000000000009	2.9802991165234158e-12
17	2.6052000000000008	5.2232731060262967e-38
17	2.6060000000000008	2.67257077580482e-18
17	2.6876000000000007	1.909915982035684e-24
17	2.7692000000000005	1.1340045814456125e-30
17	2.8508000000000004	4.5203088844558836e-37
18	0.14280000000000001	0.99999985720001028
18	0.20440000000000003	1.4279997081168309e-07
18	0.26600000000000001	1.8992394948022287e-14
18	0.3276	2.5542570512252543e-21
18	0.38919999999999999	3.5078037778985065e-28
18	0.45079999999999998	4.9145350281473849e-35
20	0.6379999999999999	0.99999936200020345
20	0.70359999999999989	6.3799955110335838e-07
20	0.76919999999999988	2.45374611257777e-13
20	0.83479999999999999	7.4102685392385858e-20
20	0.90039999999999987	1.9405083013356742e-26
20	0.96599999999999997	4.6296437733045662e-33
20	10.0656	1.1102230246251565e-16
21	0.67959999999999998	0.99999932040023098
21	0.74519999999999997	6.7959949356226903e-07
21	0.81079999999999997	2.755096166167128e-13
21	0.87640000000000007	8.6997440758076185e-20
21	0.94199999999999995	2.3669791248246102e-26
21	1.0076000000000001	5.8374662160482954e-33
22	2.3176000000000014	8.1151147711214807e-40
22	2.4008000000000007	0.999997599202882
22	2.4824000000000006	2.4007940402614786e-06
22	2.5632000000000006	2.3935710154952824e-32
22	2.5640000000000009	3.077817708465287e-12
22	2.6448000000000009	5.9390408636868304e-38
22	2.6456000000000008	2.8006055612894691e-18
22	2.7272000000000007	2.0290582783371129e-24
22	2.8088000000000006	1.2213150249051615e-30
22	2.8904000000000005	4.935151418821445e-37
28	1.7175999999999993	0.99999828240147515
28	1.7991999999999995	1.7175969096968608e-06
28	1.8800000000000003	1.0382104335251053e-39
28	1.8807999999999994	1.6152280020763169e-12
28	1.9623999999999993	1.1024147089819215e-18
28	2.1255999999999995	1.3777775623196902e-31
28	2.2896000000000001	6.1115654876263185e-25
28	2.3712	3.045128127757761e-31
30	0.18240000000000001	0.99999981760001666
30	0.24399999999999999	1.823999554944056e-07
30	0.30559999999999998	2.7870711482709232e-14
30	0.36720000000000003	4.0990080308439716e-21
30	0.42880000000000001	5.9920818368667549e-28
30	0.4904	8.7911413212962339e-35
31	2.6364000000000014	8.1151147711214807e-40
31	2.7196000000000011	0.99999728040369817
31	2.801200000000001	2.7195923818671516e-06
31	2.8828000000000014	3.9200201393496633e-12
31	2.9644000000000013	3.9831448843904757e-18
31	3.127600000000001	9.2194656346795549e-32
31	3.2092000000000009	2.8715729079094823e-37
31	3.2916000000000007	3.202447791196567e-24
31	3.3732000000000006	2.86286510690181e-30
31	3.4548000000000005	1.4800796664307769e-36
32	0.3468	0.99999965320006023
32	0.41039999999999999	3.4679985767330916e-07
32	0.47399999999999998	8.219156104119085e-14
32	0.53760000000000008	1.670498634739696e-20
32	0.60119999999999996	3.1399627916234087e-27
32	0.66480000000000006	5.644970063948349e-34
33	2.3572000000000015	8.1151147711214807e-40
33	2.4404000000000008	0.99999755960297787
33	2.5220000000000007	2.4403938453189629e-06
33	2.6028000000000007	2.5938364962779536e-32
33	2.603600000000001	3.1769044486008132e-12
33	2.684400000000001	6.7347440153986031e-38
33	2.6852000000000009	2.9326610880772117e-18
33	2.7668000000000008	2.1536834663499572e-24
33	2.8484000000000007	1.3127591759898072e-30
33	2.9300000000000006	5.3795313538480118e-37
36	2.6760000000000015	8.1151147711214807e-40
36	2.7592000000000012	0.9999972408038067
36	2.8408000000000011	2.7591921616757782e-06
36	2.9224000000000014	4.0317312576513719e-12
36	3.0040000000000013	4.1498316917535533e-18
36	3.1672000000000011	9.6711805141673259e-32
36	3.248800000000001	3.1159007602260028e-37
36	3.3312000000000008	3.3774534380248166e-24
36	3.4128000000000007	3.0464661251376749e-30
36	3.4944000000000006	1.5907327364609973e-36
37	0.222	0.99999977800002471
37	0.28360000000000002	2.2199993704080868e-07
37	0.34520000000000001	3.831718677290482e-14
37	0.40680000000000005	6.1229883891678163e-21
37	0.46840000000000004	9.5058769565661992e-28
37	0.53000000000000003	1.4597383507795317e-34
38	0.38640000000000002	0.99999961360007472
38	0.45000000000000001	3.8639982612003889e-07
38	0.51360000000000006	9.9227469036758765e-14
38	0.57720000000000005	2.145548131189258e-20
38	0.64080000000000004	4.236362421261279e-27
38	0.70440000000000003	7.9274407026211591e-34
39	0.72119999999999995	0.99999927880026007
39	0.78679999999999994	7.2119943256006383e-07
39	0.85239999999999994	3.0737517799328743e-13
39	0.91799999999999993	1.012953318108429e-19
39	0.98360000000000003	2.8595626068461198e-26
39	1.0491999999999999	7.2829479094327715e-33
40	2.3988000000000014	1.0382104335251053e-39
40	2.4820000000000011	0.99999751800308023
40	2.563600000000001	2.4819936371529553e-06
40	2.6452000000000009	3.2826845166314304e-12
40	2.7260000000000009	7.6173700711134067e-38
40	2.7268000000000012	3.0757845648858791e-18
40	2.8084000000000011	2.2906894142529528e-24
40	2.890000000000001	1.4428150663744909e-30
40	2.9716000000000014	5.8549835913429471e-37
41	2.4384000000000015	8.1151147711214807e-40
41	2.5216000000000007	0.99999747840317943
41	2.6032000000000006	2.5215934357794267e-06
41	2.684800000000001	3.3849867519753734e-12
41	2.7656000000000009	8.6463420887499791e-38
41	2.7664000000000009	3.2162788573965362e-18
41	2.8480000000000008	2.4270776561124628e-24
41	2.9296000000000006	1.5478433521915035e-30
41	3.0112000000000005	6.3896532539890401e-37
42	0.76279999999999992	0.99999923720029094
42	0.82839999999999991	7.6279936809674171e-07
42	0.89399999999999991	3.4097129517152619e-13
42	0.95960000000000001	1.1706834960249079e-19
42	1.0251999999999999	3.4247177916045958e-26
42	1.0908	8.9993168493595535e-33
44	1.7571999999999994	0.99999824280154392
44	1.8387999999999995	1.75719676886361e-06
44	1.9196000000000004	8.1151147711214807e-40
44	1.9203999999999994	1.6872601997823995e-12
44	2.0019999999999993	1.1738084214998533e-18
44	2.1651999999999996	1.5210334284056223e-31
44	2.3292000000000002	6.6229577965865486e-25
44	2.4108000000000001	3.3238991209373278e-31
44	2.4923999999999999	6.8614703745803901e-38
45	1.7967999999999995	0.99999820320161437
45	1.8783999999999996	1.796796624894047e-06
45	1.9592000000000005	8.1151147711214807e-40
45	1.9599999999999995	1.7608605487099403e-12
45	2.2047999999999996	9.1210808483994415e-32
45	2.2872000000000003	1.2482133101179197e-18
45	2.3688000000000002	1.0231337428814792e-24
45	2.4504000000000001	5.01270296090905e-31
45	2.532	7.6301568968279173e-38
46	0.80439999999999989	0.99999919560032358
46	0.86999999999999988	8.0439930017230522e-07
46	0.93559999999999988	3.7629796793545758e-13
46	1.0011999999999999	1.3438848517284823e-19
46	1.1323999999999999	4.856290562230964e-33
46	1.3124000000000002	4.069202206305443e-26
46	1.3780000000000003	1.6160416802579274e-32
47	0.84599999999999997	0.99999915400035788
47	0.91159999999999997	8.4599922878675161e-07
47	0.97719999999999996	4.1335519606910659e-13
47	1.1739999999999999	4.0443007863997631e-33
47	1.2884000000000004	1.5332769189247504e-19
47	1.3540000000000003	8.5658035450221674e-26
47	1.4196000000000004	2.8231797929210897e-32
48	1.8383999999999996	0.99999816160168997
48	1.9199999999999995	1.8383964702753881e-06
48	2.0008000000000004	1.0382104335251053e-39
48	2.0015999999999998	1.8398670373184547e-12
48	2.2463999999999995	1.0283353238117379e-31
48	2.3288000000000002	1.3296877977554534e-18
48	2.4104000000000001	1.1036787251525855e-24
48	2.492	5.4490239343146921e-31
48	2.5735999999999999	8.4616898238707432e-38
49	0.88759999999999983	0.99999911240039396
49	0.95319999999999983	8.8759915394008299e-07
49	1.0187999999999999	4.521429793564994e-13
49	1.2155999999999998	5.0826874772069851e-33
49	1.3300000000000001	1.7395803102499859e-19
49	1.3956	9.8971038202076447e-26
49	1.4612000000000001	3.2931741836588483e-32
50	0.92919999999999969	0.99999907080043182
50	0.99479999999999968	9.2919907563229905e-07
50	1.2571999999999997	6.02258780136503e-33
50	1.3059999999999998	4.9266119658405803e-13
50	1.3715999999999999	3.1734904249442164e-19
50	1.4371999999999998	1.3652702564886134e-25
50	1.5027999999999999	4.2442195095699009e-32
52	0.96879999999999966	0.99999903120046929
52	1.0343999999999998	9.6879899787379708e-07
52	1.2967999999999997	7.3891681790371643e-33
52	1.3455999999999997	5.3283928301097904e-13
52	1.4111999999999998	3.5023739493930619e-19
52	1.4767999999999997	1.538697586124563e-25
52	1.5423999999999998	4.8364962300813514e-32
54	2.7156000000000016	1.6430203687262489e-39
54	2.7988000000000013	0.99999720120391666
54	2.8804000000000012	2.7987919383480894e-06
54	2.9620000000000015	4.1450105224606575e-12
54	3.0436000000000014	4.3211012627508517e-18
54	3.2068000000000012	1.1298487380298628e-31
54	3.2884000000000011	3.337715743077983e-37
54	3.3708000000000009	3.5595295817079764e-24
54	3.4524000000000008	3.2277101261868785e-30
54	3.5340000000000007	1.6897033344284264e-36
55	1.0103999999999995	0.99999898960051048
55	1.3215999999999997	1.0103986646562419e-06
55	1.3383999999999996	7.1119554779755195e-33
55	1.3871999999999995	8.2488941571260965e-13
55	1.4527999999999996	4.3381275062037814e-19
55	1.5183999999999995	1.818630264435468e-25
55	1.5839999999999996	5.8557853255929196e-32
57	0.2656	0.9999997344000352
57	0.32919999999999999	2.6559991256449425e-07
57	0.39280000000000004	5.2163819510047664e-14
57	0.45640000000000003	9.2207849542994613e-21
57	0.52000000000000002	1.5560610575147085e-27
57	0.58360000000000001	2.5674840118759115e-34
58	1.2975999999999996	0.99999870240084199
58	1.3631999999999997	1.2975982311128844e-06
58	1.3799999999999997	1.0382104335251053e-39
58	1.4287999999999996	9.2700411549557374e-13
58	1.4943999999999997	4.8297278036760457e-19
58	1.5599999999999996	2.0525923819533874e-25
58	1.6255999999999997	7.5511607081405748e-32
61	1.8779999999999997	0.99999812200176352
61	1.9595999999999996	1.8779963198748031e-06
61	2.0404000000000004	8.1151147711214807e-40
61	2.2859999999999996	9.9901980218605354e-32
61	2.2868000000000004	1.9166824169256356e-12
61	2.3684000000000003	1.8811994125620343e-18
61	2.4500000000000002	1.2808413559963856e-24
61	2.5316000000000001	6.2302140493281431e-31
61	2.6132	1.2056376766157891e-37
62	2.7552000000000016	8.1151147711214807e-40
62	2.8384000000000018	0.9999971616040283
62	2.9200000000000017	2.8383917118841011e-06
62	3.0016000000000016	4.2598579335912509e-12
62	3.2464000000000017	6.9646494090322218e-32
62	3.3280000000000021	2.3005980100900615e-37
62	3.3288000000000011	4.4970145913155901e-18
62	3.410400000000001	4.8533306896357894e-24
62	3.4920000000000009	3.7040627847811109e-30
62	3.5736000000000008	1.9678933961944957e-36
64	1.3391999999999995	0.99999866080089672
64	1.4047999999999996	1.3391981186931613e-06
64	1.4215999999999995	1.0382104335251053e-39
64	1.4703999999999995	9.845783922748695e-13
64	1.5359999999999996	5.2659405835090543e-19
64	1.6015999999999995	2.292427891434117e-25
64	1.6671999999999996	8.6221256069063974e-32
65	1.9175999999999997	0.99999808240183863
65	1.9991999999999996	1.9175961663379119e-06
65	2.0800000000000005	8.1151147711214807e-40
65	2.3255999999999997	1.1240320127647135e-31
65	2.3264000000000005	1.9950663986721338e-12
65	2.4080000000000004	1.9844258826167258e-18
65	2.4896000000000003	1.3700346427363146e-24
65	2.5712000000000002	6.7142674917238798e-31
65	2.6528	1.3229895643499309e-37
66	2.7948000000000017	8.1151147711214807e-40
66	2.8780000000000019	0.99999712200414148
66	2.9596000000000018	2.8779914822838065e-06
66	3.2860000000000018	7.0384085494326762e-32
66	3.2868000000000013	4.3762724160442032e-12
66	3.3676000000000021	2.3225605551404866e-37
66	3.3684000000000012	5.7524483580869959e-18
66	3.4500000000000011	5.3141658477417583e-24
66	3.531600000000001	3.9728322965671146e-30
66	3.6132000000000009	2.1664130429375259e-36
67	2.8344000000000018	8.1151147711214807e-40
67	2.917600000000002	0.99999708240425622
67	2.9992000000000019	2.9175912495472029e-06
67	3.3256000000000019	7.4499417289436561e-32
67	3.3264000000000014	4.4942560902816893e-12
67	3.4072000000000022	2.5678084568162665e-37
67	3.4080000000000013	5.9668155528446225e-18
67	3.4896000000000011	5.5700446968289163e-24
67	3.571200000000001	4.2070041945711858e-30
67	3.6528000000000009	2.3141962756760733e-36
68	1.3827999999999994	0.99999861720095606
68	1.4483999999999995	1.3827979971539298e-06
68	1.4651999999999996	1.312959050936332e-39
68	1.5139999999999993	1.0467780151768845e-12
68	1.5795999999999994	5.7504480533317374e-19
68	1.6451999999999993	2.5656860753663673e-25
68	1.7107999999999994	9.8713015184817301e-32
70	2.4780000000000015	8.1151147711214807e-40
70	2.5612000000000008	0.99999743880327985
70	2.6428000000000007	2.5611932312695867e-06
70	2.724400000000001	3.4888571349446784e-12
70	2.8060000000000009	3.3609833229342391e-18
70	2.8876000000000008	2.5694613938429487e-24
70	2.9692000000000007	1.6588945708075484e-30
70	3.0508000000000006	7.9417175495214672e-37
71	2.8740000000000019	8.1151147711214807e-40
71	2.957200000000002	0.99999704280437252
71	3.2844000000000011	2.9571902873882717e-06
71	3.365200000000002	6.7826799539033254e-32
71	3.3660000000000014	5.3400937852140782e-12
71	3.4468000000000023	2.8342673666983798e-37
71	3.4476000000000013	6.3348518608657545e-18
71	3.5292000000000012	5.8641361516167009e-24
71	3.6108000000000011	4.4687158827736201e-30
71	3.692400000000001	2.4980074300682229e-36
72	0.30719999999999997	0.9999996928000473
72	0.37079999999999996	3.0719988609026111e-07
72	0.43440000000000001	6.6723811015170244e-14
72	0.498	1.2697798476494787e-20
72	0.56159999999999999	2.2672062134054328e-27
72	0.62519999999999998	3.9112503593594732e-34
73	1.4243999999999992	0.99999857560101457
73	1.4899999999999993	1.42439787764558e-06
73	1.5067999999999997	1.0382104335251053e-39
73	1.5555999999999992	1.1078965965547118e-12
73	1.6211999999999993	6.2395490149949217e-19
73	1.6867999999999992	2.8484642145194938e-25
73	1.7523999999999993	1.1193940874737997e-31
74	0.42600000000000005	0.99999957400009076
74	0.48960000000000004	4.2599979143045088e-07
74	0.55320000000000003	1.1783153481557691e-13
74	0.61680000000000001	2.7011382379374146e-20
74	0.68040000000000012	5.5910191106052762e-27
74	0.74399999999999999	1.087726778898918e-33
75	2.5176000000000016	8.1151147711214807e-40
75	2.6008000000000009	0.99999739920338215
75	2.6824000000000008	2.6007930236234365e-06
75	2.7640000000000011	3.5942956653530538e-12
75	2.845600000000001	3.509960059958112e-18
75	2.9272000000000009	2.7180136468383975e-24
75	3.0088000000000008	1.7762238604598411e-30
75	3.0904000000000007	9.0523029404833915e-37
76	1.4659999999999993	0.99999853400107475
76	1.5315999999999994	1.4659977546761186e-06
76	1.5483999999999998	1.0382104335251053e-39
76	1.5971999999999993	1.1707457300834251e-12
76	1.6627999999999994	6.7555704825613871e-19
76	1.7283999999999993	3.1539496133494651e-25
76	1.7939999999999994	1.2654406310254032e-31
77	2.913600000000002	8.1151147711214807e-40
77	2.9968000000000021	0.99999700320449059
77	3.3240000000000012	2.9967900386533583e-06
77	3.404800000000002	7.2155365856398872e-32
77	3.4056000000000015	5.470939448136893e-12
77	3.4864000000000024	3.1233801719865256e-37
77	3.4872000000000014	6.561701671380713e-18
77	3.5688000000000013	6.1388208891678477e-24
77	3.6504000000000012	4.725309328351581e-30
77	3.7320000000000011	2.6629373629329652e-36
78	1.5075999999999992	0.99999849240113647
78	1.5731999999999993	1.5075976282455452e-06
78	1.5899999999999999	1.0382104335251053e-39
78	1.6387999999999991	1.2353254155470498e-12
78	1.7043999999999992	7.2992323644044292e-19
78	1.7699999999999991	3.4833243640104198e-25
78	1.8355999999999992	1.4263179849116176e-31
79	1.5531999999999992	0.99999844680120631
79	1.6347999999999994	1.5531974608307135e-06
79	1.7155999999999998	7.3913248160757259e-39
79	1.7163999999999993	1.332953952115871e-12
79	1.7979999999999992	8.3686369078439721e-19
79	1.8795999999999993	4.297457920745609e-25
79	1.9611999999999994	1.9148417832030772e-31
80	1.5967999999999991	0.99999840320127498
80	1.678399999999999	1.5967973199331281e-06
80	1.7591999999999999	1.312959050936332e-39
80	1.7599999999999991	1.4051815268783351e-12
80	1.8415999999999992	9.0258702549553563e-19
80	1.9231999999999991	4.7327307528418967e-25
80	2.004799999999999	2.1495755349228012e-31
86	0.46560000000000001	0.99999953440010847
86	0.5292	4.6559975360454509e-07
86	0.59279999999999999	1.3800375819134793e-13
86	0.65640000000000009	3.3434788549397586e-20
86	0.71999999999999997	7.2410059864738019e-27
86	0.78360000000000007	1.4628814887160544e-33
87	2.913600000000002	8.1151147711214807e-40
87	2.9968000000000021	0.99999700320449059
87	3.3240000000000012	2.9967900386533583e-06
87	3.404800000000002	7.2155365856398872e-32
87	3.4056000000000015	5.470939448136893e-12
87	3.4864000000000024	3.1233801719865256e-37
87	3.4872000000000014	6.561701671380713e-18
87	3.5688000000000013	6.1388208891678477e-24
87	3.6504000000000012	4.725309328351581e-30
87	3.7320000000000011	2.6629373629329652e-36
88	2.5572000000000017	8.1151147711214807e-40
88	2.640400000000001	0.9999973596034859
88	2.7220000000000009	2.64039281284098e-06
88	2.8036000000000012	3.7013023430142042e-12
88	2.8852000000000011	3.6632711669174531e-18
88	2.966800000000001	2.8729098935839024e-24
88	3.0484000000000009	3.4943033842123754e-31
88	3.1300000000000008	5.1923153719762389e-37
88	3.2940000000000005	1.5506628151720832e-30
88	3.3756000000000004	8.436028816283914e-37

[frame_wcrt_cdf]
frame_id	response_time_ms	cumulative_probability
0	1.9572000000000001	0.99999804280191529
0	2.119600000000001	0.99999804280191529
0	2.2844000000000002	0.99999999999744427
0	2.3652000000000002	0.99999999999744427
0	2.3660000000000005	1
0	2.4468000000000001	1
0	2.4476000000000004	1
0	2.5292000000000003	1
0	2.6108000000000002	1
0	2.6924000000000001	1
1	0.50520000000000009	0.99999949480012762
1	0.56880000000000008	0.99999999999984024
1	0.63240000000000007	1
1	0.69600000000000017	1
1	0.75960000000000005	1
1	0.82320000000000015	1
3	0.10120000000000001	0.99999989880000517
3	0.1608	0.9999999999999889
3	0.22040000000000001	1
3	0.28000000000000003	1
3	0.33960000000000001	1
3	0.3992	1
7	1.9968000000000001	0.99999800320199372
7	2.1592000000000011	0.99999800320199372
7	2.3240000000000003	0.99999999999735312
7	2.4048000000000003	0.99999999999735312
7	2.4056000000000006	1
7	2.4864000000000002	1
7	2.4872000000000005	1
7	2.5688000000000004	1
7	2.6504000000000003	1
7	2.7320000000000002	1
8	0.54880000000000007	0.99999945120015055
8	0.61240000000000006	0.99999999999981448
8	0.67600000000000005	1
8	0.73960000000000004	1
8	0.80320000000000014	1
8	0.86680000000000001	1
9	2.5968000000000013	8.1151147711214807e-40
9	2.680000000000001	0.99999732000359132
9	2.7616000000000009	0.99999999999619027
9	2.8432000000000013	1
9	2.9248000000000012	1
9	3.0064000000000011	1
9	3.088000000000001	1
9	3.1696000000000009	1
9	3.3336000000000006	1
9	3.4152000000000005	1
10	0.59240000000000004	0.99999940760017547
10	0.65600000000000003	0.99999999999978684
10	0.71960000000000002	1
10	0.78320000000000012	1
10	0.8468	1
10	0.9104000000000001	1
11	2.0364000000000004	0.9999979636020736
11	2.1988000000000012	0.9999979636020736
11	2.3636000000000004	0.99999999999726041
11	2.4444000000000004	0.99999999999726041
11	2.4452000000000007	1
11	2.5260000000000007	1
11	2.5268000000000006	1
11	2.6084000000000005	1
11	2.6900000000000004	1
11	2.7716000000000003	1
12	2.2384000000000013	8.1151147711214807e-40
12	2.3216000000000006	0.99999767840269493
12	2.4032000000000004	0.99999999999711564
12	2.4840000000000004	0.99999999999711564
12	2.4848000000000008	1
12	2.5656000000000008	1
12	2.5664000000000007	1
12	2.6480000000000006	1
12	2.7296000000000005	1
12	2.8112000000000004	1
13	1.6363999999999992	0.99999836360133898
13	1.7179999999999991	0.99999999999852762
13	1.7988	0.99999999999852762
13	1.7995999999999992	1
13	1.8811999999999993	1
13	1.9627999999999992	1
13	2.0443999999999991	1
16	1.6759999999999993	0.99999832400140454
16	1.7575999999999992	0.99999999999845879
16	1.8384	0.99999999999845879
16	1.8391999999999993	1
16	1.9207999999999994	1
16	2.0023999999999993	1
16	2.0839999999999992	1
17	2.2780000000000014	8.1151147711214807e-40
17	2.3612000000000006	0.9999976388027878
17	2.4428000000000005	0.99999999999701983
17	2.5236000000000005	0.99999999999701983
17	2.5244000000000009	1
17	2.6052000000000008	1
17	2.6060000000000008	1
17	2.6876000000000007	1
17	2.7692000000000005	1
17	2.8508000000000004	1
18	0.14280000000000001	0.99999985720001028
18	0.20440000000000003	0.99999999999998113
18	0.26600000000000001	1
18	0.3276	1
18	0.38919999999999999	1
18	0.45079999999999998	1
20	0.6379999999999999	0.99999936200020345
20	0.70359999999999989	0.99999999999975453
20	0.76919999999999988	0.99999999999999989
20	0.83479999999999999	0.99999999999999989
20	0.90039999999999987	0.99999999999999989
20	0.96599999999999997	0.99999999999999989
20	10.0656	1
21	0.67959999999999998	0.99999932040023098
21	0.74519999999999997	0.99999999999972455
21	0.81079999999999997	1
21	0.87640000000000007	1
21	0.94199999999999995	1
21	1.0076000000000001	1
22	2.3176000000000014	8.1151147711214807e-40
22	2.4008000000000007	0.999997599202882
22	2.4824000000000006	0.99999999999692224
22	2.5632000000000006	0.99999999999692224
22	2.5640000000000009	1
22	2.6448000000000009	1
22	2.6456000000000008	1
22	2.7272000000000007	1
22	2.8088000000000006	1
22	2.8904000000000005	1
28	1.7175999999999993	0.99999828240147515
28	1.7991999999999995	0.99999999999838485
28	1.8800000000000003	0.99999999999838485
28	1.8807999999999994	1
28	1.9623999999999993	1
28	2.1255999999999995	1
28	2.2896000000000001	1
28	2.3712	1
30	0.18240000000000001	0.99999981760001666
30	0.24399999999999999	0.99999999999997213
30	0.30559999999999998	1
30	0.36720000000000003	1
30	0.42880000000000001	1
30	0.4904	1
31	2.6364000000000014	8.1151147711214807e-40
31	2.7196000000000011	0.99999728040369817
31	2.801200000000001	0.99999999999608002
31	2.8828000000000014	1
31	2.9644000000000013	1
31	3.127600000000001	1
31	3.2092000000000009	1
31	3.2916000000000007	1
31	3.3732000000000006	1
31	3.4548000000000005	1
32	0.3468	0.99999965320006023
32	0.41039999999999999	0.99999999999991795
32	0.47399999999999998	1
32	0.53760000000000008	1
32	0.60119999999999996	1
32	0.66480000000000006	1
33	2.3572000000000015	8.1151147711214807e-40
33	2.4404000000000008	0.99999755960297787
33	2.5220000000000007	0.99999999999682321
33	2.6028000000000007	0.99999999999682321
33	2.603600000000001	1
33	2.684400000000001	1
33	2.6852000000000009	1
33	2.7668000000000008	1
33	2.8484000000000007	1
33	2.9300000000000006	1
36	2.6760000000000015	8.1151147711214807e-40
36	2.7592000000000012	0.9999972408038067
36	2.8408000000000011	0.99999999999596834
36	2.9224000000000014	1
36	3.0040000000000013	1
36	3.1672000000000011	1
36	3.248800000000001	1
36	3.3312000000000008	1
36	3.4128000000000007	1
36	3.4944000000000006	1
37	0.222	0.99999977800002471
37	0.28360000000000002	0.9999999999999617
37	0.34520000000000001	1
37	0.40680000000000005	1
37	0.46840000000000004	1
37	0.53000000000000003	1
38	0.38640000000000002	0.99999961360007472
38	0.45000000000000001	0.99999999999990086
38	0.51360000000000006	1
38	0.57720000000000005	1
38	0.64080000000000004	1
38	0.70440000000000003	1
39	0.72119999999999995	0.99999927880026007
39	0.78679999999999994	0.99999999999969258
39	0.85239999999999994	1
39	0.91799999999999993	1
39	0.98360000000000003	1
39	1.0491999999999999	1
40	2.3988000000000014	1.0382104335251053e-39
40	2.4820000000000011	0.99999751800308023
40	2.563600000000001	0.9999999999967174
40	2.6452000000000009	1
40	2.7260000000000009	1
40	2.7268000000000012	1
40	2.8084000000000011	1
40	2.890000000000001	1
40	2.9716000000000014	1
41	2.4384000000000015	8.1151147711214807e-40
41	2.5216000000000007	0.99999747840317943
41	2.6032000000000006	0.99999999999661526
41	2.684800000000001	1
41	2.7656000000000009	1
41	2.7664000000000009	1
41	2.8480000000000008	1
41	2.9296000000000006	1
41	3.0112000000000005	1
42	0.76279999999999992	0.99999923720029094
42	0.82839999999999991	0.99999999999965905
42	0.89399999999999991	1
42	0.95960000000000001	1
42	1.0251999999999999	1
42	1.0908	1
44	1.7571999999999994	0.99999824280154392
44	1.8387999999999995	0.99999999999831279
44	1.9196000000000004	0.99999999999831279
44	1.9203999999999994	1
44	2.0019999999999993	1
44	2.1651999999999996	1
44	2.3292000000000002	1
44	2.4108000000000001	1
44	2.4923999999999999	1
45	1.7967999999999995	0.99999820320161437
45	1.8783999999999996	0.9999999999982393
45	1.9592000000000005	0.9999999999982393
45	1.9599999999999995	1
45	2.2047999999999996	1
45	2.2872000000000003	1
45	2.3688000000000002	1
45	2.4504000000000001	1
45	2.532	1
46	0.80439999999999989	0.99999919560032358
46	0.86999999999999988	0.99999999999962375
46	0.93559999999999988	1
46	1.0011999999999999	1
46	1.1323999999999999	1
46	1.3124000000000002	1
46	1.3780000000000003	1
47	0.84599999999999997	0.99999915400035788
47	0.91159999999999997	0.99999999999958666
47	0.97719999999999996	1
47	1.1739999999999999	1
47	1.2884000000000004	1
47	1.3540000000000003	1
47	1.4196000000000004	1
48	1.8383999999999996	0.99999816160168997
48	1.9199999999999995	0.99999999999816025
48	2.0008000000000004	0.99999999999816025
48	2.0015999999999998	1
48	2.2463999999999995	1
48	2.3288000000000002	1
48	2.4104000000000001	1
48	2.492	1
48	2.5735999999999999	1
49	0.88759999999999983	0.99999911240039396
49	0.95319999999999983	0.99999999999954792
49	1.0187999999999999	1
49	1.2155999999999998	1
49	1.3300000000000001	1
49	1.3956	1
49	1.4612000000000001	1
50	0.92919999999999969	0.99999907080043182
50	0.99479999999999968	0.99999999999950751
50	1.2571999999999997	0.99999999999950751
50	1.3059999999999998	1
50	1.3715999999999999	1
50	1.4371999999999998	1
50	1.5027999999999999	1
52	0.96879999999999966	0.99999903120046929
52	1.0343999999999998	0.9999999999994672
52	1.2967999999999997	0.9999999999994672
52	1.3455999999999997	1
52	1.4111999999999998	1
52	1.4767999999999997	1
52	1.5423999999999998	1
54	2.7156000000000016	1.6430203687262489e-39
54	2.7988000000000013	0.99999720120391666
54	2.8804000000000012	0.99999999999585498
54	2.9620000000000015	1
54	3.0436000000000014	1
54	3.2068000000000012	1
54	3.2884000000000011	1
54	3.3708000000000009	1
54	3.4524000000000008	1
54	3.5340000000000007	1
55	1.0103999999999995	0.99999898960051048
55	1.3215999999999997	0.9999999999991751
55	1.3383999999999996	0.9999999999991751
55	1.3871999999999995	1
55	1.4527999999999996	1
55	1.5183999999999995	1
55	1.5839999999999996	1
57	0.2656	0.9999997344000352
57	0.32919999999999999	0.99999999999994782
57	0.39280000000000004	1
57	0.45640000000000003	1
57	0.52000000000000002	1
57	0.58360000000000001	1
58	1.2975999999999996	0.99999870240084199
58	1.3631999999999997	0.99999999999907307
58	1.3799999999999997	0.99999999999907307
58	1.4287999999999996	1
58	1.4943999999999997	1
58	1.5599999999999996	1
58	1.6255999999999997	1
61	1.8779999999999997	0.99999812200176352
61	1.9595999999999996	0.99999999999808342
61	2.0404000000000004	0.99999999999808342
61	2.2859999999999996	0.99999999999808342
61	2.2868000000000004	1
61	2.3684000000000003	1
61	2.4500000000000002	1
61	2.5316000000000001	1
61	2.6132	1
62	2.7552000000000016	8.1151147711214807e-40
62	2.8384000000000018	0.9999971616040283
62	2.9200000000000017	0.99999999999574019
62	3.0016000000000016	1
62	3.2464000000000017	1
62	3.3280000000000021	1
62	3.3288000000000011	1
62	3.410400000000001	1
62	3.4920000000000009	1
62	3.5736000000000008	1
64	1.3391999999999995	0.99999866080089672
64	1.4047999999999996	0.99999999999901545
64	1.4215999999999995	0.99999999999901545
64	1.4703999999999995	1
64	1.5359999999999996	1
64	1.6015999999999995	1
64	1.6671999999999996	1
65	1.9175999999999997	0.99999808240183863
65	1.9991999999999996	0.99999999999800493
65	2.0800000000000005	0.99999999999800493
65	2.3255999999999997	0.99999999999800493
65	2.3264000000000005	1
65	2.4080000000000004	1
65	2.4896000000000003	1
65	2.5712000000000002	1
65	2.6528	1
66	2.7948000000000017	8.1151147711214807e-40
66	2.8780000000000019	0.99999712200414148
66	2.9596000000000018	0.99999999999562372
66	3.2860000000000018	0.99999999999562372
66	3.2868000000000013	1
66	3.3676000000000021	1
66	3.3684000000000012	1
66	3.4500000000000011	1
66	3.531600000000001	1
66	3.6132000000000009	1
67	2.8344000000000018	8.1151147711214807e-40
67	2.917600000000002	0.99999708240425622
67	2.9992000000000019	0.99999999999550582
67	3.3256000000000019	0.99999999999550582
67	3.3264000000000014	1
67	3.4072000000000022	1
67	3.4080000000000013	1
67	3.4896000000000011	1
67	3.571200000000001	1
67	3.6528000000000009	1
68	1.3827999999999994	0.99999861720095606
68	1.4483999999999995	0.99999999999895317
68	1.4651999999999996	0.99999999999895317
68	1.5139999999999993	1
68	1.5795999999999994	1
68	1.6451999999999993	1
68	1.7107999999999994	1
70	2.4780000000000015	8.1151147711214807e-40
70	2.5612000000000008	0.99999743880327985
70	2.6428000000000007	0.99999999999651112
70	2.724400000000001	1
70	2.8060000000000009	1
70	2.8876000000000008	1
70	2.9692000000000007	1
70	3.0508000000000006	1
71	2.8740000000000019	8.1151147711214807e-40
71	2.957200000000002	0.99999704280437252
71	3.2844000000000011	0.99999999999465994
71	3.365200000000002	0.99999999999465994
71	3.3660000000000014	1
71	3.4468000000000023	1
71	3.4476000000000013	1
71	3.5292000000000012	1
71	3.6108000000000011	1
71	3.692400000000001	1
72	0.30719999999999997	0.9999996928000473
72	0.37079999999999996	0.99999999999993339
72	0.43440000000000001	1
72	0.498	1
72	0.56159999999999999	1
72	0.62519999999999998	1
73	1.4243999999999992	0.99999857560101457
73	1.4899999999999993	0.99999999999889222
73	1.5067999999999997	0.99999999999889222
73	1.5555999999999992	1
73	1.6211999999999993	1
73	1.6867999999999992	1
73	1.7523999999999993	1
74	0.42600000000000005	0.99999957400009076
74	0.48960000000000004	0.99999999999988221
74	0.55320000000000003	1
74	0.61680000000000001	1
74	0.68040000000000012	1
74	0.74399999999999999	1
75	2.5176000000000016	8.1151147711214807e-40
75	2.6008000000000009	0.99999739920338215
75	2.6824000000000008	0.99999999999640576
75	2.7640000000000011	1
75	2.845600000000001	1
75	2.9272000000000009	1
75	3.0088000000000008	1
75	3.0904000000000007	1
76	1.4659999999999993	0.99999853400107475
76	1.5315999999999994	0.99999999999882938
76	1.5483999999999998	0.99999999999882938
76	1.5971999999999993	1
76	1.6627999999999994	1
76	1.7283999999999993	1
76	1.7939999999999994	1
77	2.913600000000002	8.1151147711214807e-40
77	2.9968000000000021	0.99999700320449059
77	3.3240000000000012	0.99999999999452927
77	3.404800000000002	0.99999999999452927
77	3.4056000000000015	1
77	3.4864000000000024	1
77	3.4872000000000014	1
77	3.5688000000000013	1
77	3.6504000000000012	1
77	3.7320000000000011	1
78	1.5075999999999992	0.99999849240113647
78	1.5731999999999993	0.99999999999876477
78	1.5899999999999999	0.99999999999876477
78	1.6387999999999991	1
78	1.7043999999999992	1
78	1.7699999999999991	1
78	1.8355999999999992	1
79	1.5531999999999992	0.99999844680120631
79	1.6347999999999994	0.99999999999866718
79	1.7155999999999998	0.99999999999866718
79	1.7163999999999993	1
79	1.7979999999999992	1
79	1.8795999999999993	1
79	1.9611999999999994	1
80	1.5967999999999991	0.99999840320127498
80	1.678399999999999	0.9999999999985949
80	1.7591999999999999	0.9999999999985949
80	1.7599999999999991	1
80	1.8415999999999992	1
80	1.9231999999999991	1
80	2.004799999999999	1
86	0.46560000000000001	0.99999953440010847
86	0.5292	0.99999999999986211
86	0.59279999999999999	1
86	0.65640000000000009	1
86	0.71999999999999997	1
86	0.78360000000000007	1
87	2.913600000000002	8.1151147711214807e-40
87	2.9968000000000021	0.99999700320449059
87	3.3240000000000012	0.99999999999452927
87	3.404800000000002	0.99999999999452927
87	3.4056000000000015	1
87	3.4864000000000024	1
87	3.4872000000000014	1
87	3.5688000000000013	1
87	3.6504000000000012	1
87	3.7320000000000011	1
88	2.5572000000000017	8.1151147711214807e-40
88	2.640400000000001	0.9999973596034859
88	2.7220000000000009	0.99999999999629874
88	2.8036000000000012	1
88	2.8852000000000011	1
88	2.966800000000001	1
88	3.0484000000000009	1
88	3.1300000000000008	1
88	3.2940000000000005	1
88	3.3756000000000004	1

[frame_distribution_quantiles]
frame_id	retry_q50	retry_q90	retry_q95	retry_q99	wcrt_q50_ms	wcrt_q90_ms	wcrt_q95_ms	wcrt_q99_ms
0	0	0	0	0	1.9572000000000001	1.9572000000000001	1.9572000000000001	1.9572000000000001
1	0	0	0	0	0.50520000000000009	0.50520000000000009	0.50520000000000009	0.50520000000000009
3	0	0	0	0	0.10120000000000001	0.10120000000000001	0.10120000000000001	0.10120000000000001
7	0	0	0	0	1.9968000000000001	1.9968000000000001	1.9968000000000001	1.9968000000000001
8	0	0	0	0	0.54880000000000007	0.54880000000000007	0.54880000000000007	0.54880000000000007
9	0	0	0	0	2.680000000000001	2.680000000000001	2.680000000000001	2.680000000000001
10	0	0	0	0	0.59240000000000004	0.59240000000000004	0.59240000000000004	0.59240000000000004
11	0	0	0	0	2.0364000000000004	2.0364000000000004	2.0364000000000004	2.0364000000000004
12	0	0	0	0	2.3216000000000006	2.3216000000000006	2.3216000000000006	2.3216000000000006
13	0	0	0	0	1.6363999999999992	1.6363999999999992	1.6363999999999992	1.6363999999999992
16	0	0	0	0	1.6759999999999993	1.6759999999999993	1.6759999999999993	1.6759999999999993
17	0	0	0	0	2.3612000000000006	2.3612000000000006	2.3612000000000006	2.3612000000000006
18	0	0	0	0	0.14280000000000001	0.14280000000000001	0.14280000000000001	0.14280000000000001
20	0	0	0	0	0.6379999999999999	0.6379999999999999	0.6379999999999999	0.6379999999999999
21	0	0	0	0	0.67959999999999998	0.67959999999999998	0.67959999999999998	0.67959999999999998
22	0	0	0	0	2.4008000000000007	2.4008000000000007	2.4008000000000007	2.4008000000000007
28	0	0	0	0	1.7175999999999993	1.7175999999999993	1.7175999999999993	1.7175999999999993
30	0	0	0	0	0.18240000000000001	0.18240000000000001	0.18240000000000001	0.18240000000000001
31	0	0	0	0	2.7196000000000011	2.7196000000000011	2.7196000000000011	2.7196000000000011
32	0	0	0	0	0.3468	0.3468	0.3468	0.3468
33	0	0	0	0	2.4404000000000008	2.4404000000000008	2.4404000000000008	2.4404000000000008
36	0	0	0	0	2.7592000000000012	2.7592000000000012	2.7592000000000012	2.7592000000000012
37	0	0	0	0	0.222	0.222	0.222	0.222
38	0	0	0	0	0.38640000000000002	0.38640000000000002	0.38640000000000002	0.38640000000000002
39	0	0	0	0	0.72119999999999995	0.72119999999999995	0.72119999999999995	0.72119999999999995
40	0	0	0	0	2.4820000000000011	2.4820000000000011	2.4820000000000011	2.4820000000000011
41	0	0	0	0	2.5216000000000007	2.5216000000000007	2.5216000000000007	2.5216000000000007
42	0	0	0	0	0.76279999999999992	0.76279999999999992	0.76279999999999992	0.76279999999999992
44	0	0	0	0	1.7571999999999994	1.7571999999999994	1.7571999999999994	1.7571999999999994
45	0	0	0	0	1.7967999999999995	1.7967999999999995	1.7967999999999995	1.7967999999999995
46	0	0	0	0	0.80439999999999989	0.80439999999999989	0.80439999999999989	0.80439999999999989
47	0	0	0	0	0.84599999999999997	0.84599999999999997	0.84599999999999997	0.84599999999999997
48	0	0	0	0	1.8383999999999996	1.8383999999999996	1.8383999999999996	1.8383999999999996
49	0	0	0	0	0.88759999999999983	0.88759999999999983	0.88759999999999983	0.88759999999999983
50	0	0	0	0	0.92919999999999969	0.92919999999999969	0.92919999999999969	0.92919999999999969
52	0	0	0	0	0.96879999999999966	0.96879999999999966	0.96879999999999966	0.96879999999999966
54	0	0	0	0	2.7988000000000013	2.7988000000000013	2.7988000000000013	2.7988000000000013
55	0	0	0	0	1.0103999999999995	1.0103999999999995	1.0103999999999995	1.0103999999999995
57	0	0	0	0	0.2656	0.2656	0.2656	0.2656
58	0	0	0	0	1.2975999999999996	1.2975999999999996	1.2975999999999996	1.2975999999999996
61	0	0	0	0	1.8779999999999997	1.8779999999999997	1.8779999999999997	1.8779999999999997
62	0	0	0	0	2.8384000000000018	2.8384000000000018	2.8384000000000018	2.8384000000000018
64	0	0	0	0	1.3391999999999995	1.3391999999999995	1.3391999999999995	1.3391999999999995
65	0	0	0	0	1.9175999999999997	1.9175999999999997	1.9175999999999997	1.9175999999999997
66	0	0	0	0	2.8780000000000019	2.8780000000000019	2.8780000000000019	2.8780000000000019
67	0	0	0	0	2.917600000000002	2.917600000000002	2.917600000000002	2.917600000000002
68	0	0	0	0	1.3827999999999994	1.3827999999999994	1.3827999999999994	1.3827999999999994
70	0	0	0	0	2.5612000000000008	2.5612000000000008	2.5612000000000008	2.5612000000000008
71	0	0	0	0	2.957200000000002	2.957200000000002	2.957200000000002	2.957200000000002
72	0	0	0	0	0.30719999999999997	0.30719999999999997	0.30719999999999997	0.30719999999999997
73	0	0	0	0	1.4243999999999992	1.4243999999999992	1.4243999999999992	1.4243999999999992
74	0	0	0	0	0.42600000000000005	0.42600000000000005	0.42600000000000005	0.42600000000000005
75	0	0	0	0	2.6008000000000009	2.6008000000000009	2.6008000000000009	2.6008000000000009
76	0	0	0	0	1.4659999999999993	1.4659999999999993	1.4659999999999993	1.4659999999999993
77	0	0	0	0	2.9968000000000021	2.9968000000000021	2.9968000000000021	2.9968000000000021
78	0	0	0	0	1.5075999999999992	1.5075999999999992	1.5075999999999992	1.5075999999999992
79	0	0	0	0	1.5531999999999992	1.5531999999999992	1.5531999999999992	1.5531999999999992
80	0	0	0	0	1.5967999999999991	1.5967999999999991	1.5967999999999991	1.5967999999999991
86	0	0	0	0	0.46560000000000001	0.46560000000000001	0.46560000000000001	0.46560000000000001
87	0	0	0	0	2.9968000000000021	2.9968000000000021	2.9968000000000021	2.9968000000000021
88	0	0	0	0	2.640400000000001	2.640400000000001	2.640400000000001	2.640400000000001

[signal_summary]
code	frame_id	period_ms	level	type	p_timeout	expected_wcrt_ms	wcrt_p95_ms	threshold_wcrt_ms	expected_retry_count	p_threshold
3220051	75	100	0	0	0	2.6008002122252987	2.6008000000000009	2.5176000000000016	2.6008002122252973e-06	1
18025616	80	10	0	0	0	1.5968001302988899	1.5967999999999991	1.5967999999999991	1.5968001302988897e-06	1
19439266	79	10	0	0	0	1.5532001267411297	1.5531999999999992	1.5531999999999992	1.5532001267411283e-06	1
40278428	58	20	1	0	0	1.2976000851225653	1.2975999999999996	1.4287999999999996	1.2976000851225643e-06	5.5555555555555559e-13
56506893	50	20	0	0	0	0.92920006095564478	0.92919999999999969	0.92919999999999969	9.2920006095564432e-07	1
61878123	64	20	0	0	0	1.3392000878515253	1.3391999999999995	1.3391999999999995	1.3392000878515256e-06	1
77253905	80	20	1	0	0	1.5968001302988899	1.5967999999999991	1.7599999999999991	1.5968001302988897e-06	5.5555555555555559e-13
93763976	30	1	0	0	0	0.18240001123584071	0.18240000000000001	0.18240000000000001	1.8240001123584087e-07	1
127732420	88	100	0	0	0	2.6404002154566588	2.640400000000001	2.5572000000000017	2.640400215456656e-06	1
137239380	7	100	0	0	0	1.9968006533525242	1.9968000000000001	1.9968000000000001	1.9968006533525243e-06	1
144032780	21	10	0	0	0	0.67960004458176293	0.67959999999999998	0.67959999999999998	6.7960004458176327e-07	1
146823705	78	10	0	0	0	1.5076000988985656	1.5075999999999992	1.5075999999999992	1.5076000988985661e-06	1
194982176	39	20	0	0	0	0.72120004731072307	0.72119999999999995	0.72119999999999995	7.212000473107237e-07	1
217937895	50	10	0	0	0	0.92920006095564478	0.92919999999999969	0.92919999999999969	9.2920006095564432e-07	1
229518058	79	20	0	0	0	1.5532001267411297	1.5531999999999992	1.5531999999999992	1.5532001267411283e-06	1
242995619	64	20	0	0	0	1.3392000878515253	1.3391999999999995	1.3391999999999995	1.3392000878515256e-06	1
271051044	78	20	1	0	0	1.5076000988985656	1.5075999999999992	1.6387999999999991	1.5076000988985661e-06	5.5555555555555559e-13
274836723	57	2	0	0	0	0.26560001689216106	0.2656	0.2656	2.6560001689216096e-07	1
278022029	32	10	2	0	0	0.34680002205648142	0.3468	0.41039999999999999	3.4680002205648136e-07	2.7777777777777779e-13
289011251	74	10	0	0	0	0.4260000270936018	0.42600000000000005	0.42600000000000005	4.2600002709360156e-07	1
318065697	76	10	0	0	0	1.4660000961696058	1.4659999999999993	1.4659999999999993	1.4660000961696054e-06	1
318279542	65	100	2	0	0	1.9176001564766627	1.9175999999999997	1.9991999999999996	1.9176001564766625e-06	2.7777777777777777e-12
319212538	79	10	0	0	0	1.5532001267411297	1.5531999999999992	1.5531999999999992	1.5532001267411283e-06	1
326274211	18	2	0	0	0	0.14280000879648058	0.14280000000000001	0.14280000000000001	1.4280000879648063e-07	1
351977437	31	1000	0	0	0	2.7196002219193796	2.7196000000000011	2.6364000000000014	2.7196002219193798e-06	1
368509350	72	2	0	0	0	0.30720001953792125	0.30719999999999997	0.30719999999999997	3.0720001953792126e-07	1
381809574	22	100	1	0	0	2.4008001959052967	2.4008000000000007	2.5640000000000009	2.4008001959052973e-06	2.7777777777777777e-12
387958429	79	10	0	0	0	1.5532001267411297	1.5531999999999992	1.5531999999999992	1.5532001267411283e-06	1
395085134	10	20	2	0	0	0.59240003767664251	0.59240000000000004	0.65600000000000003	5.9240003767664312e-07	5.5555555555555559e-13
409471791	73	20	0	0	0	1.4244000934406456	1.4243999999999992	1.4243999999999992	1.4244000934406451e-06	1
440631262	79	20	0	0	0	1.5532001267411297	1.5531999999999992	1.5531999999999992	1.5532001267411283e-06	1
444122063	8	20	1	0	0	0.54880003490368223	0.54880000000000007	0.61240000000000006	5.488000349036831e-07	5.5555555555555559e-13
491891217	64	10	1	0	0	1.3392000878515253	1.3391999999999995	1.4703999999999995	1.3392000878515256e-06	2.7777777777777779e-13
518077427	42	10	1	0	0	0.76280005003968321	0.76279999999999992	0.89399999999999991	7.6280005003968328e-07	2.7777777777777779e-13
529543737	12	100	1	0	0	2.3216001894425764	2.3216000000000006	2.4848000000000008	2.3216001894425752e-06	2.7777777777777777e-12
551353464	74	5	0	0	0	0.4260000270936018	0.42600000000000005	0.42600000000000005	4.2600002709360156e-07	1
577978583	10	20	2	0	0	0.59240003767664251	0.59240000000000004	0.65600000000000003	5.9240003767664312e-07	5.5555555555555559e-13
584725192	86	5	2	0	0	0.46560002961216196	0.46560000000000001	0.5292	4.6560002961216181e-07	1.388888888888889e-13
644336680	28	100	0	0	0	1.7176001401561709	1.7175999999999993	1.7175999999999993	1.7176001401561721e-06	1
650827540	49	10	0	0	0	0.88760005822656374	0.88759999999999983	0.88759999999999983	8.8760005822656361e-07	1
659335573	18	2	2	0	0	0.14280000879648058	0.14280000000000001	0.20440000000000003	1.4280000879648063e-07	5.5555555555555549e-14
664422463	39	20	0	0	0	0.72120004731072307	0.72119999999999995	0.72119999999999995	7.212000473107237e-07	1
679477211	50	10	0	0	0	0.92920006095564478	0.92919999999999969	0.92919999999999969	9.2920006095564432e-07	1
710227411	62	1000	0	0	0	2.8384002316134609	2.8384000000000018	2.7552000000000016	2.8384002316134593e-06	1
754063344	78	20	0	0	0	1.5076000988985656	1.5075999999999992	1.5075999999999992	1.5076000988985661e-06	1
776122114	17	100	2	0	0	2.361200192673937	2.3612000000000006	2.5244000000000009	2.3612001926739335e-06	2.7777777777777777e-12
806359410	68	10	0	0	0	1.3828000907116851	1.3827999999999994	1.3827999999999994	1.3828000907116854e-06	1
814178498	76	20	0	0	0	1.4660000961696058	1.4659999999999993	1.4659999999999993	1.4660000961696054e-06	1
837987083	66	1000	0	0	0	2.8780002348458962	2.8780000000000019	2.7948000000000017	2.8780002348458958e-06	1
887946707	57	1	0	0	0	0.26560001689216106	0.2656	0.2656	2.6560001689216096e-07	1
891110040	65	100	3	0	0	1.9176001564766627	1.9175999999999997	2.3264000000000005	1.9176001564766625e-06	2.7777777777777779e-13
894821721	21	20	0	0	0	0.67960004458176293	0.67959999999999998	0.67959999999999998	6.7960004458176327e-07	1
965116710	46	10	0	0	0	0.80440005276864335	0.80439999999999989	0.80439999999999989	8.0440005276864424e-07	1
977202361	80	10	0	0	0	1.5968001302988899	1.5967999999999991	1.5967999999999991	1.5968001302988897e-06	1
977244911	41	100	0	0	0	2.5216002057625779	2.5216000000000007	2.4384000000000015	2.5216002057625795e-06	1
983819797	87	1000	0	0	0	2.9968009805519396	2.9968000000000021	2.913600000000002	2.9968009805519398e-06	1
999237250	49	20	0	0	0	0.88760005822656374	0.88759999999999983	0.88759999999999983	8.8760005822656361e-07	1
1000343857	79	20	0	0	0	1.5532001267411297	1.5531999999999992	1.5531999999999992	1.5532001267411283e-06	1
1053436873	10	10	0	0	0	0.59240003767664251	0.59240000000000004	0.59240000000000004	5.9240003767664312e-07	1
1053457746	20	20	0	0	1.1102230246251565e-16	0.63800004185280379	0.6379999999999999	0.6379999999999999	6.3800004251893708e-07	1
1059115157	13	20	0	0	0	1.6364001335302503	1.6363999999999992	1.6363999999999992	1.6364001335302495e-06	1
1066952912	52	10	0	0	0	0.96880006355341475	0.96879999999999966	0.96879999999999966	9.6880006355341391e-07	1
1094315763	79	10	0	0	0	1.5532001267411297	1.5531999999999992	1.5531999999999992	1.5532001267411283e-06	1
1098499497	78	10	0	0	0	1.5076000988985656	1.5075999999999992	1.5075999999999992	1.5076000988985661e-06	1
1101862002	48	50	2	0	0	1.8384001500134519	1.8383999999999996	2.0015999999999998	1.8384001500134519e-06	1.3888888888888889e-12
1102029422	57	1	0	0	0	0.26560001689216106	0.2656	0.2656	2.6560001689216096e-07	1
1114747625	17	100	0	0	0	2.361200192673937	2.3612000000000006	2.2780000000000014	2.3612001926739335e-06	1
1136726239	30	1	0	0	0	0.18240001123584071	0.18240000000000001	0.18240000000000001	1.8240001123584087e-07	1
1168967534	17	100	0	0	0	2.361200192673937	2.3612000000000006	2.2780000000000014	2.3612001926739335e-06	1
1243533715	73	20	0	0	0	1.4244000934406456	1.4243999999999992	1.4243999999999992	1.4244000934406451e-06	1
1264248098	42	20	1	0	0	0.76280005003968321	0.76279999999999992	0.82839999999999991	7.6280005003968328e-07	5.5555555555555559e-13
1268933305	46	20	0	0	0	0.80440005276864335	0.80439999999999989	0.80439999999999989	8.0440005276864424e-07	1
1272024265	68	10	0	0	0	1.3828000907116851	1.3827999999999994	1.3827999999999994	1.3828000907116854e-06	1
1296308353	86	5	0	0	0	0.46560002961216196	0.46560000000000001	0.46560000000000001	4.6560002961216181e-07	1
1300492061	47	10	0	0	0	0.8460000554976036	0.84599999999999997	0.84599999999999997	8.4600005549760371e-07	1
1303620363	3	1	1	0	0	0.10120000603152038	0.10120000000000001	0.1608	1.0120000603152044e-07	2.7777777777777774e-14
1339089076	1	20	0	0	0	0.50520003213072207	0.50520000000000009	0.50520000000000009	5.0520003213072213e-07	1
1344458503	45	50	0	0	0	1.7968001466188916	1.7967999999999995	1.7967999999999995	1.7968001466188891e-06	1
1374441932	16	50	3	0	0	1.6760001367616106	1.6759999999999993	1.8391999999999993	1.6760001367616105e-06	1.388888888888889e-13
1394437107	50	20	0	0	0	0.92920006095564478	0.92919999999999969	0.92919999999999969	9.2920006095564432e-07	1
1403822366	42	20	0	0	0	0.76280005003968321	0.76279999999999992	0.76279999999999992	7.6280005003968328e-07	1
1427222472	13	20	0	0	0	1.6364001335302503	1.6363999999999992	1.6363999999999992	1.6364001335302495e-06	1
1437797100	42	20	0	0	0	0.76280005003968321	0.76279999999999992	0.76279999999999992	7.6280005003968328e-07	1
1455289377	58	20	0	0	0	1.2976000851225653	1.2975999999999996	1.2975999999999996	1.2976000851225643e-06	1
1455441142	1	10	3	0	0	0.50520003213072207	0.50520000000000009	0.63240000000000007	5.0520003213072213e-07	2.7777777777777781e-14
1480320315	46	10	1	0	0	0.80440005276864335	0.80439999999999989	0.93559999999999988	8.0440005276864424e-07	2.7777777777777779e-13
1514502533	3	2	0	0	0	0.10120000603152038	0.10120000000000001	0.10120000000000001	1.0120000603152044e-07	1
1560103842	8	10	2	0	0	0.54880003490368223	0.54880000000000007	0.61240000000000006	5.488000349036831e-07	2.7777777777777779e-13
1577505159	86	5	0	0	0	0.46560002961216196	0.46560000000000001	0.46560000000000001	4.6560002961216181e-07	1
1602726634	33	100	0	0	0	2.4404001991366573	2.4404000000000008	2.3572000000000015	2.4404001991366581e-06	1
1604853608	13	20	0	0	0	1.6364001335302503	1.6363999999999992	1.6363999999999992	1.6364001335302495e-06	1
1612763091	42	10	0	0	0	0.76280005003968321	0.76279999999999992	0.76279999999999992	7.6280005003968328e-07	1
1616447886	32	10	0	0	0	0.34680002205648142	0.3468	0.3468	3.4680002205648136e-07	1
1653327068	39	10	0	0	0	0.72120004731072307	0.72119999999999995	0.72119999999999995	7.212000473107237e-07	1
1655911340	38	10	0	0	0	0.38640002457504158	0.38640000000000002	0.38640000000000002	3.8640002457504135e-07	1
1659530091	54	1000	0	0	0	2.7988002283821003	2.7988000000000013	2.7156000000000016	2.7988002283820976e-06	1
1667540279	8	10	0	0	0	0.54880003490368223	0.54880000000000007	0.54880000000000007	5.488000349036831e-07	1
1675090467	47	10	0	0	0	0.8460000554976036	0.84599999999999997	0.84599999999999997	8.4600005549760371e-07	1
1733517229	21	10	0	0	0	0.67960004458176293	0.67959999999999998	0.67959999999999998	6.7960004458176327e-07	1
1738340802	20	10	0	0	1.1102230246251565e-16	0.63800004185280379	0.6379999999999999	0.6379999999999999	6.3800004251893708e-07	1
1740265967	73	20	0	0	0	1.4244000934406456	1.4243999999999992	1.4243999999999992	1.4244000934406451e-06	1
1745097613	41	100	0	0	0	2.5216002057625779	2.5216000000000007	2.4384000000000015	2.5216002057625795e-06	1
1761838268	75	100	0	0	0	2.6008002122252987	2.6008000000000009	2.5176000000000016	2.6008002122252973e-06	1
1765281626	46	20	2	0	0	0.80440005276864335	0.80439999999999989	0.86999999999999988	8.0440005276864424e-07	5.5555555555555559e-13
1793037685	79	10	0	0	0	1.5532001267411297	1.5531999999999992	1.5531999999999992	1.5532001267411283e-06	1
1805921397	20	10	0	0	1.1102230246251565e-16	0.63800004185280379	0.6379999999999999	0.6379999999999999	6.3800004251893708e-07	1
1819609128	79	20	1	0	0	1.5532001267411297	1.5531999999999992	1.7163999999999993	1.5532001267411283e-06	5.5555555555555559e-13
1835428074	17	100	0	0	0	2.361200192673937	2.3612000000000006	2.2780000000000014	2.3612001926739335e-06	1
1857185351	9	1000	0	0	0	2.680000218688019	2.680000000000001	2.5968000000000013	2.6800002186880206e-06	1
1862579839	58	10	0	0	0	1.2976000851225653	1.2975999999999996	1.2975999999999996	1.2976000851225643e-06	1
1878587520	0	100	2	0	0	1.9572006403954219	1.9572000000000001	2.2844000000000002	1.9572006403954228e-06	2.7777777777777777e-12
1903223908	55	10	3	0	0	1.0104003144363747	1.0103999999999995	1.3871999999999995	1.0104003144363748e-06	2.7777777777777781e-14
1909650662	36	1000	0	0	0	2.7592002251507397	2.7592000000000012	2.6760000000000015	2.7592002251507431e-06	1
1939281720	76	10	0	0	0	1.4660000961696058	1.4659999999999993	1.4659999999999993	1.4660000961696054e-06	1
1960419399	20	10	0	0	1.1102230246251565e-16	0.63800004185280379	0.6379999999999999	0.6379999999999999	6.3800004251893708e-07	1
1974384489	28	100	0	0	0	1.7176001401561709	1.7175999999999993	1.7175999999999993	1.7176001401561721e-06	1
2002170489	50	10	0	0	0	0.92920006095564478	0.92919999999999969	0.92919999999999969	9.2920006095564432e-07	1
2014173086	68	20	1	0	0	1.3828000907116851	1.3827999999999994	1.5139999999999993	1.3828000907116854e-06	5.5555555555555559e-13
2070659620	68	20	0	0	0	1.3828000907116851	1.3827999999999994	1.3827999999999994	1.3828000907116854e-06	1
2102489302	73	20	0	0	0	1.4244000934406456	1.4243999999999992	1.4243999999999992	1.4244000934406451e-06	1
2115261698	20	20	0	0	1.1102230246251565e-16	0.63800004185280379	0.6379999999999999	0.6379999999999999	6.3800004251893708e-07	1
2118988699	77	1000	0	0	0	2.9968009805519396	2.9968000000000021	2.913600000000002	2.9968009805519398e-06	1
2128304104	76	20	0	0	0	1.4660000961696058	1.4659999999999993	1.4659999999999993	1.4660000961696054e-06	1
2210969199	22	100	0	0	0	2.4008001959052967	2.4008000000000007	2.3176000000000014	2.4008001959052973e-06	1
2251975720	39	10	0	0	0	0.72120004731072307	0.72119999999999995	0.72119999999999995	7.212000473107237e-07	1
2253401098	0	100	0	0	0	1.9572006403954219	1.9572000000000001	1.9572000000000001	1.9572006403954228e-06	1
2257136122	52	10	0	0	0	0.96880006355341475	0.96879999999999966	0.96879999999999966	9.6880006355341391e-07	1
2264512142	80	10	2	0	0	1.5968001302988899	1.5967999999999991	1.7599999999999991	1.5968001302988897e-06	2.7777777777777779e-13
2271836983	45	100	0	0	0	1.7968001466188916	1.7967999999999995	1.7967999999999995	1.7968001466188891e-06	1
2273509069	47	20	0	0	0	0.8460000554976036	0.84599999999999997	0.84599999999999997	8.4600005549760371e-07	1
2274932393	42	10	0	0	0	0.76280005003968321	0.76279999999999992	0.76279999999999992	7.6280005003968328e-07	1
2281493189	38	5	0	0	0	0.38640002457504158	0.38640000000000002	0.38640000000000002	3.8640002457504135e-07	1
2290409996	22	100	0	0	0	2.4008001959052967	2.4008000000000007	2.3176000000000014	2.4008001959052973e-06	1
2301361389	40	100	0	0	0	2.4820002025312178	2.4820000000000011	2.3988000000000014	2.4820002025312157e-06	1
2310441415	76	20	0	0	0	1.4660000961696058	1.4659999999999993	1.4659999999999993	1.4660000961696054e-06	1
2333026329	48	100	2	0	0	1.8384001500134519	1.8383999999999996	1.9199999999999995	1.8384001500134519e-06	2.7777777777777777e-12
2338908678	36	1000	0	0	0	2.7592002251507397	2.7592000000000012	2.6760000000000015	2.7592002251507431e-06	1
2355664966	75	100	0	0	0	2.6008002122252987	2.6008000000000009	2.5176000000000016	2.6008002122252973e-06	1
2371295470	33	100	0	0	0	2.4404001991366573	2.4404000000000008	2.3572000000000015	2.4404001991366581e-06	1
2375198727	20	20	0	0	1.1102230246251565e-16	0.63800004185280379	0.6379999999999999	0.6379999999999999	6.3800004251893708e-07	1
2375357518	11	100	0	0	0	2.0364006663096257	2.0364000000000004	2.0364000000000004	2.0364006663096255e-06	1
2398674645	74	5	0	0	0	0.4260000270936018	0.42600000000000005	0.42600000000000005	4.2600002709360156e-07	1
2414581173	72	2	2	0	0	0.30720001953792125	0.30719999999999997	0.43440000000000001	3.0720001953792126e-07	5.5555555555555549e-14
2428127969	33	100	0	0	0	2.4404001991366573	2.4404000000000008	2.3572000000000015	2.4404001991366581e-06	1
2447896917	8	20	3	0	0	0.54880003490368223	0.54880000000000007	0.67600000000000005	5.488000349036831e-07	5.5555555555555561e-14
2455786068	50	20	0	0	0	0.92920006095564478	0.92919999999999969	0.92919999999999969	9.2920006095564432e-07	1
2462791809	49	10	0	0	0	0.88760005822656374	0.88759999999999983	0.88759999999999983	8.8760005822656361e-07	1
2492522357	64	20	0	0	0	1.3392000878515253	1.3391999999999995	1.3391999999999995	1.3392000878515256e-06	1
2492858208	20	10	0	0	1.1102230246251565e-16	0.63800004185280379	0.6379999999999999	0.6379999999999999	6.3800004251893708e-07	1
2502360073	74	10	0	0	0	0.4260000270936018	0.42600000000000005	0.42600000000000005	4.2600002709360156e-07	1
2505937014	38	5	1	0	0	0.38640002457504158	0.38640000000000002	0.45000000000000001	3.8640002457504135e-07	1.388888888888889e-13
2527715755	28	100	0	0	0	1.7176001401561709	1.7175999999999993	1.7175999999999993	1.7176001401561721e-06	1
2552558518	44	50	0	0	0	1.7572001433875313	1.7571999999999994	1.7571999999999994	1.757200143387531e-06	1
2583353312	46	20	2	0	0	0.80440005276864335	0.80439999999999989	0.86999999999999988	8.0440005276864424e-07	5.5555555555555559e-13
2587000405	73	10	0	0	0	1.4244000934406456	1.4243999999999992	1.4243999999999992	1.4244000934406451e-06	1
2667860358	1	10	0	0	0	0.50520003213072207	0.50520000000000009	0.50520000000000009	5.0520003213072213e-07	1
2686857800	41	100	3	0	0	2.5216002057625779	2.5216000000000007	2.684800000000001	2.5216002057625795e-06	2.7777777777777779e-13
2693996549	37	1	0	0	0	0.22200001367520086	0.222	0.222	2.2200001367520061e-07	1
2747616982	32	10	0	0	0	0.34680002205648142	0.3468	0.3468	3.4680002205648136e-07	1
2749645516	28	100	0	0	0	1.7176001401561709	1.7175999999999993	1.7175999999999993	1.7176001401561721e-06	1
2754509156	64	20	0	0	0	1.3392000878515253	1.3391999999999995	1.3391999999999995	1.3392000878515256e-06	1
2762306267	78	10	1	0	0	1.5076000988985656	1.5075999999999992	1.6387999999999991	1.5076000988985661e-06	2.7777777777777779e-13
2793021349	78	10	0	0	0	1.5076000988985656	1.5075999999999992	1.5075999999999992	1.5076000988985661e-06	1
2802396009	39	20	0	0	0	0.72120004731072307	0.72119999999999995	0.72119999999999995	7.212000473107237e-07	1
2803160653	71	1000	0	0	0	2.9572009675948476	2.957200000000002	2.8740000000000019	2.9572009675948467e-06	1
2810694043	20	10	3	0	1.1102230246251565e-16	0.63800004185280379	0.6379999999999999	0.76919999999999988	6.3800004251893708e-07	2.7777777777777781e-14
2858811525	32	5	0	0	0	0.34680002205648142	0.3468	0.3468	3.4680002205648136e-07	1
2861415238	55	20	0	0	0	1.0104003144363747	1.0103999999999995	1.0103999999999995	1.0104003144363748e-06	1
2865751642	20	10	0	0	1.1102230246251565e-16	0.63800004185280379	0.6379999999999999	0.6379999999999999	6.3800004251893708e-07	1
2881658143	10	20	0	0	0	0.59240003767664251	0.59240000000000004	0.59240000000000004	5.9240003767664312e-07	1
2896448643	7	100	0	0	0	1.9968006533525242	1.9968000000000001	1.9968000000000001	1.9968006533525243e-06	1
2921684908	9	1000	0	0	0	2.680000218688019	2.680000000000001	2.5968000000000013	2.6800002186880206e-06	1
2933693529	76	20	1	0	0	1.4660000961696058	1.4659999999999993	1.5971999999999993	1.4660000961696054e-06	5.5555555555555559e-13
2960377700	79	20	0	0	0	1.5532001267411297	1.5531999999999992	1.5531999999999992	1.5532001267411283e-06	1
3020101196	10	10	3	0	0	0.59240003767664251	0.59240000000000004	0.71960000000000002	5.9240003767664312e-07	2.7777777777777781e-14
3020103101	68	20	1	0	0	1.3828000907116851	1.3827999999999994	1.5139999999999993	1.3828000907116854e-06	5.5555555555555559e-13
3025716808	68	20	0	0	0	1.3828000907116851	1.3827999999999994	1.3827999999999994	1.3828000907116854e-06	1
3033381794	49	20	0	0	0	0.88760005822656374	0.88759999999999983	0.88759999999999983	8.8760005822656361e-07	1
3039054926	50	20	3	0	0	0.92920006095564478	0.92919999999999969	1.3059999999999998	9.2920006095564432e-07	5.5555555555555561e-14
3049278883	65	50	0	0	0	1.9176001564766627	1.9175999999999997	1.9175999999999997	1.9176001564766625e-06	1
3058955450	10	10	1	0	0	0.59240003767664251	0.59240000000000004	0.65600000000000003	5.9240003767664312e-07	2.7777777777777779e-13
3065766459	20	20	3	0	1.1102230246251565e-16	0.63800004185280379	0.6379999999999999	0.76919999999999988	6.3800004251893708e-07	5.5555555555555561e-14
3074177622	40	100	0	0	0	2.4820002025312178	2.4820000000000011	2.3988000000000014	2.4820002025312157e-06	1
3086003201	0	100	0	0	0	1.9572006403954219	1.9572000000000001	1.9572000000000001	1.9572006403954228e-06	1
3119235893	48	100	0	0	0	1.8384001500134519	1.8383999999999996	1.8383999999999996	1.8384001500134519e-06	1
3124137937	73	10	0	0	0	1.4244000934406456	1.4243999999999992	1.4243999999999992	1.4244000934406451e-06	1
3130959777	48	100	0	0	0	1.8384001500134519	1.8383999999999996	1.8383999999999996	1.8384001500134519e-06	1
3158414791	52	20	0	0	0	0.96880006355341475	0.96879999999999966	0.96879999999999966	9.6880006355341391e-07	1
3163681066	46	20	0	1	0	0.80440005276864335	0.80439999999999989	0.80439999999999989	8.0440005276864424e-07	1
3168447173	72	1	2	0	0	0.30720001953792125	0.30719999999999997	0.43440000000000001	3.0720001953792126e-07	2.7777777777777774e-14
3177553630	18	1	1	0	0	0.14280000879648058	0.14280000000000001	0.20440000000000003	1.4280000879648063e-07	2.7777777777777774e-14
3184957469	76	10	0	0	0	1.4660000961696058	1.4659999999999993	1.4659999999999993	1.4660000961696054e-06	1
3190682517	47	20	0	0	0	0.8460000554976036	0.84599999999999997	0.84599999999999997	8.4600005549760371e-07	1
3197313873	16	100	0	0	0	1.6760001367616106	1.6759999999999993	1.6759999999999993	1.6760001367616105e-06	1
3204318657	73	20	0	0	0	1.4244000934406456	1.4243999999999992	1.4243999999999992	1.4244000934406451e-06	1
3223208257	76	20	0	0	0	1.4660000961696058	1.4659999999999993	1.4659999999999993	1.4660000961696054e-06	1
3268779904	52	20	0	0	0	0.96880006355341475	0.96879999999999966	0.96879999999999966	9.6880006355341391e-07	1
3269898506	11	100	0	0	0	2.0364006663096257	2.0364000000000004	2.0364000000000004	2.0364006663096255e-06	1
3276884040	58	10	1	0	0	1.2976000851225653	1.2975999999999996	1.4287999999999996	1.2976000851225643e-06	2.7777777777777779e-13
3303123443	64	10	1	0	0	1.3392000878515253	1.3391999999999995	1.4703999999999995	1.3392000878515256e-06	2.7777777777777779e-13
3328206761	50	20	0	0	0	0.92920006095564478	0.92919999999999969	0.92919999999999969	9.2920006095564432e-07	1
3329757828	47	10	0	0	0	0.8460000554976036	0.84599999999999997	0.84599999999999997	8.4600005549760371e-07	1
3380358370	39	10	1	0	0	0.72120004731072307	0.72119999999999995	0.85239999999999994	7.212000473107237e-07	2.7777777777777779e-13
3398255300	40	100	0	0	0	2.4820002025312178	2.4820000000000011	2.3988000000000014	2.4820002025312157e-06	1
3410151972	61	50	1	0	0	1.878000153245283	1.8779999999999997	2.2868000000000004	1.8780001532452805e-06	1.3888888888888889e-12
3415911184	58	20	0	0	0	1.2976000851225653	1.2975999999999996	1.2975999999999996	1.2976000851225643e-06	1
3423630185	49	10	0	0	0	0.88760005822656374	0.88759999999999983	0.88759999999999983	8.8760005822656361e-07	1
3454246164	18	2	1	0	0	0.14280000879648058	0.14280000000000001	0.20440000000000003	1.4280000879648063e-07	5.5555555555555549e-14
3473463248	28	100	0	0	0	1.7176001401561709	1.7175999999999993	1.7175999999999993	1.7176001401561721e-06	1
3525089005	49	20	0	0	0	0.88760005822656374	0.88759999999999983	0.88759999999999983	8.8760005822656361e-07	1
3529030402	70	100	1	0	0	2.5612002089939376	2.5612000000000008	2.724400000000001	2.5612002089939399e-06	2.7777777777777777e-12
3571195030	42	20	0	0	0	0.76280005003968321	0.76279999999999992	0.76279999999999992	7.6280005003968328e-07	1
3581205318	38	10	0	0	0	0.38640002457504158	0.38640000000000002	0.38640000000000002	3.8640002457504135e-07	1
3589725963	76	20	3	0	0	1.4660000961696058	1.4659999999999993	1.5971999999999993	1.4660000961696054e-06	5.5555555555555561e-14
3608151669	64	20	0	0	0	1.3392000878515253	1.3391999999999995	1.3391999999999995	1.3392000878515256e-06	1
3609563635	47	20	2	0	0	0.8460000554976036	0.84599999999999997	0.91159999999999997	8.4600005549760371e-07	5.5555555555555559e-13
3613373307	46	20	2	0	0	0.80440005276864335	0.80439999999999989	0.86999999999999988	8.0440005276864424e-07	5.5555555555555559e-13
3613694726	30	2	0	0	0	0.18240001123584071	0.18240000000000001	0.18240000000000001	1.8240001123584087e-07	1
3623575892	1	20	0	0	0	0.50520003213072207	0.50520000000000009	0.50520000000000009	5.0520003213072213e-07	1
3685422949	79	20	0	0	0	1.5532001267411297	1.5531999999999992	1.5531999999999992	1.5532001267411283e-06	1
3698542921	68	10	0	0	0	1.3828000907116851	1.3827999999999994	1.3827999999999994	1.3828000907116854e-06	1
3714391104	12	100	0	0	0	2.3216001894425764	2.3216000000000006	2.2384000000000013	2.3216001894425752e-06	1
3745345959	21	10	0	0	0	0.67960004458176293	0.67959999999999998	0.67959999999999998	6.7960004458176327e-07	1
3751024989	33	100	2	0	0	2.4404001991366573	2.4404000000000008	2.603600000000001	2.4404001991366581e-06	2.7777777777777777e-12
3751227017	20	10	3	0	1.1102230246251565e-16	0.63800004185280379	0.6379999999999999	0.76919999999999988	6.3800004251893708e-07	2.7777777777777781e-14
3769842979	55	10	0	0	0	1.0104003144363747	1.0103999999999995	1.0103999999999995	1.0104003144363748e-06	1
3825574036	79	20	0	0	0	1.5532001267411297	1.5531999999999992	1.5531999999999992	1.5532001267411283e-06	1
3856152228	55	10	0	0	0	1.0104003144363747	1.0103999999999995	1.0103999999999995	1.0104003144363748e-06	1
3856260929	28	50	0	0	0	1.7176001401561709	1.7175999999999993	1.7175999999999993	1.7176001401561721e-06	1
3869265481	68	10	0	0	0	1.3828000907116851	1.3827999999999994	1.3827999999999994	1.3828000907116854e-06	1
3871380910	46	20	0	1	0	0.80440005276864335	0.80439999999999989	0.80439999999999989	8.0440005276864424e-07	1
3871576816	42	10	0	0	0	0.76280005003968321	0.76279999999999992	0.76279999999999992	7.6280005003968328e-07	1
3876357099	8	10	0	0	0	0.54880003490368223	0.54880000000000007	0.54880000000000007	5.488000349036831e-07	1
3910290893	1	20	0	0	0	0.50520003213072207	0.50520000000000009	0.50520000000000009	5.0520003213072213e-07	1
3953609315	10	10	2	0	0	0.59240003767664251	0.59240000000000004	0.65600000000000003	5.9240003767664312e-07	2.7777777777777779e-13
3972461597	72	1	0	0	0	0.30720001953792125	0.30719999999999997	0.30719999999999997	3.0720001953792126e-07	1
4013113359	44	100	0	0	0	1.7572001433875313	1.7571999999999994	1.7571999999999994	1.757200143387531e-06	1
4032774288	12	100	0	0	0	2.3216001894425764	2.3216000000000006	2.2384000000000013	2.3216001894425752e-06	1
4090605664	37	1	0	0	0	0.22200001367520086	0.222	0.222	2.2200001367520061e-07	1
4091518014	67	1000	2	0	0	2.9176002380772852	2.917600000000002	2.9992000000000019	2.9176002380772838e-06	2.7777777777777777e-11
4109339145	80	10	0	0	0	1.5968001302988899	1.5967999999999991	1.5967999999999991	1.5968001302988897e-06	1
4111800878	44	100	2	0	0	1.7572001433875313	1.7571999999999994	1.8387999999999995	1.757200143387531e-06	2.7777777777777777e-12
4125144251	42	10	2	0	0	0.76280005003968321	0.76279999999999992	0.89399999999999991	7.6280005003968328e-07	2.7777777777777779e-13
4141572809	7	100	2	0	0	1.9968006533525242	1.9968000000000001	2.3240000000000003	1.9968006533525243e-06	2.7777777777777777e-12
4182504655	33	100	2	0	0	2.4404001991366573	2.4404000000000008	2.603600000000001	2.4404001991366581e-06	2.7777777777777777e-12
4227007827	40	100	0	0	0	2.4820002025312178	2.4820000000000011	2.3988000000000014	2.4820002025312157e-06	1
4248607731	12	100	0	0	0	2.3216001894425764	2.3216000000000006	2.2384000000000013	2.3216001894425752e-06	1
4254543583	74	10	0	0	0	0.4260000270936018	0.42600000000000005	0.42600000000000005	4.2600002709360156e-07	1
4279011738	78	10	0	0	0	1.5076000988985656	1.5075999999999992	1.5075999999999992	1.5076000988985661e-06	1
4293915922	76	20	0	0	0	1.4660000961696058	1.4659999999999993	1.4659999999999993	1.4660000961696054e-06	1
