base_bandwidth_utilization	0.35486520000000005
expected_bandwidth_utilization	0.35486536996524071

rounded_expected_bandwidth_utilization	0.70973040000000009

bandwidth_utilization_p99	0.35486520000000005

[frame_summary]
frame_id	priority	period_ms	deadline_ms	trans_time_ms	expected_retry_count	expected_tx_count	rounded_expected_retry_count	rounded_expected_tx_count	retry_p99	tx_count_p99	expected_wcrt_ms	p_timeout	wcrt_p95_ms
0	33	50	50	0.041599999999999998	1.6600001354560095e-06	1.0000016600001354	1	2	0	1	1.6600001354560106	0	1.6599999999999997
2	38	100	100	0.039600000000000003	1.8580001516128108e-06	1.0000018580001515	1	2	0	1	1.8580001516128124	0	1.8580000000000001
3	0	1	1	0.039600000000000003	1.0120000603152044e-07	1.0000001012000059	1	2	0	1	0.10120000603152038	0	0.10120000000000001
4	10	10	10	0.041599999999999998	5.0320003099712275e-07	1.000000503200031	1	2	0	1	0.50320003099712196	0	0.50320000000000009
5	11	10	10	0.041599999999999998	5.4480003355968186e-07	1.0000005448000335	1	2	0	1	0.54480003355968221	0	0.54480000000000006
7	1	1	1	0.039600000000000003	1.4080000839168057e-07	1.0000001408000083	1	2	0	1	0.1408000083916805	0	0.14080000000000001
8	51	1000	1000	0.039600000000000003	2.6124002131718575e-06	1.0000026124002133	1	2	0	1	2.6124002131718593	0	2.6124000000000018
10	6	5	5	0.039600000000000003	3.408000209932815e-07	1.0000003408000211	1	2	0	1	0.34080002099328133	0	0.34079999999999999
12	31	20	20	0.039600000000000003	1.5788001288300875e-06	1.0000015788001289	1	2	0	1	1.5788001288300899	0	1.5787999999999993
13	34	50	50	0.039600000000000003	1.6996001386873705e-06	1.0000016996001386	1	2	0	1	1.6996001386873709	0	1.6995999999999998
14	52	1000	1000	0.039600000000000003	2.6520002164032166e-06	1.0000026520002163	1	2	0	1	2.6520002164032195	0	2.6520000000000019
15	53	1000	1000	0.039600000000000003	2.69160021963458e-06	1.0000026916002196	1	2	0	1	2.6916002196345801	0	2.691600000000002
16	12	10	10	0.041599999999999998	5.8640003612224235e-07	1.0000005864000361	1	2	0	1	0.58640003612224245	0	0.58640000000000014
18	13	10	10	0.039600000000000003	6.2600003856160185e-07	1.0000006260000385	1	2	0	1	0.62600003856160247	0	0.62600000000000011
21	14	10	10	0.0436	6.6960004258656244e-07	1.0000006696000425	1	2	0	1	0.6696000425865628	0	0.66960000000000008
22	15	10	10	0.041599999999999998	7.1120004523232337e-07	1.0000007112000453	1	2	0	1	0.71120004523232283	0	0.71119999999999994
23	35	50	50	0.039600000000000003	1.7392001419187319e-06	1.0000017392001419	1	2	0	1	1.7392001419187317	0	1.7391999999999999
25	39	100	100	0.039600000000000003	1.8976001548446398e-06	1.0000018976001548	1	2	0	1	1.8976001548446413	0	1.8976000000000002
26	16	10	10	0.039600000000000003	7.5080004775088299e-07	1.0000007508000477	1	2	0	1	0.75080004775088327	0	0.75080000000000013
27	54	1000	1000	0.039600000000000003	2.7312002228659408e-06	1.0000027312002229	1	2	0	1	2.7312002228659402	0	2.7312000000000021
28	40	100	100	0.039600000000000003	1.9372001580760223e-06	1.0000019372001581	1	2	0	1	1.937200158076021	0	1.9372000000000005
29	2	1	1	0.039600000000000003	1.804000107518408e-07	1.0000001804000107	1	2	0	1	0.18040001075184064	0	0.1804
31	17	10	10	0.039600000000000003	7.9040005026944304e-07	1.0000007904000503	1	2	0	1	0.79040005026944316	0	0.79039999999999999
34	41	100	100	0.039600000000000003	1.9768006349477437e-06	1.000001976800635	1	2	0	1	1.9768006349477443	0	1.9768000000000003
35	55	1000	1000	0.039600000000000003	2.7708002260973008e-06	1.0000027708002261	1	2	0	1	2.7708002260973004	0	2.7708000000000022
36	18	10	10	0.061600000000000002	8.4200006870720473e-07	1.0000008420000688	1	2	0	1	0.84200006870720556	0	0.84199999999999986
37	19	10	10	0.041599999999999998	8.8360007210185862e-07	1.000000883600072	1	2	0	1	0.88360007210185809	0	0.88359999999999972
38	42	100	100	0.039600000000000003	2.0164006476672474e-06	1.0000020164006476	1	2	0	1	2.0164006476672469	0	2.0164000000000009
39	56	1000	1000	0.039600000000000003	2.8104002293286599e-06	1.0000028104002294	1	2	0	1	2.810400229328661	0	2.8104000000000022
40	20	10	10	0.041599999999999998	9.2520007549642632e-07	1.0000009252000754	1	2	0	1	0.92520007549642669	0	0.9251999999999998
41	21	10	10	0.0516	9.7080027404334185e-07	1.0000009708002739	1	2	0	1	0.97080027337720876	1.1102230246251565e-16	0.97079999999999966
42	43	100	100	0.039600000000000003	2.2956001880981317e-06	1.0000022956001882	1	2	0	1	2.295600187320987	1.1102230246251565e-16	2.2956000000000008
44	22	10	10	0.041599999999999998	1.0124002850917592e-06	1.0000010124002852	1	2	0	1	1.0124002850917606	0	1.0123999999999997
46	32	20	20	0.039600000000000003	1.6184001320614506e-06	1.0000016184001321	1	2	0	1	1.6184001320614501	0	1.6183999999999994
47	5	2	2	0.039600000000000003	3.0120001855392136e-07	1.0000003012000185	1	2	0	1	0.3012000185539212	0	0.30120000000000002
48	23	10	10	0.041599999999999998	1.2540001023264066e-06	1.0000012540001024	1	2	0	1	1.2540001023264076	0	1.2539999999999996
49	44	100	100	0.0436	2.3352001905523368e-06	1.0000023352001906	1	2	0	1	2.335200190552337	0	2.3352000000000017
52	36	50	50	0.039600000000000003	1.778800145150093e-06	1.0000017788001452	1	2	0	1	1.7788001451500917	0	1.7787999999999999
53	24	10	10	0.041599999999999998	1.2956001057209675e-06	1.0000012956001056	1	2	0	1	1.2956001057209683	0	1.2955999999999996
55	3	1	1	0.041599999999999998	2.2200001367520096e-07	1.0000002220000137	1	2	0	1	0.22200001367520089	0	0.22200000000000003
56	25	10	10	0.039600000000000003	1.3352001089523282e-06	1.0000013352001089	1	2	0	1	1.3352001089523284	0	1.3351999999999995
57	7	5	5	0.041599999999999998	3.8240002355584172e-07	1.0000003824000236	1	2	0	1	0.38240002355584146	0	0.38240000000000002
59	26	10	10	0.041599999999999998	1.3768001123468901e-06	1.0000013768001124	1	2	0	1	1.3768001123468889	0	1.3767999999999996
60	37	50	50	0.039600000000000003	1.8184001491586106e-06	1.0000018184001491	1	2	0	1	1.8184001483814576	1.1102230246251565e-16	1.8184
61	45	100	100	0.039600000000000003	2.3748001945608525e-06	1.0000023748001945	1	2	0	1	2.3748001937837082	1.1102230246251565e-16	2.3748000000000014
64	46	100	100	0.039600000000000003	2.4144001985693677e-06	1.0000024144001987	1	2	0	1	2.4144001970150795	2.2204460492503131e-16	2.4144000000000014
69	57	1000	1000	0.039600000000000003	2.8104002293286599e-06	1.0000028104002294	1	2	0	1	2.810400229328661	0	2.8104000000000022
70	27	10	10	0.039600000000000003	1.4164001155782497e-06	1.0000014164001156	1	2	0	1	1.4164001155782489	0	1.4163999999999994
71	8	5	5	0.039600000000000003	4.2200002599520186e-07	1.000000422000026	1	2	0	1	0.42200002599520164	0	0.42200000000000004
73	28	10	10	0.039600000000000003	1.4560001188096099e-06	1.0000014560001189	1	2	0	1	1.456000118809609	0	1.4559999999999993
74	47	100	100	0.039600000000000003	2.4540002002464167e-06	1.0000024540002002	1	2	0	1	2.4540002002464174	0	2.4540000000000015
75	48	100	100	0.039600000000000003	2.4936002034777788e-06	1.0000024936002034	1	2	0	1	2.4936002034777784	0	2.4936000000000016
76	4	1	1	0.039600000000000003	2.6160001678069462e-07	1.0000002616000168	1	2	0	1	0.26160001611456113	1.1102230246251565e-16	0.2616
77	29	10	10	0.045600000000000002	1.4996001223673682e-06	1.0000014996001223	1	2	0	1	1.4996001223673692	0	1.4995999999999992
78	9	5	5	0.039600000000000003	4.616000284345621e-07	1.0000004616000284	1	2	0	1	0.46160002843456188	0	0.46160000000000007
79	49	100	100	0.039600000000000003	2.5332002067091409e-06	1.0000025332002067	1	2	0	1	2.533200206709139	0	2.5332000000000017
80	30	10	10	0.039600000000000003	1.5392001255987307e-06	1.0000015392001256	1	2	0	1	1.5392001255987295	0	1.5391999999999992
81	50	100	100	0.039600000000000003	2.5728002099405e-06	1.00000257280021	1	2	0	1	2.5728002099404992	0	2.5728000000000018

[frame_retry_distribution]
frame_id	retry_count	probability
0	0	0.99999834000137777
0	1	1.659997108946516e-06
0	2	1.5132532410341749e-12
0	3	1.0038175289932184e-18
0	4	5.4212084087771914e-25
0	5	2.5300446004050869e-31
2	0	0.9999981420017261
2	1	1.8579963962266932e-06
2	2	1.877691004807108e-12
2	3	1.3692709004027549e-18
2	4	1.1349962385442644e-24
2	5	6.67640875732151e-31
2	6	1.1238076746671069e-37
3	0	0.99999989880000517
3	1	1.0119998372704138e-07
3	2	1.1152237542046581e-14
3	3	1.3223462964096524e-21
3	4	1.651475624726784e-28
3	5	2.1417129426682251e-35
4	0	0.99999949680012667
4	1	5.0319971579272112e-07
4	2	1.5760214127798829e-13
4	3	3.9697756154601111e-20
4	4	8.831160926817431e-27
4	5	1.8158118755599916e-33
5	0	0.99999945520014843
5	1	5.4479966963337992e-07
5	2	1.8196307844862333e-13
5	3	4.8334272063302379e-20
5	4	1.1243055366276703e-26
5	5	2.4012882772133793e-33
7	0	0.99999985920001
7	1	1.4079997178368289e-07
7	2	1.8303995240960604e-14
7	3	2.3969821885910364e-21
7	4	3.1988673734852619e-28
7	5	4.3499847285639739e-35
8	0	0.99999738760341239
8	1	2.6123929622038798e-06
8	2	3.6254786571074848e-12
8	3	3.5544177314391663e-18
8	4	2.7627224104974493e-24
8	5	1.8118197214742026e-30
8	6	8.9822091823953686e-37
10	0	0.99999965920005807
10	1	3.4079986286210781e-07
10	2	7.9065563313570211e-14
10	3	1.5691296200652581e-20
10	4	2.8750554826085329e-27
10	5	5.0322414170632796e-34
12	0	0.99999842120124638
12	1	1.5787973785626533e-06
12	2	1.3751324045172624e-12
12	3	8.7505276699365146e-19
12	4	4.5492181911871968e-25
12	5	2.050037034009644e-31
13	0	0.99999830040144433
13	1	1.6995969726751753e-06
13	2	1.5830044911764874e-12
13	3	1.0709417569014889e-18
13	4	5.8891541726322116e-25
13	5	2.7945856049856138e-31
14	0	0.99999734800351658
14	1	2.6519927505027076e-06
14	2	3.7329446909993201e-12
14	3	3.7090102618035139e-18
14	4	2.9195105848513144e-24
14	5	1.9376556603985756e-30
14	6	1.27847009020285e-36
15	0	0.99999730840362244
15	1	2.6915925356652321e-06
15	2	3.8419788719030761e-12
15	3	3.8680174509928996e-18
15	4	3.082873279333219e-24
15	5	2.0703819863606575e-30
15	6	1.4162529255624653e-36
16	0	0.99999941360017197
16	1	5.8639962001292319e-07
16	2	2.0805457236442354e-13
16	3	5.8126800441927526e-20
16	4	1.4112517963877331e-26
16	5	3.127083962473305e-33
18	0	0.99999937400019601
18	1	6.2599956956254745e-07
18	2	2.3449942431296575e-13
18	3	6.8588327161895345e-20
18	4	1.7318476448330596e-26
18	5	3.9699061567766075e-33
21	0	0.99999933040022415
21	1	6.6959950904945966e-07
21	2	2.6676842743883276e-13
21	3	8.2616087573087644e-20
21	4	2.2009983432365853e-26
21	5	5.3083329132649416e-33
22	0	0.99999928880025291
22	1	7.1119944896245386e-07
22	2	2.9813479004368827e-13
22	3	9.6439107145220009e-20
22	4	2.6679141974535642e-26
22	5	6.6498097958080649e-33
23	0	0.99999826080151244
23	1	1.7391968332675236e-06
23	2	1.6543238928112354e-12
23	3	1.1409871421459329e-18
23	4	6.3866917936958949e-25
23	5	4.6110079735775198e-31
23	6	6.4820981007795373e-38
25	0	0.99999810240180043
25	1	1.8975962442737955e-06
25	2	1.9552825420628692e-12
25	3	1.9201075406450575e-18
25	4	1.3119161272844243e-24
25	5	7.4360937468468638e-31
25	6	2.4049655564367657e-37
26	0	0.99999924920028194
26	1	7.5079938854872888e-07
26	2	3.2960091061027424e-13
26	3	1.1094443027600852e-19
26	4	3.1773863496916556e-26
26	5	8.1644774504465386e-33
27	0	0.99999726880372974
27	1	2.7311923176914472e-06
27	2	3.9525811996324269e-12
27	3	4.0315013974340004e-18
27	4	3.252990960350063e-24
27	5	2.8608755408725037e-30
27	6	1.6165206814467148e-36
28	0	0.99999806280187642
28	1	1.9371960891845892e-06
28	2	2.0344426793985696e-12
28	3	2.0246569391754961e-18
28	4	1.4026710233546177e-24
28	5	8.0587912564419191e-31
28	6	2.6749101710365384e-37
29	0	0.99999981960001627
29	1	1.8039995670400535e-07
29	2	2.7023911903634785e-14
29	3	3.8793394492076876e-21
29	4	5.5213481001709298e-28
29	5	7.8744422567693165e-35
31	0	0.99999920960031241
31	1	7.9039932499868802e-07
31	2	3.6263518724579918e-13
31	3	1.2682659538701707e-19
31	4	3.7560783343217639e-26
31	5	1.7453643316526788e-32
34	0	0.99999802320195397
34	1	1.9767954573188196e-06
34	2	2.5888111196577299e-12
34	3	2.2282669338093429e-18
34	4	1.5165415944722117e-24
34	5	8.7581385319787668e-31
34	6	2.9689977559067742e-37
35	0	0.99999722920383871
35	1	2.7707920965813542e-06
35	2	4.0647516740010984e-12
35	3	4.199524199543747e-18
35	4	3.4300484697815973e-24
35	5	3.043637826023358e-30
35	6	1.7432861428001563e-36
36	0	0.99999915800035444
36	1	8.4199922232915825e-07
36	2	4.2318877461042998e-13
36	3	1.6575229172314734e-19
36	4	8.9110094155429119e-26
36	5	3.4342565545733536e-32
37	0	0.9999991164003903
37	1	8.8359914714969177e-07
37	2	4.6247566338498499e-13
37	3	2.8000754344040035e-19
37	4	1.1952247280719521e-25
37	5	4.3397090496028411e-32
38	0	0.99999798360203296
38	1	2.0163952864688708e-06
38	2	2.6805956750951024e-12
38	3	2.3421282919289156e-18
38	4	1.6170050028708831e-24
38	5	9.4652593171568878e-31
38	6	3.2888786779516259e-37
39	0	0.99999718960394923
39	1	2.8103918723349541e-06
39	2	4.1784902948227869e-12
39	3	4.3721470812996661e-18
39	4	4.4886605711061658e-24
39	5	3.39437077172457e-30
39	6	1.8780470125923804e-36
40	0	0.99999907480042804
40	1	9.2519906850910837e-07
40	2	5.0349319129895533e-13
40	3	3.1178272085737966e-19
40	4	1.3608603871406343e-25
40	5	5.0461165154826848e-32
41	0	0.99999902920047112
41	1	9.7079878417084138e-07
41	2	7.4460260669946025e-13
41	3	3.8443679943888184e-19
41	4	1.6250768970054661e-25
41	5	6.0391328485818998e-32
41	6	1.1102230246251565e-16
42	0	0.9999977044026348
42	1	2.2955945429061668e-06
42	2	2.82220370075701e-12
42	3	2.4691533917707562e-18
42	4	1.7241771995626531e-24
42	5	1.0220769351728282e-30
42	6	3.8551509757617524e-37
42	7	1.1102230246251565e-16
44	0	0.99999898760051253
44	1	1.0123986899552461e-06
44	2	7.9756762286522359e-13
44	3	4.2247927683208178e-19
44	4	1.8285342650771728e-25
44	5	6.9427362458872294e-32
46	0	0.9999983816013096
46	1	1.6183972487223385e-06
46	2	1.441668151521735e-12
46	3	9.3638136300195249e-19
46	4	4.9601935233335897e-25
46	5	2.274073748566823e-31
47	0	0.99999969880004536
47	1	3.0119989072466003e-07
47	2	6.3914612874632608e-14
47	3	1.185703343748037e-20
47	4	2.0607903232197147e-27
47	5	3.4571090508976394e-34
48	0	0.9999987460007862
48	1	1.2539983251587168e-06
48	2	8.8858314069908106e-13
48	3	4.6949719727707312e-19
48	4	2.0624653995745437e-25
48	5	7.9733297777278274e-32
49	0	0.99999766480272656
49	1	2.3351943562954611e-06
49	2	2.9171245518469224e-12
49	3	2.5906641960777689e-18
49	4	1.8345943341820165e-24
49	5	1.1019745321470959e-30
49	6	4.7872549915598075e-37
52	0	0.9999982212015821
52	1	1.7787966907235596e-06
52	2	1.7272114457521189e-12
52	3	1.214015783389846e-18
52	4	6.9150439510239115e-25
52	5	5.0467004150929419e-31
52	6	7.1943916107841549e-38
53	0	0.99999870440083938
53	1	1.2955982157009076e-06
53	2	9.4500926141948463e-13
53	3	5.1237276848971217e-19
53	4	2.303623725797944e-25
53	5	9.0940965574076281e-32
55	0	0.99999977800002471
55	1	2.2199993704080903e-07
55	2	3.8317186772904858e-14
55	3	6.1229883891678261e-21
55	4	9.5058769565662028e-28
55	5	1.4597383508632463e-34
56	0	0.99999866480089139
56	1	1.3351981082899795e-06
56	2	1.0003303411038951e-12
56	3	5.5553133559313078e-19
56	4	2.5521947497041588e-25
56	5	1.0274324377180324e-31
57	0	0.99999961760007317
57	1	3.8239983021443793e-07
57	2	9.6670671123296466e-14
57	3	2.0504011239454905e-20
57	4	3.9613568617252294e-27
57	5	7.2400158101909725e-34
59	0	0.99999862320094779
59	1	1.3767979920763452e-06
59	2	1.0601343673918189e-12
59	3	6.0340148415802755e-19
59	4	2.8343652918041681e-25
59	5	1.1642524225840068e-31
60	0	0.99999818160165321
60	1	1.8183965450432845e-06
60	2	1.8016671498128446e-12
60	3	1.2900894701812152e-18
60	4	1.0566507687758763e-24
60	5	6.1368883737808809e-31
60	6	7.9638360169450954e-38
60	7	1.1102230246251565e-16
61	0	0.99999762520281976
61	1	2.3747941665484449e-06
61	2	3.013613551439105e-12
61	3	2.7160928714418009e-18
61	4	1.9502255801673374e-24
61	5	1.1867864727867888e-30
61	6	5.2994817828988891e-37
61	7	1.1102230246251565e-16
64	0	0.99999758560291452
64	1	2.4143939736651205e-06
64	2	3.1116706993472715e-12
64	3	2.8455015163683134e-18
64	4	2.0712323817905001e-24
64	5	1.2767357668022039e-30
64	6	5.8026791096273656e-37
64	7	2.2204460492503131e-16
69	0	0.99999718960394923
69	1	2.8103918723349541e-06
69	2	4.1784902948227869e-12
69	3	4.3721470812996661e-18
69	4	4.4886605711061658e-24
69	5	3.39437077172457e-30
69	6	1.8780470125923804e-36
70	0	0.99999858360100313
70	1	1.4163978782343895e-06
70	2	1.1186709529459675e-12
70	3	6.5144505402124519e-19
70	4	3.1240399090666466e-25
70	5	1.3076280271541146e-31
71	0	0.9999995780000891
71	1	4.2199979592084958e-07
71	2	1.1503713728173582e-13
71	3	2.5897156498933993e-20
71	4	5.2506158185992047e-27
71	5	9.9867085488801023e-34
73	0	0.99999854400106003
73	1	1.4559977612561213e-06
73	2	1.178775691324856e-12
73	3	7.019656814024197e-19
73	4	3.4353016632620755e-25
73	5	1.4647484242207213e-31
74	0	0.99999754600301105
74	1	2.453993777645489e-06
74	2	3.2112959953851266e-12
74	3	2.9789522293528761e-18
74	4	2.197778642416711e-24
74	5	1.3720521140618629e-30
74	6	6.3442575869785076e-37
75	0	0.99999750640310914
75	1	2.4935935784895507e-06
75	2	3.3124894393663762e-12
75	3	3.1165071088812511e-18
75	4	2.3300307245040908e-24
75	5	1.4729719385802907e-30
75	6	6.9610108719505477e-37
76	0	0.9999997384000342
76	1	2.615999154508935e-07
76	2	5.033182063231166e-14
76	3	8.6882971775432819e-21
76	4	1.4289512548925796e-27
76	5	2.2947543998569062e-34
76	6	1.1102230246251565e-16
77	0	0.99999850040112437
77	1	1.4995976288343529e-06
77	2	1.2467653668768236e-12
77	3	7.6052865124199651e-19
77	4	3.804220807157126e-25
77	5	1.6547892919475648e-31
78	0	0.99999953840010669
78	1	4.615997584909435e-07
78	2	1.3497176106849134e-13
78	3	3.2145261610629567e-20
78	4	6.8258073081267209e-27
78	5	1.3494118032864198e-33
79	0	0.99999746680320867
79	1	2.5331933761973039e-06
79	2	3.4152510311047159e-12
79	3	3.2582282534293554e-18
79	4	2.4681574496031632e-24
79	5	1.5797385079198261e-30
79	6	7.5883268391393778e-37
80	0	0.9999984608011846
80	1	1.539197505266662e-06
80	2	1.3101648095735292e-12
80	3	8.1645589597471573e-19
80	4	4.164267332154406e-25
80	5	1.8439761416717198e-31
81	0	0.99999742720330975
81	1	2.5727931707687465e-06
81	2	3.5195807704138484e-12
81	3	3.4041777614632306e-18
81	4	2.6123300983563132e-24
81	5	1.6926020241607242e-30
81	6	8.2612027869755587e-37

[frame_retry_cdf]
frame_id	retry_count	cumulative_probability
0	0	0.99999834000137777
0	1	0.99999999999848677
0	2	1
0	3	1
0	4	1
0	5	1
2	0	0.9999981420017261
2	1	0.99999999999812228
2	2	1
2	3	1
2	4	1
2	5	1
2	6	1
3	0	0.99999989880000517
3	1	0.9999999999999889
3	2	1
3	3	1
3	4	1
3	5	1
4	0	0.99999949680012667
4	1	0.99999999999984246
4	2	1
4	3	1
4	4	1
4	5	1
5	0	0.99999945520014843
5	1	0.99999999999981803
5	2	1
5	3	1
5	4	1
5	5	1
7	0	0.99999985920001
7	1	0.99999999999998179
7	2	1
7	3	1
7	4	1
7	5	1
8	0	0.99999738760341239
8	1	0.99999999999637457
8	2	1
8	3	1
8	4	1
8	5	1
8	6	1
10	0	0.99999965920005807
10	1	0.99999999999992095
10	2	1
10	3	1
10	4	1
10	5	1
12	0	0.99999842120124638
12	1	0.99999999999862499
12	2	1
12	3	1
12	4	1
12	5	1
13	0	0.99999830040144433
13	1	0.99999999999841704
13	2	1
13	3	1
13	4	1
13	5	1
14	0	0.99999734800351658
14	1	0.9999999999962671
14	2	1
14	3	1
14	4	1
14	5	1
14	6	1
15	0	0.99999730840362244
15	1	0.99999999999615807
15	2	1
15	3	1
15	4	1
15	5	1
15	6	1
16	0	0.99999941360017197
16	1	0.99999999999979194
16	2	1
16	3	1
16	4	1
16	5	1
18	0	0.99999937400019601
18	1	0.99999999999976552
18	2	1
18	3	1
18	4	1
18	5	1
21	0	0.99999933040022415
21	1	0.99999999999973321
21	2	1
21	3	1
21	4	1
21	5	1
22	0	0.99999928880025291
22	1	0.99999999999970191
22	2	1
22	3	1
22	4	1
22	5	1
23	0	0.99999826080151244
23	1	0.99999999999834566
23	2	1
23	3	1
23	4	1
23	5	1
23	6	1
25	0	0.99999810240180043
25	1	0.99999999999804468
25	2	1
25	3	1
25	4	1
25	5	1
25	6	1
26	0	0.99999924920028194
26	1	0.99999999999967049
26	2	1
26	3	1
26	4	1
26	5	1
27	0	0.99999726880372974
27	1	0.99999999999604738
27	2	1
27	3	1
27	4	1
27	5	1
27	6	1
28	0	0.99999806280187642
28	1	0.99999999999796563
28	2	1
28	3	1
28	4	1
28	5	1
28	6	1
29	0	0.99999981960001627
29	1	0.99999999999997302
29	2	1
29	3	1
29	4	1
29	5	1
31	0	0.99999920960031241
31	1	0.9999999999996374
31	2	1
31	3	1
31	4	1
31	5	1
34	0	0.99999802320195397
34	1	0.99999999999741129
34	2	1
34	3	1
34	4	1
34	5	1
34	6	1
35	0	0.99999722920383871
35	1	0.99999999999593525
35	2	1
35	3	1
35	4	1
35	5	1
35	6	1
36	0	0.99999915800035444
36	1	0.99999999999957678
36	2	1
36	3	1
36	4	1
36	5	1
37	0	0.9999991164003903
37	1	0.99999999999953748
37	2	1
37	3	1
37	4	1
37	5	1
38	0	0.99999798360203296
38	1	0.99999999999731948
38	2	1
38	3	1
38	4	1
38	5	1
38	6	1
39	0	0.99999718960394923
39	1	0.99999999999582156
39	2	1
39	3	1
39	4	1
39	5	1
39	6	1
40	0	0.99999907480042804
40	1	0.99999999999949651
40	2	1
40	3	1
40	4	1
40	5	1
41	0	0.99999902920047112
41	1	0.99999999999925526
41	2	0.99999999999999989
41	3	0.99999999999999989
41	4	0.99999999999999989
41	5	0.99999999999999989
41	6	1
42	0	0.9999977044026348
42	1	0.9999999999971777
42	2	0.99999999999999989
42	3	0.99999999999999989
42	4	0.99999999999999989
42	5	0.99999999999999989
42	6	0.99999999999999989
42	7	1
44	0	0.99999898760051253
44	1	0.99999999999920253
44	2	1
44	3	1
44	4	1
44	5	1
46	0	0.9999983816013096
46	1	0.99999999999855838
46	2	1
46	3	1
46	4	1
46	5	1
47	0	0.99999969880004536
47	1	0.99999999999993605
47	2	1
47	3	1
47	4	1
47	5	1
48	0	0.9999987460007862
48	1	0.99999999999911138
48	2	1
48	3	1
48	4	1
48	5	1
49	0	0.99999766480272656
49	1	0.99999999999708289
49	2	1
49	3	1
49	4	1
49	5	1
49	6	1
52	0	0.9999982212015821
52	1	0.99999999999827283
52	2	1
52	3	1
52	4	1
52	5	1
52	6	1
53	0	0.99999870440083938
53	1	0.99999999999905509
53	2	1
53	3	1
53	4	1
53	5	1
55	0	0.99999977800002471
55	1	0.9999999999999617
55	2	1
55	3	1
55	4	1
55	5	1
56	0	0.99999866480089139
56	1	0.99999999999899969
56	2	1
56	3	1
56	4	1
56	5	1
57	0	0.99999961760007317
57	1	0.99999999999990341
57	2	1
57	3	1
57	4	1
57	5	1
59	0	0.99999862320094779
59	1	0.99999999999893985
59	2	1
59	3	1
59	4	1
59	5	1
60	0	0.99999818160165321
60	1	0.99999999999819822
60	2	0.99999999999999989
60	3	0.99999999999999989
60	4	0.99999999999999989
60	5	0.99999999999999989
60	6	0.99999999999999989
60	7	1
61	0	0.99999762520281976
61	1	0.9999999999969863
61	2	0.99999999999999989
61	3	0.99999999999999989
61	4	0.99999999999999989
61	5	0.99999999999999989
61	6	0.99999999999999989
61	7	1
64	0	0.99999758560291452
64	1	0.99999999999688816
64	2	0.99999999999999978
64	3	0.99999999999999978
64	4	0.99999999999999978
64	5	0.99999999999999978
64	6	0.99999999999999978
64	7	1
69	0	0.99999718960394923
69	1	0.99999999999582156
69	2	1
69	3	1
69	4	1
69	5	1
69	6	1
70	0	0.99999858360100313
70	1	0.99999999999888134
70	2	1
70	3	1
70	4	1
70	5	1
71	0	0.9999995780000891
71	1	0.99999999999988498
71	2	1
71	3	1
71	4	1
71	5	1
73	0	0.99999854400106003
73	1	0.99999999999882128
73	2	1
73	3	1
73	4	1
73	5	1
74	0	0.99999754600301105
74	1	0.99999999999678868
74	2	1
74	3	1
74	4	1
74	5	1
74	6	1
75	0	0.99999750640310914
75	1	0.99999999999668765
75	2	1
75	3	1
75	4	1
75	5	1
75	6	1
76	0	0.9999997384000342
76	1	0.9999999999999496
76	2	0.99999999999999989
76	3	0.99999999999999989
76	4	0.99999999999999989
76	5	0.99999999999999989
76	6	1
77	0	0.99999850040112437
77	1	0.99999999999875322
77	2	1
77	3	1
77	4	1
77	5	1
78	0	0.99999953840010669
78	1	0.99999999999986522
78	2	1
78	3	1
78	4	1
78	5	1
79	0	0.99999746680320867
79	1	0.99999999999658484
79	2	1
79	3	1
79	4	1
79	5	1
79	6	1
80	0	0.9999984608011846
80	1	0.99999999999868983
80	2	1
80	3	1
80	4	1
80	5	1
81	0	0.99999742720330975
81	1	0.99999999999648048
81	2	1
81	3	1
81	4	1
81	5	1
81	6	1

[frame_wcrt_distribution]
frame_id	response_time_ms	probability
0	1.6599999999999997	0.99999834000137777
0	1.7415999999999996	1.659997108946516e-06
0	1.8231999999999997	1.5132532410341749e-12
0	1.8680000000000003	1.0382104335251053e-39
0	1.9047999999999998	1.0038175289932184e-18
0	1.9863999999999997	5.4212084087771914e-25
0	2.0679999999999996	2.5300445900229822e-31
2	1.8580000000000001	0.9999981420017261
2	1.9396	1.8579963962266932e-06
2	2.0212000000000003	1.877691004807108e-12
2	2.0660000000000007	8.1151147711214807e-40
2	2.266	1.1825734392407394e-31
2	2.3424000000000005	1.3692709004027549e-18
2	2.4240000000000004	1.1349962385442644e-24
2	2.5056000000000003	5.4938353099656564e-31
2	2.5872000000000002	1.1238076746671069e-37
3	0.10120000000000001	0.99999989880000517
3	0.1608	1.0119998372704138e-07
3	0.22040000000000001	1.1152237542046581e-14
3	0.28000000000000003	1.3223462964096524e-21
3	0.33960000000000001	1.651475624726784e-28
3	0.3992	2.1417129426682251e-35
4	0.50320000000000009	0.99999949680012667
4	0.56480000000000008	5.0319971579272112e-07
4	0.62640000000000007	1.5760214127798829e-13
4	0.68800000000000017	3.9697756154601111e-20
4	0.74960000000000004	8.831160926817431e-27
4	0.81120000000000014	1.8158118755599916e-33
5	0.54480000000000006	0.99999945520014843
5	0.60640000000000005	5.4479966963337992e-07
5	0.66800000000000004	1.8196307844862333e-13
5	0.72960000000000003	4.8334272063302379e-20
5	0.79120000000000013	1.1243055366276703e-26
5	0.8528	2.4012882772133793e-33
7	0.14080000000000001	0.99999985920001
7	0.20040000000000002	1.4079997178368289e-07
7	0.26000000000000001	1.8303995240960604e-14
7	0.3196	2.3969821885910364e-21
7	0.37919999999999998	3.1988673734852619e-28
7	0.43879999999999997	4.3499847285639739e-35
8	2.5808000000000018	8.1151147711214807e-40
8	2.6124000000000018	0.99999738760341239
8	2.6940000000000017	2.6123929622038798e-06
8	2.7756000000000016	3.6254786571074848e-12
8	2.857200000000002	3.5544177314391663e-18
8	2.9388000000000019	2.7627224104974493e-24
8	3.0204000000000018	1.811819720662691e-30
8	3.1020000000000021	8.9822091823953686e-37
10	0.34079999999999999	0.99999965920005807
10	0.40239999999999998	3.4079986286210781e-07
10	0.46399999999999997	7.9065563313570211e-14
10	0.52560000000000007	1.5691296200652581e-20
10	0.58719999999999994	2.8750554826085329e-27
10	0.64880000000000004	5.0322414170632796e-34
12	1.5787999999999993	0.99999842120124638
12	1.6603999999999992	1.5787973785626533e-06
12	1.7419999999999993	1.3751324045172624e-12
12	1.7867999999999999	8.1151147711214807e-40
12	1.8235999999999994	8.7505276699365146e-19
12	1.9051999999999993	4.5492181911871968e-25
12	1.9867999999999992	2.0500370258945292e-31
13	1.6995999999999998	0.99999830040144433
13	1.7811999999999997	1.6995969726751753e-06
13	1.8627999999999998	1.5830044911764874e-12
13	1.9076000000000004	8.1151147711214807e-40
13	1.9443999999999999	1.0709417569014889e-18
13	2.0259999999999998	5.8891541726322116e-25
13	2.1075999999999997	2.7945855968704982e-31
14	2.6204000000000018	8.1151147711214807e-40
14	2.6520000000000019	0.99999734800351658
14	2.7336000000000018	2.6519927505027076e-06
14	2.8152000000000017	3.7329446909993201e-12
14	2.896800000000002	3.7090102618035139e-18
14	2.9784000000000019	2.9195105848513144e-24
14	3.0600000000000018	4.2231659931210221e-31
14	3.1416000000000022	5.0994504179369201e-37
14	3.2600000000000011	1.5153390602749618e-30
14	3.3416000000000015	7.6852504840915804e-37
15	2.6600000000000019	8.1151147711214807e-40
15	2.691600000000002	0.99999730840362244
15	2.7732000000000019	2.6915925356652321e-06
15	2.8548000000000018	3.8419788719030761e-12
15	2.9364000000000021	3.8680174509928996e-18
15	3.018000000000002	3.082873279333219e-24
15	3.0996000000000019	3.4051858814682693e-31
15	3.1812000000000022	5.5628272028770247e-37
15	3.2996000000000012	1.7298633974023195e-30
15	3.3812000000000015	8.5997020527476289e-37
16	0.58640000000000014	0.99999941360017197
16	0.64800000000000013	5.8639962001292319e-07
16	0.70960000000000012	2.0805457236442354e-13
16	0.77120000000000011	5.8126800441927526e-20
16	0.83280000000000021	1.4112517963877331e-26
16	0.89440000000000008	3.127083962473305e-33
18	0.62600000000000011	0.99999937400019601
18	0.6876000000000001	6.2599956956254745e-07
18	0.74920000000000009	2.3449942431296575e-13
18	0.81080000000000019	6.8588327161895345e-20
18	0.87240000000000006	1.7318476448330596e-26
18	0.93400000000000016	3.9699061567766075e-33
21	0.66960000000000008	0.99999933040022415
21	0.73320000000000007	6.6959950904945966e-07
21	0.79680000000000006	2.6676842743883276e-13
21	0.86040000000000005	8.2616087573087644e-20
21	0.92400000000000015	2.2009983432365853e-26
21	0.98760000000000003	5.3083329132649416e-33
22	0.71119999999999994	0.99999928880025291
22	0.77479999999999993	7.1119944896245386e-07
22	0.83839999999999992	2.9813479004368827e-13
22	0.90199999999999991	9.6439107145220009e-20
22	0.96560000000000001	2.6679141974535642e-26
22	1.0291999999999999	6.6498097958080649e-33
23	1.7391999999999999	0.99999826080151244
23	1.8207999999999998	1.7391968332675236e-06
23	1.9023999999999999	1.6543238928112354e-12
23	1.9472000000000005	8.1151147711214807e-40
23	1.984	1.1409871421459329e-18
23	2.1471999999999998	1.4511286162660146e-31
23	2.3052000000000001	6.3866917936958949e-25
23	2.3868	3.159879349196389e-31
23	2.4683999999999999	6.4820981007795373e-38
25	1.8976000000000002	0.99999810240180043
25	1.9792000000000001	1.8975962442737955e-06
25	2.1056000000000008	8.1151147711214807e-40
25	2.3004000000000007	1.9552825420628692e-12
25	2.3056000000000001	1.6358967591175936e-32
25	2.3820000000000006	1.9201075406450575e-18
25	2.3872	2.8851867137111889e-38
25	2.4636000000000005	1.3119161272844243e-24
25	2.5452000000000004	7.2725040628199884e-31
25	2.6268000000000002	2.1164468850656464e-37
26	0.75080000000000013	0.99999924920028194
26	0.81440000000000012	7.5079938854872888e-07
26	0.87800000000000011	3.2960091061027424e-13
26	0.94160000000000021	1.1094443027600852e-19
26	1.0052000000000001	3.1773863496916556e-26
26	1.0688000000000002	8.1644774504465386e-33
27	2.699600000000002	8.1151147711214807e-40
27	2.7312000000000021	0.99999726880372974
27	2.812800000000002	2.7311923176914472e-06
27	2.8944000000000019	3.9525811996324269e-12
27	2.9760000000000022	4.0315013974340004e-18
27	3.139200000000002	1.8292477006332136e-31
27	3.2208000000000023	2.8286849310800761e-37
27	3.2576000000000014	3.252990960350063e-24
27	3.3392000000000013	2.6779507699976713e-30
27	3.4208000000000016	1.3336521883387071e-36
28	1.9372000000000005	0.99999806280187642
28	2.0188000000000006	1.9371960891845892e-06
28	2.1452000000000013	8.1151147711214807e-40
28	2.3400000000000007	2.0344426793985696e-12
28	2.3452000000000006	1.7846144091861934e-32
28	2.4216000000000011	2.0246569391754961e-18
28	2.4268000000000005	3.3241372609330839e-38
28	2.503200000000001	1.4026710233546177e-24
28	2.5848000000000009	7.8803298074081897e-31
28	2.6664000000000012	2.3424964449432301e-37
29	0.1804	0.99999981960001627
29	0.23999999999999999	1.8039995670400535e-07
29	0.29959999999999998	2.7023911903634785e-14
29	0.35920000000000002	3.8793394492076876e-21
29	0.41880000000000001	5.5213481001709298e-28
29	0.47839999999999999	7.8744422567693165e-35
31	0.79039999999999999	0.99999920960031241
31	0.85399999999999998	7.9039932499868802e-07
31	0.91759999999999997	3.6263518724579918e-13
31	0.98120000000000007	1.2682659538701707e-19
31	1.1084000000000001	4.394258548209854e-33
31	1.2448000000000004	3.7560783343217639e-26
31	1.3084000000000005	1.305938476831693e-32
34	1.9768000000000003	0.99999802320195397
34	2.184800000000001	8.1151147711214807e-40
34	2.2980000000000005	1.9767954573188196e-06
34	2.3796000000000008	2.5888111196577299e-12
34	2.3848000000000003	1.8975951109976164e-32
34	2.4612000000000007	2.2282669338093429e-18
34	2.4664000000000001	3.8173823050006454e-38
34	2.5428000000000006	1.5165415944722117e-24
34	2.6244000000000005	8.5683790127638918e-31
34	2.7060000000000004	2.5872595254067097e-37
35	2.7392000000000021	8.1151147711214807e-40
35	2.7708000000000022	0.99999722920383871
35	2.852400000000002	2.7707920965813542e-06
35	2.9340000000000019	4.0647516740010984e-12
35	3.0156000000000023	4.199524199543747e-18
35	3.1788000000000021	1.9080480112978083e-31
35	3.2604000000000024	3.0830287895430227e-37
35	3.2972000000000015	3.4300484697815973e-24
35	3.3788000000000014	2.8528330240820662e-30
35	3.4604000000000017	1.4349832638458542e-36
36	0.84199999999999986	0.99999915800035444
36	0.92359999999999987	8.4199922232915825e-07
36	1.0051999999999999	4.2318877461042998e-13
36	1.25	4.3275431976385308e-33
36	1.2868000000000004	1.6575229172314734e-19
36	1.3684000000000003	8.9110094155429119e-26
36	1.4500000000000002	3.0015022348095013e-32
37	0.88359999999999972	0.9999991164003903
37	0.96519999999999972	8.8359914714969177e-07
37	1.2468000000000001	4.6247566338498499e-13
37	1.2915999999999999	4.7896372403288626e-33
37	1.3284000000000002	2.8000754344040035e-19
37	1.4100000000000001	1.1952247280719521e-25
37	1.4916	3.8607453255699545e-32
38	2.0164000000000009	0.99999798360203296
38	2.2244000000000015	8.1151147711214807e-40
38	2.3376000000000015	2.0163952864688708e-06
38	2.4192000000000018	2.6805956750951024e-12
38	2.4244000000000008	2.0637480894107603e-32
38	2.5008000000000017	2.3421282919289156e-18
38	2.5060000000000011	4.3701665441311496e-38
38	2.5824000000000016	1.6170050028708831e-24
38	2.6640000000000015	9.2588845001006973e-31
38	2.7456000000000014	2.8518620235385109e-37
39	2.7788000000000017	8.1151147711214807e-40
39	2.8104000000000022	0.99999718960394923
39	2.8920000000000021	2.8103918723349541e-06
39	2.973600000000002	4.1784902948227869e-12
39	3.2184000000000021	1.6699701191738512e-31
39	3.2552000000000012	4.3721470812996661e-18
39	3.3000000000000025	2.229172519090076e-37
39	3.3368000000000011	4.4886605711061658e-24
39	3.418400000000001	3.2273737589956731e-30
39	3.5000000000000009	1.6551297606833729e-36
40	0.9251999999999998	0.99999907480042804
40	1.0067999999999997	9.2519906850910837e-07
40	1.2884	5.0349319129895533e-13
40	1.3331999999999997	5.9944454643662048e-33
40	1.3700000000000001	3.1178272085737966e-19
40	1.4516	1.3608603871406343e-25
40	1.5331999999999999	4.4466719690460652e-32
41	0.97079999999999966	0.99999902920047112
41	1.2523999999999997	9.7079878417084138e-07
41	1.3339999999999999	7.4460260669946025e-13
41	1.3787999999999996	5.4685054948047421e-33
41	1.4156	3.8443679943888184e-19
41	1.4971999999999999	1.6250768970054661e-25
41	1.5787999999999998	5.492282299101423e-32
41	10.0816	1.1102230246251565e-16
42	2.2640000000000011	8.1151147711214807e-40
42	2.2956000000000008	0.9999977044026348
42	2.3772000000000006	2.2955945429061668e-06
42	2.458800000000001	2.82220370075701e-12
42	2.4640000000000004	2.2426300249044382e-32
42	2.5404000000000009	2.4691533917707562e-18
42	2.5456000000000003	4.9881058046335547e-38
42	2.6220000000000008	1.7241771995626531e-24
42	2.7036000000000007	9.9965063411227223e-31
42	2.7852000000000006	3.3563403952983969e-37
42	100.08159999999999	1.1102230246251565e-16
44	1.0123999999999997	0.99999898760051253
44	1.294	1.0123986899552461e-06
44	1.3755999999999999	7.9756762286522359e-13
44	1.4203999999999999	7.1856691206579327e-33
44	1.4571999999999998	4.2247927683208178e-19
44	1.5387999999999999	1.8285342650771728e-25
44	1.6204000000000001	6.2241693338214371e-32
46	1.6183999999999994	0.9999983816013096
46	1.6999999999999993	1.6183972487223385e-06
46	1.7815999999999994	1.441668151521735e-12
46	1.8264	8.1151147711214807e-40
46	1.8631999999999995	9.3638136300195249e-19
46	1.9447999999999994	4.9601935233335897e-25
46	2.0263999999999993	2.2740737404517083e-31
47	0.30120000000000002	0.99999969880004536
47	0.36280000000000001	3.0119989072466003e-07
47	0.4244	6.3914612874632608e-14
47	0.48600000000000004	1.185703343748037e-20
47	0.54760000000000009	2.0607903232197147e-27
47	0.60919999999999996	3.4571090508976394e-34
48	1.2539999999999996	0.9999987460007862
48	1.3355999999999995	1.2539983251587168e-06
48	1.4171999999999996	8.8858314069908106e-13
48	1.4619999999999997	1.0382104335251053e-39
48	1.4987999999999997	4.6949719727707312e-19
48	1.5803999999999996	2.0624653995745437e-25
48	1.6619999999999995	7.9733296739067825e-32
49	2.3036000000000012	1.312959050936332e-39
49	2.3352000000000017	0.99999766480272656
49	2.4168000000000016	2.3351943562954611e-06
49	2.498400000000002	2.9171245518469224e-12
49	2.5036000000000009	2.5394574387998273e-32
49	2.5800000000000018	2.5906641960777689e-18
49	2.5852000000000013	5.6041864327541514e-38
49	2.6616000000000017	1.8345943341820165e-24
49	2.7432000000000016	1.0765799564461385e-30
49	2.8248000000000015	4.2268363482843919e-37
52	1.7787999999999999	0.9999982212015821
52	1.8603999999999998	1.7787966907235596e-06
52	1.9419999999999999	1.7272114457521189e-12
52	1.9868000000000006	8.1151147711214807e-40
52	2.0236000000000001	1.214015783389846e-18
52	2.1867999999999999	1.6031161521068273e-31
52	2.3448000000000002	6.9150439510239115e-25
52	2.4264000000000001	3.4435842548709948e-31
52	2.508	7.1943916107841549e-38
53	1.2955999999999996	0.99999870440083938
53	1.3771999999999998	1.2955982157009076e-06
53	1.4587999999999997	9.4500926141948463e-13
53	1.5035999999999996	1.0382104335251053e-39
53	1.5403999999999995	5.1237276848971217e-19
53	1.6219999999999997	2.303623725797944e-25
53	1.7035999999999998	9.0940964535865853e-32
55	0.22200000000000003	0.99999977800002471
55	0.28360000000000002	2.2199993704080903e-07
55	0.34520000000000006	3.8317186772904858e-14
55	0.40680000000000005	6.1229883891678261e-21
55	0.46840000000000004	9.5058769565662028e-28
55	0.53000000000000003	1.4597383508632463e-34
56	1.3351999999999995	0.99999866480089139
56	1.4167999999999994	1.3351981082899795e-06
56	1.4983999999999995	1.0003303411038951e-12
56	1.5431999999999997	8.1151147711214807e-40
56	1.5799999999999996	5.5553133559313078e-19
56	1.6615999999999995	2.5521947497041588e-25
56	1.7431999999999994	1.0274324296029177e-31
57	0.38240000000000002	0.99999961760007317
57	0.44400000000000001	3.8239983021443793e-07
57	0.50560000000000005	9.6670671123296466e-14
57	0.56720000000000004	2.0504011239454905e-20
57	0.62880000000000003	3.9613568617252294e-27
57	0.69040000000000001	7.2400158101909725e-34
59	1.3767999999999996	0.99999862320094779
59	1.4583999999999997	1.3767979920763452e-06
59	1.5399999999999996	1.0601343673918189e-12
59	1.5848	1.0382104335251053e-39
59	1.6215999999999995	6.0340148415802755e-19
59	1.7031999999999996	2.8343652918041681e-25
59	1.7847999999999997	1.1642524122019025e-31
60	1.8184	0.99999818160165321
60	1.8999999999999999	1.8183965450432845e-06
60	1.9816	1.8016671498128446e-12
60	2.0264000000000006	8.1151147711214807e-40
60	2.2263999999999999	1.0566686124575353e-31
60	2.3028000000000004	1.2900894701812152e-18
60	2.3844000000000003	1.0566507687758763e-24
60	2.4660000000000002	5.0802197532082302e-31
60	2.5476000000000001	7.9638360169450954e-38
60	50.081600000000002	1.1102230246251565e-16
61	2.3432000000000013	8.1151147711214807e-40
61	2.3748000000000014	0.99999762520281976
61	2.4564000000000012	2.3747941665484449e-06
61	2.5380000000000011	3.013613551439105e-12
61	2.543200000000001	2.5216538802072371e-32
61	2.6196000000000015	2.7160928714418009e-18
61	2.6248000000000014	6.4438713798880821e-38
61	2.7012000000000014	1.9502255801673374e-24
61	2.7828000000000013	1.1615699331732049e-30
61	2.8644000000000016	4.6550946449100809e-37
61	100.08159999999999	1.1102230246251565e-16
64	2.3828000000000014	8.1151147711214807e-40
64	2.4144000000000014	0.99999758560291452
64	2.4960000000000013	2.4143939736651205e-06
64	2.5776000000000012	3.1116706993472715e-12
64	2.6592000000000016	2.8455015163683134e-18
64	2.6644000000000014	7.2949409040667229e-38
64	2.7408000000000015	2.0712323817905001e-24
64	2.8224000000000014	1.2767357659906924e-30
64	2.9040000000000017	5.0731850192206939e-37
64	100.08159999999999	2.2204460492503131e-16
69	2.7788000000000017	8.1151147711214807e-40
69	2.8104000000000022	0.99999718960394923
69	2.8920000000000021	2.8103918723349541e-06
69	2.973600000000002	4.1784902948227869e-12
69	3.2184000000000021	1.6699701191738512e-31
69	3.2552000000000012	4.3721470812996661e-18
69	3.3000000000000025	2.229172519090076e-37
69	3.3368000000000011	4.4886605711061658e-24
69	3.418400000000001	3.2273737589956731e-30
69	3.5000000000000009	1.6551297606833729e-36
70	1.4163999999999994	0.99999858360100313
70	1.4979999999999993	1.4163978782343895e-06
70	1.5795999999999994	1.1186709529459675e-12
70	1.6244000000000001	8.1151147711214807e-40
70	1.6611999999999996	6.5144505402124519e-19
70	1.7427999999999995	3.1240399090666466e-25
70	1.8243999999999994	1.3076280190389996e-31
71	0.42200000000000004	0.9999995780000891
71	0.48360000000000003	4.2199979592084958e-07
71	0.54520000000000002	1.1503713728173582e-13
71	0.60680000000000001	2.5897156498933993e-20
71	0.66840000000000011	5.2506158185992047e-27
71	0.72999999999999998	9.9867085488801023e-34
73	1.4559999999999993	0.99999854400106003
73	1.5375999999999994	1.4559977612561213e-06
73	1.6191999999999993	1.178775691324856e-12
73	1.6640000000000001	8.1151147711214807e-40
73	1.7007999999999992	7.019656814024197e-19
73	1.7823999999999993	3.4353016632620755e-25
73	1.8639999999999994	1.4647484161056066e-31
74	2.4224000000000014	8.1151147711214807e-40
74	2.4540000000000015	0.99999754600301105
74	2.5356000000000014	2.453993777645489e-06
74	2.6172000000000013	3.2112959953851266e-12
74	2.6988000000000016	2.9789522293528761e-18
74	2.7040000000000015	8.2376880162030322e-38
74	2.7804000000000015	2.197778642416711e-24
74	2.8620000000000014	1.3720521132503513e-30
74	2.9436000000000018	5.520488785358205e-37
75	2.4620000000000015	8.1151147711214807e-40
75	2.4936000000000016	0.99999750640310914
75	2.5752000000000015	2.4935935784895507e-06
75	2.6568000000000014	3.3124894393663762e-12
75	2.7384000000000017	3.1165071088812511e-18
75	2.8200000000000016	2.3300307245040908e-24
75	2.9016000000000015	1.4729719377687791e-30
75	2.9832000000000019	6.9610108719505477e-37
76	0.2616	0.9999997384000342
76	0.32319999999999999	2.615999154508935e-07
76	0.38480000000000003	5.033182063231166e-14
76	0.44640000000000002	8.6882971775432819e-21
76	0.50800000000000001	1.4289512548925796e-27
76	0.5696	2.2947543998569062e-34
76	1.0616000000000001	1.1102230246251565e-16
77	1.4995999999999992	0.99999850040112437
77	1.5811999999999991	1.4995976288343529e-06
77	1.6627999999999992	1.2467653668768236e-12
77	1.7075999999999998	1.6430203687262489e-39
77	1.7443999999999993	7.6052865124199651e-19
77	1.8259999999999992	3.804220807157126e-25
77	1.9075999999999991	1.6547892755173614e-31
78	0.46160000000000007	0.99999953840010669
78	0.52320000000000011	4.615997584909435e-07
78	0.5848000000000001	1.3497176106849134e-13
78	0.64640000000000009	3.2145261610629567e-20
78	0.70800000000000007	6.8258073081267209e-27
78	0.76960000000000006	1.3494118032864198e-33
79	2.5016000000000016	8.1151147711214807e-40
79	2.5332000000000017	0.99999746680320867
79	2.6148000000000016	2.5331933761973039e-06
79	2.6964000000000015	3.4152510311047159e-12
79	2.7780000000000018	3.2582282534293554e-18
79	2.8596000000000017	2.4681574496031632e-24
79	2.9412000000000016	1.5797385071083145e-30
79	3.0228000000000019	7.5883268391393778e-37
80	1.5391999999999992	0.9999984608011846
80	1.6207999999999991	1.539197505266662e-06
80	1.7023999999999992	1.3101648095735292e-12
80	1.7471999999999999	8.1151147711214807e-40
80	1.7839999999999994	8.1645589597471573e-19
80	1.8655999999999993	4.164267332154406e-25
80	1.9471999999999992	1.8439761335566051e-31
81	2.5412000000000017	8.1151147711214807e-40
81	2.5728000000000018	0.99999742720330975
81	2.6544000000000016	2.5727931707687465e-06
81	2.7360000000000015	3.5195807704138484e-12
81	2.8176000000000019	3.4041777614632306e-18
81	2.8992000000000018	2.6123300983563132e-24
81	2.9808000000000017	1.6926020233492127e-30
81	3.062400000000002	8.2612027869755587e-37

[frame_wcrt_cdf]
frame_id	response_time_ms	cumulative_probability
0	1.6599999999999997	0.99999834000137777
0	1.7415999999999996	0.99999999999848677
0	1.8231999999999997	1
0	1.8680000000000003	1
0	1.9047999999999998	1
0	1.9863999999999997	1
0	2.0679999999999996	1
2	1.8580000000000001	0.9999981420017261
2	1.9396	0.99999999999812228
2	2.0212000000000003	1
2	2.0660000000000007	1
2	2.266	1
2	2.3424000000000005	1
2	2.4240000000000004	1
2	2.5056000000000003	1
2	2.5872000000000002	1
3	0.10120000000000001	0.99999989880000517
3	0.1608	0.9999999999999889
3	0.22040000000000001	1
3	0.28000000000000003	1
3	0.33960000000000001	1
3	0.3992	1
4	0.50320000000000009	0.99999949680012667
4	0.56480000000000008	0.99999999999984246
4	0.62640000000000007	1
4	0.68800000000000017	1
4	0.74960000000000004	1
4	0.81120000000000014	1
5	0.54480000000000006	0.99999945520014843
5	0.60640000000000005	0.99999999999981803
5	0.66800000000000004	1
5	0.72960000000000003	1
5	0.79120000000000013	1
5	0.8528	1
7	0.14080000000000001	0.99999985920001
7	0.20040000000000002	0.99999999999998179
7	0.26000000000000001	1
7	0.3196	1
7	0.37919999999999998	1
7	0.43879999999999997	1
8	2.5808000000000018	8.1151147711214807e-40
8	2.6124000000000018	0.99999738760341239
8	2.6940000000000017	0.99999999999637457
8	2.7756000000000016	1
8	2.857200000000002	1
8	2.9388000000000019	1
8	3.0204000000000018	1
8	3.1020000000000021	1
10	0.34079999999999999	0.99999965920005807
10	0.40239999999999998	0.99999999999992095
10	0.46399999999999997	1
10	0.52560000000000007	1
10	0.58719999999999994	1
10	0.64880000000000004	1
12	1.5787999999999993	0.99999842120124638
12	1.6603999999999992	0.99999999999862499
12	1.7419999999999993	1
12	1.7867999999999999	1
12	1.8235999999999994	1
12	1.9051999999999993	1
12	1.9867999999999992	1
13	1.6995999999999998	0.99999830040144433
13	1.7811999999999997	0.99999999999841704
13	1.8627999999999998	1
13	1.9076000000000004	1
13	1.9443999999999999	1
13	2.0259999999999998	1
13	2.1075999999999997	1
14	2.6204000000000018	8.1151147711214807e-40
14	2.6520000000000019	0.99999734800351658
14	2.7336000000000018	0.9999999999962671
14	2.8152000000000017	1
14	2.896800000000002	1
14	2.9784000000000019	1
14	3.0600000000000018	1
14	3.1416000000000022	1
14	3.2600000000000011	1
14	3.3416000000000015	1
15	2.6600000000000019	8.1151147711214807e-40
15	2.691600000000002	0.99999730840362244
15	2.7732000000000019	0.99999999999615807
15	2.8548000000000018	1
15	2.9364000000000021	1
15	3.018000000000002	1
15	3.0996000000000019	1
15	3.1812000000000022	1
15	3.2996000000000012	1
15	3.3812000000000015	1
16	0.58640000000000014	0.99999941360017197
16	0.64800000000000013	0.99999999999979194
16	0.70960000000000012	1
16	0.77120000000000011	1
16	0.83280000000000021	1
16	0.89440000000000008	1
18	0.62600000000000011	0.99999937400019601
18	0.6876000000000001	0.99999999999976552
18	0.74920000000000009	1
18	0.81080000000000019	1
18	0.87240000000000006	1
18	0.93400000000000016	1
21	0.66960000000000008	0.99999933040022415
21	0.73320000000000007	0.99999999999973321
21	0.79680000000000006	1
21	0.86040000000000005	1
21	0.92400000000000015	1
21	0.98760000000000003	1
22	0.71119999999999994	0.99999928880025291
22	0.77479999999999993	0.99999999999970191
22	0.83839999999999992	1
22	0.90199999999999991	1
22	0.96560000000000001	1
22	1.0291999999999999	1
23	1.7391999999999999	0.99999826080151244
23	1.8207999999999998	0.99999999999834566
23	1.9023999999999999	1
23	1.9472000000000005	1
23	1.984	1
23	2.1471999999999998	1
23	2.3052000000000001	1
23	2.3868	1
23	2.4683999999999999	1
25	1.8976000000000002	0.99999810240180043
25	1.9792000000000001	0.99999999999804468
25	2.1056000000000008	0.99999999999804468
25	2.3004000000000007	1
25	2.3056000000000001	1
25	2.3820000000000006	1
25	2.3872	1
25	2.4636000000000005	1
25	2.5452000000000004	1
25	2.6268000000000002	1
26	0.75080000000000013	0.99999924920028194
26	0.81440000000000012	0.99999999999967049
26	0.87800000000000011	1
26	0.94160000000000021	1
26	1.0052000000000001	1
26	1.0688000000000002	1
27	2.699600000000002	8.1151147711214807e-40
27	2.7312000000000021	0.99999726880372974
27	2.812800000000002	0.99999999999604738
27	2.8944000000000019	1
27	2.9760000000000022	1
27	3.139200000000002	1
27	3.2208000000000023	1
27	3.2576000000000014	1
27	3.3392000000000013	1
27	3.4208000000000016	1
28	1.9372000000000005	0.99999806280187642
28	2.0188000000000006	0.99999999999796563
28	2.1452000000000013	0.99999999999796563
28	2.3400000000000007	1
28	2.3452000000000006	1
28	2.4216000000000011	1
28	2.4268000000000005	1
28	2.503200000000001	1
28	2.5848000000000009	1
28	2.6664000000000012	1
29	0.1804	0.99999981960001627
29	0.23999999999999999	0.99999999999997302
29	0.29959999999999998	1
29	0.35920000000000002	1
29	0.41880000000000001	1
29	0.47839999999999999	1
31	0.79039999999999999	0.99999920960031241
31	0.85399999999999998	0.9999999999996374
31	0.91759999999999997	1
31	0.98120000000000007	1
31	1.1084000000000001	1
31	1.2448000000000004	1
31	1.3084000000000005	1
34	1.9768000000000003	0.99999802320195397
34	2.184800000000001	0.99999802320195397
34	2.2980000000000005	0.99999999999741129
34	2.3796000000000008	1
34	2.3848000000000003	1
34	2.4612000000000007	1
34	2.4664000000000001	1
34	2.5428000000000006	1
34	2.6244000000000005	1
34	2.7060000000000004	1
35	2.7392000000000021	8.1151147711214807e-40
35	2.7708000000000022	0.99999722920383871
35	2.852400000000002	0.99999999999593525
35	2.9340000000000019	1
35	3.0156000000000023	1
35	3.1788000000000021	1
35	3.2604000000000024	1
35	3.2972000000000015	1
35	3.3788000000000014	1
35	3.4604000000000017	1
36	0.84199999999999986	0.99999915800035444
36	0.92359999999999987	0.99999999999957678
36	1.0051999999999999	1
36	1.25	1
36	1.2868000000000004	1
36	1.3684000000000003	1
36	1.4500000000000002	1
37	0.88359999999999972	0.9999991164003903
37	0.96519999999999972	0.99999999999953748
37	1.2468000000000001	1
37	1.2915999999999999	1
37	1.3284000000000002	1
37	1.4100000000000001	1
37	1.4916	1
38	2.0164000000000009	0.99999798360203296
38	2.2244000000000015	0.99999798360203296
38	2.3376000000000015	0.99999999999731948
38	2.4192000000000018	1
38	2.4244000000000008	1
38	2.5008000000000017	1
38	2.5060000000000011	1
38	2.5824000000000016	1
38	2.6640000000000015	1
38	2.7456000000000014	1
39	2.7788000000000017	8.1151147711214807e-40
39	2.8104000000000022	0.99999718960394923
39	2.8920000000000021	0.99999999999582156
39	2.973600000000002	1
39	3.2184000000000021	1
39	3.2552000000000012	1
39	3.3000000000000025	1
39	3.3368000000000011	1
39	3.418400000000001	1
39	3.5000000000000009	1
40	0.9251999999999998	0.99999907480042804
40	1.0067999999999997	0.99999999999949651
40	1.2884	1
40	1.3331999999999997	1
40	1.3700000000000001	1
40	1.4516	1
40	1.5331999999999999	1
41	0.97079999999999966	0.99999902920047112
41	1.2523999999999997	0.99999999999925526
41	1.3339999999999999	0.99999999999999989
41	1.3787999999999996	0.99999999999999989
41	1.4156	0.99999999999999989
41	1.4971999999999999	0.99999999999999989
41	1.5787999999999998	0.99999999999999989
41	10.0816	1
42	2.2640000000000011	8.1151147711214807e-40
42	2.2956000000000008	0.9999977044026348
42	2.3772000000000006	0.9999999999971777
42	2.458800000000001	0.99999999999999989
42	2.4640000000000004	0.99999999999999989
42	2.5404000000000009	0.99999999999999989
42	2.5456000000000003	0.99999999999999989
42	2.6220000000000008	0.99999999999999989
42	2.7036000000000007	0.99999999999999989
42	2.7852000000000006	0.99999999999999989
42	100.08159999999999	1
44	1.0123999999999997	0.99999898760051253
44	1.294	0.99999999999920253
44	1.3755999999999999	1
44	1.4203999999999999	1
44	1.4571999999999998	1
44	1.5387999999999999	1
44	1.6204000000000001	1
46	1.6183999999999994	0.9999983816013096
46	1.6999999999999993	0.99999999999855838
46	1.7815999999999994	1
46	1.8264	1
46	1.8631999999999995	1
46	1.9447999999999994	1
46	2.0263999999999993	1
47	0.30120000000000002	0.99999969880004536
47	0.36280000000000001	0.99999999999993605
47	0.4244	1
47	0.48600000000000004	1
47	0.54760000000000009	1
47	0.60919999999999996	1
48	1.2539999999999996	0.9999987460007862
48	1.3355999999999995	0.99999999999911138
48	1.4171999999999996	1
48	1.4619999999999997	1
48	1.4987999999999997	1
48	1.5803999999999996	1
48	1.6619999999999995	1
49	2.3036000000000012	1.312959050936332e-39
49	2.3352000000000017	0.99999766480272656
49	2.4168000000000016	0.99999999999708289
49	2.498400000000002	1
49	2.5036000000000009	1
49	2.5800000000000018	1
49	2.5852000000000013	1
49	2.6616000000000017	1
49	2.7432000000000016	1
49	2.8248000000000015	1
52	1.7787999999999999	0.9999982212015821
52	1.8603999999999998	0.99999999999827283
52	1.9419999999999999	1
52	1.9868000000000006	1
52	2.0236000000000001	1
52	2.1867999999999999	1
52	2.3448000000000002	1
52	2.4264000000000001	1
52	2.508	1
53	1.2955999999999996	0.99999870440083938
53	1.3771999999999998	0.99999999999905509
53	1.4587999999999997	1
53	1.5035999999999996	1
53	1.5403999999999995	1
53	1.6219999999999997	1
53	1.7035999999999998	1
55	0.22200000000000003	0.99999977800002471
55	0.28360000000000002	0.9999999999999617
55	0.34520000000000006	1
55	0.40680000000000005	1
55	0.46840000000000004	1
55	0.53000000000000003	1
56	1.3351999999999995	0.99999866480089139
56	1.4167999999999994	0.99999999999899969
56	1.4983999999999995	1
56	1.5431999999999997	1
56	1.5799999999999996	1
56	1.6615999999999995	1
56	1.7431999999999994	1
57	0.38240000000000002	0.99999961760007317
57	0.44400000000000001	0.99999999999990341
57	0.50560000000000005	1
57	0.56720000000000004	1
57	0.62880000000000003	1
57	0.69040000000000001	1
59	1.3767999999999996	0.99999862320094779
59	1.4583999999999997	0.99999999999893985
59	1.5399999999999996	1
59	1.5848	1
59	1.6215999999999995	1
59	1.7031999999999996	1
59	1.7847999999999997	1
60	1.8184	0.99999818160165321
60	1.8999999999999999	0.99999999999819822
60	1.9816	0.99999999999999989
60	2.0264000000000006	0.99999999999999989
60	2.2263999999999999	0.99999999999999989
60	2.3028000000000004	0.99999999999999989
60	2.3844000000000003	0.99999999999999989
60	2.4660000000000002	0.99999999999999989
60	2.5476000000000001	0.99999999999999989
60	50.081600000000002	1
61	2.3432000000000013	8.1151147711214807e-40
61	2.3748000000000014	0.99999762520281976
61	2.4564000000000012	0.9999999999969863
61	2.5380000000000011	0.99999999999999989
61	2.543200000000001	0.99999999999999989
61	2.6196000000000015	0.99999999999999989
61	2.6248000000000014	0.99999999999999989
61	2.7012000000000014	0.99999999999999989
61	2.7828000000000013	0.99999999999999989
61	2.8644000000000016	0.99999999999999989
61	100.08159999999999	1
64	2.3828000000000014	8.1151147711214807e-40
64	2.4144000000000014	0.99999758560291452
64	2.4960000000000013	0.99999999999688816
64	2.5776000000000012	0.99999999999999978
64	2.6592000000000016	0.99999999999999978
64	2.6644000000000014	0.99999999999999978
64	2.7408000000000015	0.99999999999999978
64	2.8224000000000014	0.99999999999999978
64	2.9040000000000017	0.99999999999999978
64	100.08159999999999	1
69	2.7788000000000017	8.1151147711214807e-40
69	2.8104000000000022	0.99999718960394923
69	2.8920000000000021	0.99999999999582156
69	2.973600000000002	1
69	3.2184000000000021	1
69	3.2552000000000012	1
69	3.3000000000000025	1
69	3.3368000000000011	1
69	3.418400000000001	1
69	3.5000000000000009	1
70	1.4163999999999994	0.99999858360100313
70	1.4979999999999993	0.99999999999888134
70	1.5795999999999994	1
70	1.6244000000000001	1
70	1.6611999999999996	1
70	1.7427999999999995	1
70	1.8243999999999994	1
71	0.42200000000000004	0.9999995780000891
71	0.48360000000000003	0.99999999999988498
71	0.54520000000000002	1
71	0.60680000000000001	1
71	0.66840000000000011	1
71	0.72999999999999998	1
73	1.4559999999999993	0.99999854400106003
73	1.5375999999999994	0.99999999999882128
73	1.6191999999999993	1
73	1.6640000000000001	1
73	1.7007999999999992	1
73	1.7823999999999993	1
73	1.8639999999999994	1
74	2.4224000000000014	8.1151147711214807e-40
74	2.4540000000000015	0.99999754600301105
74	2.5356000000000014	0.99999999999678868
74	2.6172000000000013	1
74	2.6988000000000016	1
74	2.7040000000000015	1
74	2.7804000000000015	1
74	2.8620000000000014	1
74	2.9436000000000018	1
75	2.4620000000000015	8.1151147711214807e-40
75	2.4936000000000016	0.99999750640310914
75	2.5752000000000015	0.99999999999668765
75	2.6568000000000014	1
75	2.7384000000000017	1
75	2.8200000000000016	1
75	2.9016000000000015	1
75	2.9832000000000019	1
76	0.2616	0.9999997384000342
76	0.32319999999999999	0.9999999999999496
76	0.38480000000000003	0.99999999999999989
76	0.44640000000000002	0.99999999999999989
76	0.50800000000000001	0.99999999999999989
76	0.5696	0.99999999999999989
76	1.0616000000000001	1
77	1.4995999999999992	0.99999850040112437
77	1.5811999999999991	0.99999999999875322
77	1.6627999999999992	1
77	1.7075999999999998	1
77	1.7443999999999993	1
77	1.8259999999999992	1
77	1.9075999999999991	1
78	0.46160000000000007	0.99999953840010669
78	0.52320000000000011	0.99999999999986522
78	0.5848000000000001	1
78	0.64640000000000009	1
78	0.70800000000000007	1
78	0.76960000000000006	1
79	2.5016000000000016	8.1151147711214807e-40
79	2.5332000000000017	0.99999746680320867
79	2.6148000000000016	0.99999999999658484
79	2.6964000000000015	1
79	2.7780000000000018	1
79	2.8596000000000017	1
79	2.9412000000000016	1
79	3.0228000000000019	1
80	1.5391999999999992	0.9999984608011846
80	1.6207999999999991	0.99999999999868983
80	1.7023999999999992	1
80	1.7471999999999999	1
80	1.7839999999999994	1
80	1.8655999999999993	1
80	1.9471999999999992	1
81	2.5412000000000017	8.1151147711214807e-40
81	2.5728000000000018	0.99999742720330975
81	2.6544000000000016	0.99999999999648048
81	2.7360000000000015	1
81	2.8176000000000019	1
81	2.8992000000000018	1
81	2.9808000000000017	1
81	3.062400000000002	1

[frame_distribution_quantiles]
frame_id	retry_q50	retry_q90	retry_q95	retry_q99	wcrt_q50_ms	wcrt_q90_ms	wcrt_q95_ms	wcrt_q99_ms
0	0	0	0	0	1.6599999999999997	1.6599999999999997	1.6599999999999997	1.6599999999999997
2	0	0	0	0	1.8580000000000001	1.8580000000000001	1.8580000000000001	1.8580000000000001
3	0	0	0	0	0.10120000000000001	0.10120000000000001	0.10120000000000001	0.10120000000000001
4	0	0	0	0	0.50320000000000009	0.50320000000000009	0.50320000000000009	0.50320000000000009
5	0	0	0	0	0.54480000000000006	0.54480000000000006	0.54480000000000006	0.54480000000000006
7	0	0	0	0	0.14080000000000001	0.14080000000000001	0.14080000000000001	0.14080000000000001
8	0	0	0	0	2.6124000000000018	2.6124000000000018	2.6124000000000018	2.6124000000000018
10	0	0	0	0	0.34079999999999999	0.34079999999999999	0.34079999999999999	0.34079999999999999
12	0	0	0	0	1.5787999999999993	1.5787999999999993	1.5787999999999993	1.5787999999999993
13	0	0	0	0	1.6995999999999998	1.6995999999999998	1.6995999999999998	1.6995999999999998
14	0	0	0	0	2.6520000000000019	2.6520000000000019	2.6520000000000019	2.6520000000000019
15	0	0	0	0	2.691600000000002	2.691600000000002	2.691600000000002	2.691600000000002
16	0	0	0	0	0.58640000000000014	0.58640000000000014	0.58640000000000014	0.58640000000000014
18	0	0	0	0	0.62600000000000011	0.62600000000000011	0.62600000000000011	0.62600000000000011
21	0	0	0	0	0.66960000000000008	0.66960000000000008	0.66960000000000008	0.66960000000000008
22	0	0	0	0	0.71119999999999994	0.71119999999999994	0.71119999999999994	0.71119999999999994
23	0	0	0	0	1.7391999999999999	1.7391999999999999	1.7391999999999999	1.7391999999999999
25	0	0	0	0	1.8976000000000002	1.8976000000000002	1.8976000000000002	1.8976000000000002
26	0	0	0	0	0.75080000000000013	0.75080000000000013	0.75080000000000013	0.75080000000000013
27	0	0	0	0	2.7312000000000021	2.7312000000000021	2.7312000000000021	2.7312000000000021
28	0	0	0	0	1.9372000000000005	1.9372000000000005	1.9372000000000005	1.9372000000000005
29	0	0	0	0	0.1804	0.1804	0.1804	0.1804
31	0	0	0	0	0.79039999999999999	0.79039999999999999	0.79039999999999999	0.79039999999999999
34	0	0	0	0	1.9768000000000003	1.9768000000000003	1.9768000000000003	1.9768000000000003
35	0	0	0	0	2.7708000000000022	2.7708000000000022	2.7708000000000022	2.7708000000000022
36	0	0	0	0	0.84199999999999986	0.84199999999999986	0.84199999999999986	0.84199999999999986
37	0	0	0	0	0.88359999999999972	0.88359999999999972	0.88359999999999972	0.88359999999999972
38	0	0	0	0	2.0164000000000009	2.0164000000000009	2.0164000000000009	2.0164000000000009
39	0	0	0	0	2.8104000000000022	2.8104000000000022	2.8104000000000022	2.8104000000000022
40	0	0	0	0	0.9251999999999998	0.9251999999999998	0.9251999999999998	0.9251999999999998
41	0	0	0	0	0.97079999999999966	0.97079999999999966	0.97079999999999966	0.97079999999999966
42	0	0	0	0	2.2956000000000008	2.2956000000000008	2.2956000000000008	2.2956000000000008
44	0	0	0	0	1.0123999999999997	1.0123999999999997	1.0123999999999997	1.0123999999999997
46	0	0	0	0	1.6183999999999994	1.6183999999999994	1.6183999999999994	1.6183999999999994
47	0	0	0	0	0.30120000000000002	0.30120000000000002	0.30120000000000002	0.30120000000000002
48	0	0	0	0	1.2539999999999996	1.2539999999999996	1.2539999999999996	1.2539999999999996
49	0	0	0	0	2.3352000000000017	2.3352000000000017	2.3352000000000017	2.3352000000000017
52	0	0	0	0	1.7787999999999999	1.7787999999999999	1.7787999999999999	1.7787999999999999
53	0	0	0	0	1.2955999999999996	1.2955999999999996	1.2955999999999996	1.2955999999999996
55	0	0	0	0	0.22200000000000003	0.22200000000000003	0.22200000000000003	0.22200000000000003
56	0	0	0	0	1.3351999999999995	1.3351999999999995	1.3351999999999995	1.3351999999999995
57	0	0	0	0	0.38240000000000002	0.38240000000000002	0.38240000000000002	0.38240000000000002
59	0	0	0	0	1.3767999999999996	1.3767999999999996	1.3767999999999996	1.3767999999999996
60	0	0	0	0	1.8184	1.8184	1.8184	1.8184
61	0	0	0	0	2.3748000000000014	2.3748000000000014	2.3748000000000014	2.3748000000000014
64	0	0	0	0	2.4144000000000014	2.4144000000000014	2.4144000000000014	2.4144000000000014
69	0	0	0	0	2.8104000000000022	2.8104000000000022	2.8104000000000022	2.8104000000000022
70	0	0	0	0	1.4163999999999994	1.4163999999999994	1.4163999999999994	1.4163999999999994
71	0	0	0	0	0.42200000000000004	0.42200000000000004	0.42200000000000004	0.42200000000000004
73	0	0	0	0	1.4559999999999993	1.4559999999999993	1.4559999999999993	1.4559999999999993
74	0	0	0	0	2.4540000000000015	2.4540000000000015	2.4540000000000015	2.4540000000000015
75	0	0	0	0	2.4936000000000016	2.4936000000000016	2.4936000000000016	2.4936000000000016
76	0	0	0	0	0.2616	0.2616	0.2616	0.2616
77	0	0	0	0	1.4995999999999992	1.4995999999999992	1.4995999999999992	1.4995999999999992
78	0	0	0	0	0.46160000000000007	0.46160000000000007	0.46160000000000007	0.46160000000000007
79	0	0	0	0	2.5332000000000017	2.5332000000000017	2.5332000000000017	2.5332000000000017
80	0	0	0	0	1.5391999999999992	1.5391999999999992	1.5391999999999992	1.5391999999999992
81	0	0	0	0	2.5728000000000018	2.5728000000000018	2.5728000000000018	2.5728000000000018

[signal_summary]
code	frame_id	period_ms	level	type	p_timeout	expected_wcrt_ms	wcrt_p95_ms	threshold_wcrt_ms	expected_retry_count	p_threshold
20440323	13	100	0	0	0	1.6996001386873709	1.6995999999999998	1.6995999999999998	1.6996001386873705e-06	1
37233045	0	100	0	0	0	1.6600001354560106	1.6599999999999997	1.6599999999999997	1.6600001354560095e-06	1
39599538	22	10	0	0	0	0.71120004523232283	0.71119999999999994	0.71119999999999994	7.1120004523232337e-07	1
66301237	39	1000	0	0	0	2.810400229328661	2.8104000000000022	2.7788000000000017	2.8104002293286599e-06	1
127596274	10	5	0	0	0	0.34080002099328133	0.34079999999999999	0.34079999999999999	3.408000209932815e-07	1
219221125	0	100	0	0	0	1.6600001354560106	1.6599999999999997	1.6599999999999997	1.6600001354560095e-06	1
257824767	31	10	1	0	0	0.79040005026944316	0.79039999999999999	0.91759999999999997	7.9040005026944304e-07	2.7777777777777779e-13
272812062	16	20	2	0	0	0.58640003612224245	0.58640000000000014	0.64800000000000013	5.8640003612224235e-07	5.5555555555555559e-13
294737985	2	100	0	0	0	1.8580001516128124	1.8580000000000001	1.8580000000000001	1.8580001516128108e-06	1
310493050	29	2	3	0	0	0.18040001075184064	0.1804	0.29959999999999998	1.804000107518408e-07	5.5555555555555552e-15
314823228	5	20	0	0	0	0.54480003355968221	0.54480000000000006	0.54480000000000006	5.4480003355968186e-07	1
324746243	18	20	1	0	0	0.62600003856160247	0.62600000000000011	0.6876000000000001	6.2600003856160185e-07	5.5555555555555559e-13
396236773	41	20	0	0	1.1102230246251565e-16	0.97080027337720876	0.97079999999999966	0.97079999999999966	9.7080027404334185e-07	1
401906921	23	100	0	0	0	1.7392001419187317	1.7391999999999999	1.7391999999999999	1.7392001419187319e-06	1
434151255	55	1	0	0	0	0.22200001367520089	0.22200000000000003	0.22200000000000003	2.2200001367520096e-07	1
451410928	22	20	0	0	0	0.71120004523232283	0.71119999999999994	0.71119999999999994	7.1120004523232337e-07	1
470017979	12	20	1	0	0	1.5788001288300899	1.5787999999999993	1.7419999999999993	1.5788001288300875e-06	5.5555555555555559e-13
476199141	59	20	0	0	0	1.3768001123468889	1.3767999999999996	1.3767999999999996	1.3768001123468901e-06	1
481045582	36	10	0	0	0	0.84200006870720556	0.84199999999999986	0.84199999999999986	8.4200006870720473e-07	1
489015594	5	10	0	0	0	0.54480003355968221	0.54480000000000006	0.54480000000000006	5.4480003355968186e-07	1
532196490	57	5	3	0	0	0.38240002355584146	0.38240000000000002	0.50560000000000005	3.8240002355584172e-07	1.388888888888889e-14
605961865	52	50	1	0	0	1.7788001451500917	1.7787999999999999	1.9419999999999999	1.778800145150093e-06	1.3888888888888889e-12
614467677	77	20	2	0	0	1.4996001223673692	1.4995999999999992	1.6627999999999992	1.4996001223673682e-06	5.5555555555555559e-13
616611290	4	10	0	0	0	0.50320003099712196	0.50320000000000009	0.50320000000000009	5.0320003099712275e-07	1
693558099	47	2	0	0	0	0.3012000185539212	0.30120000000000002	0.30120000000000002	3.0120001855392136e-07	1
703550533	53	10	0	0	0	1.2956001057209683	1.2955999999999996	1.2955999999999996	1.2956001057209675e-06	1
703893200	78	5	0	0	0	0.46160002843456188	0.46160000000000007	0.46160000000000007	4.616000284345621e-07	1
752492756	23	50	0	0	0	1.7392001419187317	1.7391999999999999	1.7391999999999999	1.7392001419187319e-06	1
759014315	71	10	2	0	0	0.42200002599520164	0.42200000000000004	0.48360000000000003	4.2200002599520186e-07	2.7777777777777779e-13
785291235	26	10	3	0	0	0.75080004775088327	0.75080000000000013	0.87800000000000011	7.5080004775088299e-07	2.7777777777777781e-14
862404863	23	100	0	0	0	1.7392001419187317	1.7391999999999999	1.7391999999999999	1.7392001419187319e-06	1
876817252	12	20	2	0	0	1.5788001288300899	1.5787999999999993	1.7419999999999993	1.5788001288300875e-06	5.5555555555555559e-13
962115905	34	100	2	0	0	1.9768006349477443	1.9768000000000003	2.2980000000000005	1.9768006349477437e-06	2.7777777777777777e-12
984391443	37	10	1	0	0	0.88360007210185809	0.88359999999999972	1.2468000000000001	8.8360007210185862e-07	2.7777777777777779e-13
986085015	77	10	0	0	0	1.4996001223673692	1.4995999999999992	1.4995999999999992	1.4996001223673682e-06	1
986988210	36	10	0	0	0	0.84200006870720556	0.84199999999999986	0.84199999999999986	8.4200006870720473e-07	1
998069059	77	10	0	0	0	1.4996001223673692	1.4995999999999992	1.4995999999999992	1.4996001223673682e-06	1
1005582345	15	1000	2	0	0	2.6916002196345801	2.691600000000002	2.7732000000000019	2.69160021963458e-06	2.7777777777777777e-11
1023375987	37	10	0	0	0	0.88360007210185809	0.88359999999999972	0.88359999999999972	8.8360007210185862e-07	1
1035786771	70	20	0	0	0	1.4164001155782489	1.4163999999999994	1.4163999999999994	1.4164001155782497e-06	1
1044621405	37	10	0	0	0	0.88360007210185809	0.88359999999999972	0.88359999999999972	8.8360007210185862e-07	1
1113339284	4	10	0	0	0	0.50320003099712196	0.50320000000000009	0.50320000000000009	5.0320003099712275e-07	1
1142032936	14	1000	0	0	0	2.6520002164032195	2.6520000000000019	2.6204000000000018	2.6520002164032166e-06	1
1214993172	48	20	0	0	0	1.2540001023264076	1.2539999999999996	1.2539999999999996	1.2540001023264066e-06	1
1279619986	5	20	0	0	0	0.54480003355968221	0.54480000000000006	0.54480000000000006	5.4480003355968186e-07	1
1303852647	56	10	0	0	0	1.3352001089523284	1.3351999999999995	1.3351999999999995	1.3352001089523282e-06	1
1338163520	36	20	0	0	0	0.84200006870720556	0.84199999999999986	0.84199999999999986	8.4200006870720473e-07	1
1356006962	18	20	0	0	0	0.62600003856160247	0.62600000000000011	0.62600000000000011	6.2600003856160185e-07	1
1388302938	41	10	0	0	1.1102230246251565e-16	0.97080027337720876	0.97079999999999966	0.97079999999999966	9.7080027404334185e-07	1
1418233591	77	20	0	0	0	1.4996001223673692	1.4995999999999992	1.4995999999999992	1.4996001223673682e-06	1
1422174559	4	20	0	0	0	0.50320003099712196	0.50320000000000009	0.50320000000000009	5.0320003099712275e-07	1
1426971565	53	20	0	0	0	1.2956001057209683	1.2955999999999996	1.2955999999999996	1.2956001057209675e-06	1
1464201185	57	5	0	0	0	0.38240002355584146	0.38240000000000002	0.38240000000000002	3.8240002355584172e-07	1
1472648341	12	20	0	0	0	1.5788001288300899	1.5787999999999993	1.5787999999999993	1.5788001288300875e-06	1
1479484471	3	1	0	0	0	0.10120000603152038	0.10120000000000001	0.10120000000000001	1.0120000603152044e-07	1
1500773326	70	10	1	0	0	1.4164001155782489	1.4163999999999994	1.5795999999999994	1.4164001155782497e-06	2.7777777777777779e-13
1511740526	35	1000	2	0	0	2.7708002260973004	2.7708000000000022	2.852400000000002	2.7708002260973008e-06	2.7777777777777777e-11
1512025272	31	20	2	0	0	0.79040005026944316	0.79039999999999999	0.85399999999999998	7.9040005026944304e-07	5.5555555555555559e-13
1525900470	7	1	0	0	0	0.1408000083916805	0.14080000000000001	0.14080000000000001	1.4080000839168057e-07	1
1537033310	73	10	0	0	0	1.456000118809609	1.4559999999999993	1.4559999999999993	1.4560001188096099e-06	1
1550599502	73	10	0	0	0	1.456000118809609	1.4559999999999993	1.4559999999999993	1.4560001188096099e-06	1
1567040483	77	20	0	0	0	1.4996001223673692	1.4995999999999992	1.4995999999999992	1.4996001223673682e-06	1
1577491471	76	2	0	0	1.1102230246251565e-16	0.26160001611456113	0.2616	0.2616	2.6160001678069462e-07	1
1634817297	61	100	3	0	1.1102230246251565e-16	2.3748001937837082	2.3748000000000014	2.5380000000000011	2.3748001945608525e-06	2.7777777777777779e-13
1709033824	14	1000	0	0	0	2.6520002164032195	2.6520000000000019	2.6204000000000018	2.6520002164032166e-06	1
1710711757	80	20	0	0	0	1.5392001255987295	1.5391999999999992	1.5391999999999992	1.5392001255987307e-06	1
1743335579	56	20	0	0	0	1.3352001089523284	1.3351999999999995	1.3351999999999995	1.3352001089523282e-06	1
1747586510	28	100	0	0	0	1.937200158076021	1.9372000000000005	1.9372000000000005	1.9372001580760223e-06	1
1748651639	21	20	0	0	0	0.6696000425865628	0.66960000000000008	0.66960000000000008	6.6960004258656244e-07	1
1750773780	55	2	0	0	0	0.22200001367520089	0.22200000000000003	0.22200000000000003	2.2200001367520096e-07	1
1771504731	4	20	2	0	0	0.50320003099712196	0.50320000000000009	0.56480000000000008	5.0320003099712275e-07	5.5555555555555559e-13
1775771725	44	20	0	0	0	1.0124002850917606	1.0123999999999997	1.0123999999999997	1.0124002850917592e-06	1
1792206637	22	10	1	0	0	0.71120004523232283	0.71119999999999994	0.83839999999999992	7.1120004523232337e-07	2.7777777777777779e-13
1840859766	21	20	0	0	0	0.6696000425865628	0.66960000000000008	0.66960000000000008	6.6960004258656244e-07	1
1852558305	41	10	0	0	1.1102230246251565e-16	0.97080027337720876	0.97079999999999966	0.97079999999999966	9.7080027404334185e-07	1
1853033181	53	10	0	0	0	1.2956001057209683	1.2955999999999996	1.2955999999999996	1.2956001057209675e-06	1
1856282101	74	100	0	0	0	2.4540002002464174	2.4540000000000015	2.4224000000000014	2.4540002002464167e-06	1
1896956743	16	20	0	0	0	0.58640003612224245	0.58640000000000014	0.58640000000000014	5.8640003612224235e-07	1
1952514984	77	10	0	0	0	1.4996001223673692	1.4995999999999992	1.4995999999999992	1.4996001223673682e-06	1
1989419565	41	10	0	0	1.1102230246251565e-16	0.97080027337720876	0.97079999999999966	0.97079999999999966	9.7080027404334185e-07	1
1996772501	16	20	0	0	0	0.58640003612224245	0.58640000000000014	0.58640000000000014	5.8640003612224235e-07	1
2027829311	25	100	0	0	0	1.8976001548446413	1.8976000000000002	1.8976000000000002	1.8976001548446398e-06	1
2034172919	0	100	0	0	0	1.6600001354560106	1.6599999999999997	1.6599999999999997	1.6600001354560095e-06	1
2043528463	57	10	2	0	0	0.38240002355584146	0.38240000000000002	0.44400000000000001	3.8240002355584172e-07	2.7777777777777779e-13
2051593729	10	10	0	0	0	0.34080002099328133	0.34079999999999999	0.34079999999999999	3.408000209932815e-07	1
2055267445	44	10	0	0	0	1.0124002850917606	1.0123999999999997	1.0123999999999997	1.0124002850917592e-06	1
2066530795	59	10	0	0	0	1.3768001123468889	1.3767999999999996	1.3767999999999996	1.3768001123468901e-06	1
2083874483	7	1	0	0	0	0.1408000083916805	0.14080000000000001	0.14080000000000001	1.4080000839168057e-07	1
2154454972	25	100	0	0	0	1.8976001548446413	1.8976000000000002	1.8976000000000002	1.8976001548446398e-06	1
2155903451	40	10	0	0	0	0.92520007549642669	0.9251999999999998	0.9251999999999998	9.2520007549642632e-07	1
2158195581	71	5	1	0	0	0.42200002599520164	0.42200000000000004	0.48360000000000003	4.2200002599520186e-07	1.388888888888889e-13
2186584310	53	10	0	0	0	1.2956001057209683	1.2955999999999996	1.2955999999999996	1.2956001057209675e-06	1
2197075426	13	50	0	0	0	1.6996001386873709	1.6995999999999998	1.6995999999999998	1.6996001386873705e-06	1
2242946430	5	10	0	0	0	0.54480003355968221	0.54480000000000006	0.54480000000000006	5.4480003355968186e-07	1
2249111538	40	20	0	0	0	0.92520007549642669	0.9251999999999998	0.9251999999999998	9.2520007549642632e-07	1
2274954781	0	50	0	0	0	1.6600001354560106	1.6599999999999997	1.6599999999999997	1.6600001354560095e-06	1
2283743300	49	100	0	0	0	2.335200190552337	2.3352000000000017	2.3036000000000012	2.3352001905523368e-06	1
2296131921	44	10	0	0	0	1.0124002850917606	1.0123999999999997	1.0123999999999997	1.0124002850917592e-06	1
2309931482	59	10	1	0	0	1.3768001123468889	1.3767999999999996	1.5399999999999996	1.3768001123468901e-06	2.7777777777777779e-13
2324724264	29	2	2	0	0	0.18040001075184064	0.1804	0.23999999999999999	1.804000107518408e-07	5.5555555555555549e-14
2331507975	57	10	1	0	0	0.38240002355584146	0.38240000000000002	0.44400000000000001	3.8240002355584172e-07	2.7777777777777779e-13
2340612925	44	20	0	0	0	1.0124002850917606	1.0123999999999997	1.0123999999999997	1.0124002850917592e-06	1
2355846338	13	100	0	0	0	1.6996001386873709	1.6995999999999998	1.6995999999999998	1.6996001386873705e-06	1
2404751334	21	20	0	0	0	0.6696000425865628	0.66960000000000008	0.66960000000000008	6.6960004258656244e-07	1
2410969650	48	20	3	0	0	1.2540001023264076	1.2539999999999996	1.4171999999999996	1.2540001023264066e-06	5.5555555555555561e-14
2462309526	49	100	0	0	0	2.335200190552337	2.3352000000000017	2.3036000000000012	2.3352001905523368e-06	1
2478891799	46	20	0	0	0	1.6184001320614501	1.6183999999999994	1.6183999999999994	1.6184001320614506e-06	1
2512589500	37	20	0	0	0	0.88360007210185809	0.88359999999999972	0.88359999999999972	8.8360007210185862e-07	1
2520532378	7	1	2	0	0	0.1408000083916805	0.14080000000000001	0.20040000000000002	1.4080000839168057e-07	2.7777777777777774e-14
2655006208	23	100	0	0	0	1.7392001419187317	1.7391999999999999	1.7391999999999999	1.7392001419187319e-06	1
2703849445	76	1	0	0	1.1102230246251565e-16	0.26160001611456113	0.2616	0.2616	2.6160001678069462e-07	1
2712832412	74	100	3	0	0	2.4540002002464174	2.4540000000000015	2.6172000000000013	2.4540002002464167e-06	2.7777777777777779e-13
2724920408	39	1000	1	0	0	2.810400229328661	2.8104000000000022	2.8920000000000021	2.8104002293286599e-06	2.7777777777777777e-11
2740474909	37	20	0	0	0	0.88360007210185809	0.88359999999999972	0.88359999999999972	8.8360007210185862e-07	1
2756846549	16	10	2	0	0	0.58640003612224245	0.58640000000000014	0.64800000000000013	5.8640003612224235e-07	2.7777777777777779e-13
2776925681	81	100	0	0	0	2.5728002099404992	2.5728000000000018	2.5412000000000017	2.5728002099405e-06	1
2795029159	79	100	0	0	0	2.533200206709139	2.5332000000000017	2.5016000000000016	2.5332002067091409e-06	1
2824478854	59	10	0	0	0	1.3768001123468889	1.3767999999999996	1.3767999999999996	1.3768001123468901e-06	1
2847252684	27	1000	0	0	0	2.7312002228659402	2.7312000000000021	2.699600000000002	2.7312002228659408e-06	1
2856141179	77	10	0	0	0	1.4996001223673692	1.4995999999999992	1.4995999999999992	1.4996001223673682e-06	1
2879909075	21	10	1	0	0	0.6696000425865628	0.66960000000000008	0.73320000000000007	6.6960004258656244e-07	2.7777777777777779e-13
2891546277	40	10	0	0	0	0.92520007549642669	0.9251999999999998	0.9251999999999998	9.2520007549642632e-07	1
2923788051	56	10	0	0	0	1.3352001089523284	1.3351999999999995	1.3351999999999995	1.3352001089523282e-06	1
2930923983	40	20	0	0	0	0.92520007549642669	0.9251999999999998	0.9251999999999998	9.2520007549642632e-07	1
2972254308	8	1000	0	0	0	2.6124002131718593	2.6124000000000018	2.5808000000000018	2.6124002131718575e-06	1
2973406344	75	100	0	0	0	2.4936002034777784	2.4936000000000016	2.4620000000000015	2.4936002034777788e-06	1
3095032080	59	10	1	0	0	1.3768001123468889	1.3767999999999996	1.5399999999999996	1.3768001123468901e-06	2.7777777777777779e-13
3167808136	5	10	0	0	0	0.54480003355968221	0.54480000000000006	0.54480000000000006	5.4480003355968186e-07	1
3177098753	40	20	0	1	0	0.92520007549642669	0.9251999999999998	0.9251999999999998	9.2520007549642632e-07	1
3179744134	60	100	0	0	1.1102230246251565e-16	1.8184001483814576	1.8184	1.8184	1.8184001491586106e-06	1
3196025296	16	10	0	0	0	0.58640003612224245	0.58640000000000014	0.58640000000000014	5.8640003612224235e-07	1
3199050508	77	20	2	0	0	1.4996001223673692	1.4995999999999992	1.6627999999999992	1.4996001223673682e-06	5.5555555555555559e-13
3208571292	56	20	0	0	0	1.3352001089523284	1.3351999999999995	1.3351999999999995	1.3352001089523282e-06	1
3211540543	71	10	0	0	0	0.42200002599520164	0.42200000000000004	0.42200000000000004	4.2200002599520186e-07	1
3225151271	57	10	2	0	0	0.38240002355584146	0.38240000000000002	0.44400000000000001	3.8240002355584172e-07	2.7777777777777779e-13
3269383707	77	20	0	0	0	1.4996001223673692	1.4995999999999992	1.4995999999999992	1.4996001223673682e-06	1
3277077127	22	10	0	0	0	0.71120004523232283	0.71119999999999994	0.71119999999999994	7.1120004523232337e-07	1
3281648412	77	20	0	0	0	1.4996001223673692	1.4995999999999992	1.4995999999999992	1.4996001223673682e-06	1
3282131092	37	20	0	0	0	0.88360007210185809	0.88359999999999972	0.88359999999999972	8.8360007210185862e-07	1
3295981981	59	10	3	0	0	1.3768001123468889	1.3767999999999996	1.5399999999999996	1.3768001123468901e-06	2.7777777777777781e-14
3305787198	48	20	0	0	0	1.2540001023264076	1.2539999999999996	1.2539999999999996	1.2540001023264066e-06	1
3308004048	40	20	0	0	0	0.92520007549642669	0.9251999999999998	0.9251999999999998	9.2520007549642632e-07	1
3314244422	41	20	0	0	1.1102230246251565e-16	0.97080027337720876	0.97079999999999966	0.97079999999999966	9.7080027404334185e-07	1
3321560223	80	20	0	0	0	1.5392001255987295	1.5391999999999992	1.5391999999999992	1.5392001255987307e-06	1
3385939302	64	100	0	0	2.2204460492503131e-16	2.4144001970150795	2.4144000000000014	2.3828000000000014	2.4144001985693677e-06	1
3404484926	55	2	0	0	0	0.22200001367520089	0.22200000000000003	0.22200000000000003	2.2200001367520096e-07	1
3421533337	0	50	0	0	0	1.6600001354560106	1.6599999999999997	1.6599999999999997	1.6600001354560095e-06	1
3443697451	21	20	0	0	0	0.6696000425865628	0.66960000000000008	0.66960000000000008	6.6960004258656244e-07	1
3447828367	61	100	3	0	1.1102230246251565e-16	2.3748001937837082	2.3748000000000014	2.5380000000000011	2.3748001945608525e-06	2.7777777777777779e-13
3453584872	60	50	0	0	1.1102230246251565e-16	1.8184001483814576	1.8184	1.8184	1.8184001491586106e-06	1
3481257501	21	20	0	0	0	0.6696000425865628	0.66960000000000008	0.66960000000000008	6.6960004258656244e-07	1
3483276548	28	100	3	0	0	1.937200158076021	1.9372000000000005	2.3400000000000007	1.9372001580760223e-06	2.7777777777777779e-13
3493717558	53	20	0	0	0	1.2956001057209683	1.2955999999999996	1.2955999999999996	1.2956001057209675e-06	1
3498955025	73	10	0	0	0	1.456000118809609	1.4559999999999993	1.4559999999999993	1.4560001188096099e-06	1
3520296343	21	10	0	0	0	0.6696000425865628	0.66960000000000008	0.66960000000000008	6.6960004258656244e-07	1
3538226762	48	10	1	0	0	1.2540001023264076	1.2539999999999996	1.4171999999999996	1.2540001023264066e-06	2.7777777777777779e-13
3566832221	37	20	0	0	0	0.88360007210185809	0.88359999999999972	0.88359999999999972	8.8360007210185862e-07	1
3603024479	41	10	0	0	1.1102230246251565e-16	0.97080027337720876	0.97079999999999966	0.97079999999999966	9.7080027404334185e-07	1
3613814677	73	20	0	0	0	1.456000118809609	1.4559999999999993	1.4559999999999993	1.4560001188096099e-06	1
3621829419	59	20	0	0	0	1.3768001123468889	1.3767999999999996	1.3767999999999996	1.3768001123468901e-06	1
3640314245	25	100	1	1	0	1.8976001548446413	1.8976000000000002	1.9792000000000001	1.8976001548446398e-06	2.7777777777777777e-12
3643949859	36	20	0	0	0	0.84200006870720556	0.84199999999999986	0.84199999999999986	8.4200006870720473e-07	1
3654894964	57	5	0	0	0	0.38240002355584146	0.38240000000000002	0.38240000000000002	3.8240002355584172e-07	1
3664820736	10	10	0	0	0	0.34080002099328133	0.34079999999999999	0.34079999999999999	3.408000209932815e-07	1
3690973735	36	10	2	0	0	0.84200006870720556	0.84199999999999986	1.0051999999999999	8.4200006870720473e-07	2.7777777777777779e-13
3702089637	3	1	1	0	0	0.10120000603152038	0.10120000000000001	0.1608	1.0120000603152044e-07	2.7777777777777774e-14
3705158998	73	20	0	0	0	1.456000118809609	1.4559999999999993	1.4559999999999993	1.4560001188096099e-06	1
3731899354	40	20	2	0	0	0.92520007549642669	0.9251999999999998	1.0067999999999997	9.2520007549642632e-07	5.5555555555555559e-13
3754921548	70	20	3	0	0	1.4164001155782489	1.4163999999999994	1.5795999999999994	1.4164001155782497e-06	5.5555555555555561e-14
3756287696	38	100	0	0	0	2.0164006476672469	2.0164000000000009	2.0164000000000009	2.0164006476672474e-06	1
3783581791	74	100	0	0	0	2.4540002002464174	2.4540000000000015	2.4224000000000014	2.4540002002464167e-06	1
3829174628	42	100	2	0	1.1102230246251565e-16	2.295600187320987	2.2956000000000008	2.458800000000001	2.2956001880981317e-06	2.7777777777777777e-12
3835690381	18	10	0	0	0	0.62600003856160247	0.62600000000000011	0.62600000000000011	6.2600003856160185e-07	1
3838160992	48	10	0	0	0	1.2540001023264076	1.2539999999999996	1.2539999999999996	1.2540001023264066e-06	1
3889441197	70	10	0	0	0	1.4164001155782489	1.4163999999999994	1.4163999999999994	1.4164001155782497e-06	1
3902464955	28	100	0	0	0	1.937200158076021	1.9372000000000005	1.9372000000000005	1.9372001580760223e-06	1
3947998630	44	20	0	0	0	1.0124002850917606	1.0123999999999997	1.0123999999999997	1.0124002850917592e-06	1
3958857195	49	100	1	0	0	2.335200190552337	2.3352000000000017	2.498400000000002	2.3352001905523368e-06	2.7777777777777777e-12
3992657841	74	100	0	0	0	2.4540002002464174	2.4540000000000015	2.4224000000000014	2.4540002002464167e-06	1
3995571481	69	1000	0	0	0	2.810400229328661	2.8104000000000022	2.7788000000000017	2.8104002293286599e-06	1
4006647886	22	20	0	0	0	0.71120004523232283	0.71119999999999994	0.71119999999999994	7.1120004523232337e-07	1
4007432493	78	10	0	0	0	0.46160002843456188	0.46160000000000007	0.46160000000000007	4.616000284345621e-07	1
4022937066	80	10	2	0	0	1.5392001255987295	1.5391999999999992	1.7023999999999992	1.5392001255987307e-06	2.7777777777777779e-13
4056415431	15	1000	1	0	0	2.6916002196345801	2.691600000000002	2.7732000000000019	2.69160021963458e-06	2.7777777777777777e-11
4079427027	29	1	0	0	0	0.18040001075184064	0.1804	0.1804	1.804000107518408e-07	1
4130728417	38	100	0	0	0	2.0164006476672469	2.0164000000000009	2.0164000000000009	2.0164006476672474e-06	1
4134306874	2	100	1	0	0	1.8580001516128124	1.8580000000000001	1.9396	1.8580001516128108e-06	2.7777777777777777e-12
4150703546	52	100	0	0	0	1.7788001451500917	1.7787999999999999	1.7787999999999999	1.778800145150093e-06	1
4152725872	48	20	0	0	0	1.2540001023264076	1.2539999999999996	1.2539999999999996	1.2540001023264066e-06	1
4156041088	61	100	0	0	1.1102230246251565e-16	2.3748001937837082	2.3748000000000014	2.3432000000000013	2.3748001945608525e-06	1
4171277112	42	100	0	0	1.1102230246251565e-16	2.295600187320987	2.2956000000000008	2.2640000000000011	2.2956001880981317e-06	1
4181466748	31	20	0	0	0	0.79040005026944316	0.79039999999999999	0.79039999999999999	7.9040005026944304e-07	1
4187558733	2	100	0	0	0	1.8580001516128124	1.8580000000000001	1.8580000000000001	1.8580001516128108e-06	1
4200183482	4	10	0	0	0	0.50320003099712196	0.50320000000000009	0.50320000000000009	5.0320003099712275e-07	1
4215041950	26	20	0	0	0	0.75080004775088327	0.75080000000000013	0.75080000000000013	7.5080004775088299e-07	1
4218938601	34	100	1	0	0	1.9768006349477443	1.9768000000000003	2.2980000000000005	1.9768006349477437e-06	2.7777777777777777e-12
4222775778	73	20	0	0	0	1.456000118809609	1.4559999999999993	1.4559999999999993	1.4560001188096099e-06	1
4226497257	77	10	0	0	0	1.4996001223673692	1.4995999999999992	1.4995999999999992	1.4996001223673682e-06	1
4239178319	0	100	0	0	0	1.6600001354560106	1.6599999999999997	1.6599999999999997	1.6600001354560095e-06	1
4255575730	10	10	2	0	0	0.34080002099328133	0.34079999999999999	0.40239999999999998	3.408000209932815e-07	2.7777777777777779e-13
