base_bandwidth_utilization	0.38231599999999993
expected_bandwidth_utilization	0.38231619177736681

rounded_expected_bandwidth_utilization	0.76463199999999976

bandwidth_utilization_p99	0.38231599999999988

[frame_summary]
frame_id	priority	period_ms	deadline_ms	trans_time_ms	expected_retry_count	expected_tx_count	rounded_expected_retry_count	rounded_expected_tx_count	retry_p99	tx_count_p99	expected_wcrt_ms	p_timeout	wcrt_p95_ms
0	10	10	10	0.041599999999999998	5.0120003087392155e-07	1.0000005012000308	1	2	0	1	0.50120003087392195	0	0.50120000000000009
1	34	50	50	0.039600000000000003	1.7472001425715307e-06	1.0000017472001426	1	2	0	1	1.7472001425715313	0	1.7471999999999996
3	52	1000	1000	0.039600000000000003	2.7056002207769803e-06	1.0000027056002208	1	2	0	1	2.7056002207769803	0	2.7056000000000022
4	11	10	10	0.041599999999999998	5.4280003343648172e-07	1.0000005428000334	1	2	0	1	0.54280003343648209	0	0.54280000000000006
5	41	100	100	0.039600000000000003	2.0304006521640393e-06	1.0000020304006521	1	2	0	1	2.0304006521640394	0	2.0304000000000002
9	6	5	5	0.039600000000000003	3.408000209932815e-07	1.0000003408000211	1	2	0	1	0.34080002099328133	0	0.34079999999999999
11	42	100	100	0.039600000000000003	2.3096001884633759e-06	1.0000023096001884	1	2	0	1	2.3096001884633761	0	2.3096000000000005
12	43	100	100	0.039600000000000003	2.3492001916947346e-06	1.0000023492001917	1	2	0	1	2.3492001916947376	0	2.3492000000000015
13	12	10	10	0.041599999999999998	5.8440003666517623e-07	1.0000005844000366	1	2	0	1	0.58440003599904344	1.1102230246251565e-16	0.58440000000000014
14	53	1000	1000	0.039600000000000003	2.7452002240083394e-06	1.000002745200224	1	2	0	1	2.7452002240083409	0	2.7452000000000023
17	0	1	1	0.039600000000000003	1.0120000603152044e-07	1.0000001012000059	1	2	0	1	0.10120000603152038	0	0.10120000000000001
19	33	20	20	0.041599999999999998	1.7076001400063041e-06	1.00000170760014	1	2	0	1	1.707600139340173	1.1102230246251565e-16	1.7075999999999996
21	35	50	50	0.0436	1.7888001467432462e-06	1.0000017888001467	1	2	0	1	1.7888001459660972	1.1102230246251565e-16	1.7887999999999997
22	44	100	100	0.039600000000000003	2.3888001949260971e-06	1.000002388800195	1	2	0	1	2.3888001949260973	0	2.3888000000000016
23	13	10	10	0.0436	6.2800003994080182e-07	1.00000062800004	1	2	0	1	0.62800003994080256	0	0.628
24	1	1	1	0.039600000000000003	1.4080000839168057e-07	1.0000001408000083	1	2	0	1	0.1408000083916805	0	0.14080000000000001
25	2	1	1	0.039600000000000003	1.804000107518408e-07	1.0000001804000107	1	2	0	1	0.18040001075184064	0	0.1804
26	14	10	10	0.041599999999999998	6.6960004258656286e-07	1.0000006696000425	1	2	0	1	0.6696000425865628	0	0.66960000000000008
27	7	5	5	0.039600000000000003	3.8040002343264169e-07	1.0000003804000235	1	2	0	1	0.38040002343264151	0	0.38040000000000002
29	36	50	50	0.039600000000000003	1.8284001491974514e-06	1.0000018284001493	1	2	0	1	1.8284001491974522	0	1.8283999999999998
30	15	10	10	0.041599999999999998	7.1120004523232337e-07	1.0000007112000453	1	2	0	1	0.71120004523232283	0	0.71119999999999994
31	45	100	100	0.039600000000000003	2.4284001981574583e-06	1.0000024284001983	1	2	0	1	2.4284001981574579	0	2.4284000000000017
32	37	50	50	0.039600000000000003	1.8680001524288135e-06	1.0000018680001523	1	2	0	1	1.8680001524288123	0	1.8679999999999999
33	46	100	100	0.039600000000000003	2.4680002013888179e-06	1.0000024680002013	1	2	0	1	2.4680002013888185	0	2.4680000000000017
34	54	1000	1000	0.039600000000000003	2.7848002272397028e-06	1.0000027848002273	1	2	0	1	2.7848002272397014	0	2.7848000000000024
35	3	1	1	0.039600000000000003	2.2000001311200084e-07	1.0000002200000131	1	2	0	1	0.22000001311200082	0	0.22000000000000003
36	16	10	10	0.041599999999999998	7.5280004854421674e-07	1.0000007528000485	1	2	0	1	0.75280004787808408	1.1102230246251565e-16	0.75280000000000002
37	17	10	10	0.041599999999999998	7.944000505238428e-07	1.0000007944000506	1	2	0	1	0.7944000505238431	0	0.79439999999999988
38	18	10	10	0.041599999999999998	8.3600005316960289e-07	1.0000008360000532	1	2	0	1	0.83600005316960324	0	0.83599999999999985
39	47	100	100	0.039600000000000003	2.5076002046201783e-06	1.0000025076002046	1	2	0	1	2.5076002046201786	0	2.5076000000000018
40	19	10	10	0.041599999999999998	8.7760005581536287e-07	1.0000008776000557	1	2	0	1	0.87760005581536338	0	0.87759999999999982
41	55	1000	1000	0.039600000000000003	2.8244002312482168e-06	1.0000028244002312	1	2	0	1	2.8244002304711717	1.1102230246251565e-16	2.8244000000000025
42	48	100	100	0.039600000000000003	2.5472002086286931e-06	1.0000025472002085	1	2	0	1	2.5472002078515499	1.1102230246251565e-16	2.5472000000000019
43	4	1	1	0.039600000000000003	2.5960001547216091e-07	1.0000002596000155	1	2	0	1	0.25960001547216099	0	0.25960000000000005
44	56	1000	1000	0.039600000000000003	2.8640002344795755e-06	1.0000028640002345	1	2	0	1	2.8640002337025323	1.1102230246251565e-16	2.8640000000000025
46	57	1000	1000	0.039600000000000003	2.9036002377120027e-06	1.0000029036002378	1	2	0	1	2.9036002369349592	1.1102230246251565e-16	2.9036000000000026
47	49	100	100	0.041599999999999998	2.5868002110828965e-06	1.0000025868002111	1	2	0	1	2.5868002110828994	0	2.586800000000002
48	20	10	10	0.049600000000000005	9.2720006453324272e-07	1.0000009272000645	1	2	0	1	0.92720006453324266	0	0.92719999999999969
49	21	10	10	0.061600000000000002	9.7280007938061785e-07	1.0000009728000794	1	2	0	1	0.97280007938061841	0	0.97279999999999955
54	8	5	5	0.039600000000000003	4.2000002587200214e-07	1.0000004200000259	1	2	0	1	0.42000002587200164	0	0.42000000000000004
56	58	1000	1000	0.039600000000000003	2.9432002401662362e-06	1.0000029432002402	1	2	0	1	2.9432002401662376	0	2.9432000000000027
58	22	10	10	0.045600000000000002	1.0164003264675813e-06	1.0000010164003266	1	2	0	1	1.0164003264675823	0	1.0163999999999995
59	23	10	10	0.039600000000000003	1.295600105720968e-06	1.0000012956001056	1	2	0	1	1.2956001057209681	0	1.2955999999999994
60	5	1	1	0.041599999999999998	3.0120001855392147e-07	1.0000003012000185	1	2	0	1	0.3012000185539212	0	0.30120000000000002
61	24	10	10	0.0436	1.3392001092787277e-06	1.0000013392001093	1	2	0	1	1.3392001092787285	0	1.3391999999999995
62	9	5	5	0.039600000000000003	4.5960002831136201e-07	1.0000004596000283	1	2	0	1	0.45960002831136182	0	0.45960000000000006
63	25	10	10	0.039600000000000003	1.3788001125100896e-06	1.0000013788001125	1	2	0	1	1.3788001125100886	0	1.3787999999999996
65	50	100	100	0.039600000000000003	2.6264002143142595e-06	1.0000026264002144	1	2	0	1	2.6264002143142595	0	2.6264000000000021
66	38	50	50	0.041599999999999998	1.9096001558238477e-06	1.0000019096001558	1	2	0	1	1.9096001558238471	0	1.9096
73	59	1000	1000	0.039600000000000003	2.9828009580743766e-06	1.000002982800958	1	2	0	1	2.9828009580743751	0	2.9828000000000028
74	51	100	100	0.039600000000000003	2.6660002175456203e-06	1.0000026660002175	1	2	0	1	2.6660002175456197	0	2.6660000000000021
75	60	1000	1000	0.039600000000000003	3.0224009707938681e-06	1.0000030224009708	1	2	0	1	3.0224009707938677	0	3.0224000000000029
76	26	10	10	0.039600000000000003	1.4184001157414487e-06	1.0000014184001158	1	2	0	1	1.4184001157414488	0	1.4183999999999992
77	27	10	10	0.0436	1.4620001192992091e-06	1.0000014620001192	1	2	0	1	1.4620001192992089	0	1.4619999999999993
78	28	10	10	0.041599999999999998	1.5036001226937699e-06	1.0000015036001226	1	2	0	1	1.5036001226937694	0	1.5035999999999992
79	29	10	10	0.041599999999999998	1.5452001260883299e-06	1.0000015452001261	1	2	0	1	1.5452001260883295	0	1.5451999999999992
81	30	10	10	0.041599999999999998	1.5868001294828911e-06	1.0000015868001295	1	2	0	1	1.5868001294828897	0	1.5867999999999991
82	61	1000	1000	0.039600000000000003	3.0224009707938689e-06	1.0000030224009708	1	2	0	1	3.0224009707938677	0	3.0224000000000029
85	31	10	10	0.039600000000000003	1.6264001327142506e-06	1.0000016264001328	1	2	0	1	1.6264001327142503	0	1.6263999999999994
86	39	50	50	0.039600000000000003	1.949200159055228e-06	1.0000019492001591	1	2	0	1	1.9492001590552266	0	1.9492
87	40	50	50	0.041599999999999998	1.9908006394445377e-06	1.0000019908006395	1	2	0	1	1.9908006394445374	0	1.9908000000000001
88	32	10	10	0.039600000000000003	1.6660001359456125e-06	1.0000016660001358	1	2	0	1	1.6660001359456105	0	1.6659999999999995

[frame_retry_distribution]
frame_id	retry_count	probability
0	0	0.99999949880012562
0	1	5.0119971792471899e-07
0	2	1.5647454229726542e-13
0	3	3.9310425566372125e-20
0	4	8.7258425858664324e-27
0	5	1.7908244338049985e-33
1	0	0.99999825280152643
1	1	1.7471968047235608e-06
1	2	1.6689222516878857e-12
1	3	1.1554979350458203e-18
1	4	6.4909061115489734e-25
1	5	4.6965311355249033e-31
1	6	6.6174269837550069e-38
3	0	0.99999729440366014
3	1	2.7055924589621917e-06
3	2	3.8809015064538003e-12
3	3	3.9253000269270546e-18
3	4	3.1422347171757625e-24
3	5	2.1190060068179503e-30
3	6	1.5768730458773011e-36
4	0	0.99999945720014738
4	1	5.4279967193177879e-07
4	2	1.8075227961894194e-13
4	3	4.7893177707577936e-20
4	4	1.1117048088469121e-26
4	5	2.3701083469961503e-33
5	0	0.99999796960206133
5	1	2.0303952253169741e-06
5	2	2.7134199576985283e-12
5	3	2.3832867851268562e-18
5	4	1.6536863969217812e-24
5	5	9.7258816694494576e-31
5	6	3.8881147443212839e-37
9	0	0.99999965920005807
9	1	3.4079986286210781e-07
9	2	7.9065563313570211e-14
9	3	1.5691296200652581e-20
9	4	2.8750554826085329e-27
9	5	5.0322414170632796e-34
11	0	0.99999769040266706
11	1	2.3095944772910834e-06
11	2	2.8555823787071707e-12
11	3	2.5116679404965575e-18
11	4	1.7626277457562099e-24
11	5	1.0497756750668079e-30
11	6	4.4863608194016196e-37
12	0	0.99999765080275949
12	1	2.3491942895715793e-06
12	2	2.9510576257535118e-12
12	3	2.6345567544842538e-18
12	4	1.8748699584139886e-24
12	5	1.1313856154355536e-30
12	6	4.9282871429926275e-37
13	0	0.99999941560017069
13	1	5.8439962247772211e-07
13	2	2.0676057369616693e-13
13	3	5.7628481208155399e-20
13	4	1.3963299981912788e-26
13	5	3.0886370229308173e-33
13	6	1.1102230246251565e-16
14	0	0.99999725480376811
14	1	2.7451922398796093e-06
14	2	3.9920582294809679e-12
14	3	4.0903815230743063e-18
14	4	3.3147844070000355e-24
14	5	3.0557263250023934e-30
14	6	1.8387568981361861e-36
17	0	0.99999989880000517
17	1	1.0119998372704138e-07
17	2	1.1152237542046581e-14
17	3	1.3223462964096524e-21
17	4	1.651475624726784e-28
17	5	2.1417129426682251e-35
19	0	0.99999829240145788
19	1	1.7075969447648122e-06
19	2	1.5972860517944602e-12
19	3	1.0848548772232727e-18
19	4	5.987242750731876e-25
19	5	2.8506133224376473e-31
19	6	1.1102230246251565e-16
21	0	0.99999821120159982
21	1	1.7887966542316073e-06
21	2	1.7458653920674271e-12
21	3	1.2329365266390629e-18
21	4	7.0534864313221464e-25
21	5	5.1617115629184715e-31
21	6	7.3218923935721025e-38
21	7	1.1102230246251565e-16
22	0	0.99999761120285313
22	1	2.3887940987157707e-06
22	2	3.0481010212362786e-12
22	3	2.7613853935471955e-18
22	4	1.9923830776848874e-24
22	5	1.2179879672243496e-30
22	6	5.4050083386998098e-37
23	0	0.99999937200019728
23	1	6.279995656753495e-07
23	2	2.371326209173772e-13
23	3	7.0171975929829331e-20
23	4	1.7978130025285726e-26
23	5	4.1912405561821032e-33
24	0	0.99999985920001
24	1	1.4079997178368289e-07
24	2	1.8303995240960604e-14
24	3	2.3969821885910364e-21
24	4	3.1988673734852619e-28
24	5	4.3499847285639739e-35
25	0	0.99999981960001627
25	1	1.8039995670400535e-07
25	2	2.7023911903634785e-14
25	3	3.8793394492076876e-21
25	4	5.5213481001709298e-28
25	5	7.8744422567693165e-35
26	0	0.99999933040022415
26	1	6.6959950904946009e-07
26	2	2.6676842743883312e-13
26	3	8.2616087573087777e-20
26	4	2.2009983432365893e-26
26	5	5.3083329133640657e-33
27	0	0.99999961960007244
27	1	3.8039983186323739e-07
27	2	9.5784671762827279e-14
27	3	2.025318448889693e-20
27	4	3.9031564346879863e-27
27	5	7.1190567641082692e-34
29	0	0.99999817160167159
29	1	1.8283965077593342e-06
29	2	1.8207170938562249e-12
29	3	1.3097890583856948e-18
29	4	1.0760445404161725e-24
29	5	6.2697428664470346e-31
29	6	8.2075748816161929e-38
30	0	0.99999928880025291
30	1	7.1119944896245386e-07
30	2	2.9813479004368827e-13
30	3	9.6439107145220009e-20
30	4	2.6679141974535642e-26
30	5	6.6498097958080649e-33
31	0	0.99999757160294866
31	1	2.4283939047236518e-06
31	2	3.1467125649691546e-12
31	3	2.892215956187313e-18
31	4	2.1153294172172329e-24
31	5	1.3098081156938948e-30
31	6	5.9186361353749932e-37
32	0	0.9999981320017447
32	1	1.8679963581507512e-06
32	2	1.8971369465315242e-12
32	3	1.3897650195662617e-18
32	4	1.1554423149558016e-24
32	5	6.8184234605804833e-31
32	6	1.1598387277915776e-37
33	0	0.99999753200304553
33	1	2.4679937075952228e-06
33	2	3.2468922567658558e-12
33	3	3.0271105408967219e-18
33	4	2.2438737497525889e-24
33	5	1.4070781153042975e-30
33	6	6.4713756591074825e-37
34	0	0.99999721520387763
34	1	2.7847920176607244e-06
34	2	4.1047830990816009e-12
34	3	4.2600238288736013e-18
34	4	3.494339550257636e-24
34	5	3.2488041724990728e-30
34	6	1.9781186877741096e-36
35	0	0.99999978000002421
35	1	2.1999993848800866e-07
35	2	3.7311987343771771e-14
35	3	5.8315171410571755e-21
35	4	8.8296820836728169e-28
35	5	1.3199585365825641e-34
36	0	0.99999924720028333
36	1	7.5279938541433083e-07
36	2	3.3123170851596897e-13
36	3	1.1171302570220582e-19
36	4	3.2049044238398558e-26
36	5	8.2476725285164009e-33
36	6	1.1102230246251565e-16
37	0	0.99999920560031552
37	1	7.9439931840509206e-07
37	2	3.6605918263970244e-13
37	3	1.2850983428804908e-19
37	4	3.818611448538158e-26
37	5	1.9286207274814884e-32
38	0	0.99999916400034949
38	1	8.3599924793473785e-07
38	2	4.0261721219891505e-13
38	3	1.4690152393477095e-19
38	4	4.5159797577791788e-26
38	5	2.3175431967095192e-32
39	0	0.99999749240314406
39	1	2.507593507330487e-06
39	2	3.3486400964400911e-12
39	3	3.1661312461576995e-18
39	4	2.3781833071252226e-24
39	5	1.5100368164402383e-30
39	6	7.0655281374806473e-37
40	0	0.99999912240038513
40	1	8.77599174003268e-07
40	2	4.4090579697763192e-13
40	3	1.6696004565878385e-19
40	4	9.3046133272325515e-26
40	5	3.4989363477233183e-32
41	0	0.99999717560398849
41	1	2.8243917923055281e-06
41	2	4.2190761150693866e-12
41	3	4.4342879802730116e-18
41	4	4.7435416119599776e-24
41	5	3.6654385778956708e-30
41	6	2.1260337879754206e-36
41	7	1.1102230246251565e-16
42	0	0.99999745280324404
42	1	2.5471933039294411e-06
42	2	3.4519560838055569e-12
42	3	3.3093401704426946e-18
42	4	2.51842778026165e-24
42	5	1.6189299204489685e-30
42	6	7.7332437572575956e-37
42	7	1.1102230246251565e-16
43	0	0.9999997404000337
43	1	2.5959991713569323e-07
43	2	4.9168221375074222e-14
43	3	8.3156143171005576e-21
43	4	1.3359224815104389e-27
43	5	2.0912901964138001e-34
44	0	0.99999713600410112
44	1	2.8639915638140254e-06
44	2	4.3349372772580227e-12
44	3	4.6132381577008309e-18
44	4	4.9805457879673386e-24
44	5	3.8866574095867782e-30
44	6	2.2829123079048921e-36
44	7	1.1102230246251565e-16
46	0	0.99999709640421541
46	1	2.903591332186218e-06
46	2	4.4523655186743222e-12
46	3	5.8637221300491158e-18
46	4	5.4411109833660573e-24
46	5	4.1601098605158994e-30
46	6	2.4877499660627484e-36
46	7	1.1102230246251565e-16
47	0	0.99999741320334579
47	1	2.5867930973920888e-06
47	2	3.5568402186759523e-12
47	3	3.4567994122142675e-18
47	4	2.6647793191800691e-24
47	5	1.7340101056006384e-30
47	6	8.3834989430827706e-37
48	0	0.99999907280042988
48	1	9.2719907576750039e-07
48	2	4.9438239433617109e-13
48	3	3.178783876435223e-19
48	4	1.3791455341489104e-25
48	5	4.96713587958998e-32
49	0	0.99999902720047318
49	1	9.7279897428021979e-07
49	2	5.5254963991219255e-13
49	3	3.727612670732196e-19
49	4	1.7314355549179974e-25
49	5	6.7542979658430688e-32
54	0	0.99999958000008826
54	1	4.1999979772804923e-07
54	2	1.1407193803610666e-13
54	3	2.5604797314213928e-20
54	4	5.1789620002585732e-27
54	5	9.830900321115695e-34
56	0	0.99999705680433126
56	1	2.9431910974221056e-06
56	2	4.5713629441940008e-12
56	3	6.0807403940558246e-18
56	4	5.7014869867257479e-24
56	5	4.4038421988353036e-30
56	6	2.6651353450094683e-36
58	0	0.99999898360051653
58	1	1.0163986404642677e-06
58	2	8.430009636121835e-13
58	3	4.6213174889614982e-19
58	4	2.0555054953720825e-25
58	5	7.9894385725066085e-32
59	0	0.99999870440083938
59	1	1.295598215700908e-06
59	2	9.4500926141948483e-13
59	3	5.1237276848971419e-19
59	4	2.3036237257979582e-25
59	5	9.0940965238402065e-32
60	0	0.99999969880004536
60	1	3.0119989072466013e-07
60	2	6.3914612874632646e-14
60	3	1.1857033437480369e-20
60	4	2.0607903232197136e-27
60	5	3.4571090511033602e-34
61	0	0.99999866080089672
61	1	1.3391980972659906e-06
61	2	1.0060055285761588e-12
61	3	5.600204121269632e-19
61	4	2.5783722125157846e-25
61	5	1.0400015868549592e-31
62	0	0.99999954040010564
62	1	4.5959976045654265e-07
62	2	1.339273619471109e-13
62	3	3.1808233678767649e-20
62	4	6.738800118805441e-27
62	5	1.3296531091001702e-33
63	0	0.99999862120095062
63	1	1.3787979864019507e-06
63	2	1.0630531607707648e-12
63	3	6.0576950187984066e-19
63	4	2.8484937073716962e-25
63	5	1.1711785544004771e-31
65	0	0.99999737360344909
65	1	2.6263928877184323e-06
65	2	3.6632925008649959e-12
65	3	3.6085710699252289e-18
65	4	2.8174125329900266e-24
65	5	1.8555371104609239e-30
65	6	9.1543476990370673e-37
66	0	0.9999980904018233
66	1	1.9095961976082662e-06
66	2	1.9791048635126249e-12
66	3	1.9514053837965931e-18
66	4	1.3389415484174075e-24
66	5	7.6205908228369804e-31
66	6	1.2731081401206587e-37
73	0	0.99999701720444856
73	1	2.9827901448450851e-06
73	2	5.4066049753672178e-12
73	3	6.4469415134189898e-18
73	4	5.9990186488580552e-24
73	5	4.6642504037077359e-30
73	6	2.8800113059358578e-36
74	0	0.99999733400355384
74	1	2.6659926749084656e-06
74	2	3.7713129301863745e-12
74	3	3.7647172420184465e-18
74	4	2.9765044898917298e-24
74	5	1.9837774326900251e-30
74	6	1.4255020516346405e-36
75	0	0.99999697760456741
75	1	3.0223898943202577e-06
75	2	5.5382267904331151e-12
75	3	6.6764268347026692e-18
75	4	6.2783930821110058e-24
75	5	4.9309938386117349e-30
75	6	3.0793538092211444e-36
76	0	0.99999858160100596
76	1	1.418397872401595e-06
76	2	1.1216689459669937e-12
76	3	6.5393668670759745e-19
76	4	3.1392339379205095e-25
76	5	1.3152259291678586e-31
77	0	0.99999853800106875
77	1	1.4619977432585413e-06
77	2	1.1880192692295135e-12
77	3	7.0984029559021485e-19
77	4	3.4844106927485256e-25
77	5	1.489813231982781e-31
78	0	0.99999849640113048
78	1	1.503597616495169e-06
78	2	1.2530981513342602e-12
78	3	7.6605844215824876e-19
78	4	3.8394900792267237e-25
78	5	1.6731636327429332e-31
79	0	0.99999845480119387
79	1	1.5451974862706844e-06
79	2	1.3199075850679551e-12
79	3	8.251610762936859e-19
79	4	4.2209650337417279e-25
79	5	1.8740861767831318e-31
81	0	0.99999841320125893
81	1	1.586797352585089e-06
81	2	1.3884475702146273e-12
81	3	8.8722018880068262e-19
81	4	4.6301092205714082e-25
81	5	2.093811635535548e-31
82	0	0.99999697760456741
82	1	3.0223898943202585e-06
82	2	5.5382267904331167e-12
82	3	6.6764268347026738e-18
82	4	6.2783930821110102e-24
82	5	4.9309938386117384e-30
82	6	3.0793538092211465e-36
85	0	0.99999837360132271
85	1	1.6263972221111721e-06
85	2	1.4553001155925811e-12
85	3	9.4910818822976314e-19
85	4	5.0464802166039441e-25
85	5	2.3216177605378064e-31
86	0	0.99999805080189985
86	1	1.9491960415686613e-06
86	2	2.0587401978373665e-12
86	3	2.0570601873829093e-18
86	4	1.431072376894065e-24
86	5	8.2554662917507591e-31
86	6	2.6624091428901308e-37
87	0	0.99999800920198167
87	1	1.9907953972757213e-06
87	2	2.6210810061729978e-12
87	3	2.2680913253734084e-18
87	4	1.5515088928487407e-24
87	5	9.0031315568456339e-31
87	6	2.957511096660146e-37
88	0	0.99999833400138782
88	1	1.6659970885009455e-06
88	2	1.5237208128073406e-12
88	3	1.0138025565308921e-18
88	4	5.4902546602165461e-25
88	5	2.568786160415357e-31

[frame_retry_cdf]
frame_id	retry_count	cumulative_probability
0	0	0.99999949880012562
0	1	0.99999999999984357
0	2	1
0	3	1
0	4	1
0	5	1
1	0	0.99999825280152643
1	1	0.99999999999833111
1	2	1
1	3	1
1	4	1
1	5	1
1	6	1
3	0	0.99999729440366014
3	1	0.9999999999961191
3	2	1
3	3	1
3	4	1
3	5	1
3	6	1
4	0	0.99999945720014738
4	1	0.99999999999981926
4	2	1
4	3	1
4	4	1
4	5	1
5	0	0.99999796960206133
5	1	0.99999999999728661
5	2	1
5	3	1
5	4	1
5	5	1
5	6	1
9	0	0.99999965920005807
9	1	0.99999999999992095
9	2	1
9	3	1
9	4	1
9	5	1
11	0	0.99999769040266706
11	1	0.9999999999971444
11	2	1
11	3	1
11	4	1
11	5	1
11	6	1
12	0	0.99999765080275949
12	1	0.99999999999704903
12	2	1
12	3	1
12	4	1
12	5	1
12	6	1
13	0	0.99999941560017069
13	1	0.99999999999979317
13	2	0.99999999999999989
13	3	0.99999999999999989
13	4	0.99999999999999989
13	5	0.99999999999999989
13	6	1
14	0	0.99999725480376811
14	1	0.99999999999600797
14	2	1
14	3	1
14	4	1
14	5	1
14	6	1
17	0	0.99999989880000517
17	1	0.9999999999999889
17	2	1
17	3	1
17	4	1
17	5	1
19	0	0.99999829240145788
19	1	0.99999999999840261
19	2	0.99999999999999989
19	3	0.99999999999999989
19	4	0.99999999999999989
19	5	0.99999999999999989
19	6	1
21	0	0.99999821120159982
21	1	0.99999999999825406
21	2	0.99999999999999989
21	3	0.99999999999999989
21	4	0.99999999999999989
21	5	0.99999999999999989
21	6	0.99999999999999989
21	7	1
22	0	0.99999761120285313
22	1	0.99999999999695188
22	2	1
22	3	1
22	4	1
22	5	1
22	6	1
23	0	0.99999937200019728
23	1	0.99999999999976297
23	2	1
23	3	1
23	4	1
23	5	1
24	0	0.99999985920001
24	1	0.99999999999998179
24	2	1
24	3	1
24	4	1
24	5	1
25	0	0.99999981960001627
25	1	0.99999999999997302
25	2	1
25	3	1
25	4	1
25	5	1
26	0	0.99999933040022415
26	1	0.99999999999973321
26	2	1
26	3	1
26	4	1
26	5	1
27	0	0.99999961960007244
27	1	0.9999999999999043
27	2	1
27	3	1
27	4	1
27	5	1
29	0	0.99999817160167159
29	1	0.99999999999817935
29	2	1
29	3	1
29	4	1
29	5	1
29	6	1
30	0	0.99999928880025291
30	1	0.99999999999970191
30	2	1
30	3	1
30	4	1
30	5	1
31	0	0.99999757160294866
31	1	0.99999999999685341
31	2	1
31	3	1
31	4	1
31	5	1
31	6	1
32	0	0.9999981320017447
32	1	0.99999999999810285
32	2	1
32	3	1
32	4	1
32	5	1
32	6	1
33	0	0.99999753200304553
33	1	0.99999999999675315
33	2	1
33	3	1
33	4	1
33	5	1
33	6	1
34	0	0.99999721520387763
34	1	0.99999999999589528
34	2	1
34	3	1
34	4	1
34	5	1
34	6	1
35	0	0.99999978000002421
35	1	0.9999999999999627
35	2	1
35	3	1
35	4	1
35	5	1
36	0	0.99999924720028333
36	1	0.99999999999966871
36	2	0.99999999999999989
36	3	0.99999999999999989
36	4	0.99999999999999989
36	5	0.99999999999999989
36	6	1
37	0	0.99999920560031552
37	1	0.99999999999963396
37	2	1
37	3	1
37	4	1
37	5	1
38	0	0.99999916400034949
38	1	0.99999999999959743
38	2	1
38	3	1
38	4	1
38	5	1
39	0	0.99999749240314406
39	1	0.99999999999665135
39	2	1
39	3	1
39	4	1
39	5	1
39	6	1
40	0	0.99999912240038513
40	1	0.99999999999955913
40	2	1
40	3	1
40	4	1
40	5	1
41	0	0.99999717560398849
41	1	0.99999999999578082
41	2	0.99999999999999989
41	3	0.99999999999999989
41	4	0.99999999999999989
41	5	0.99999999999999989
41	6	0.99999999999999989
41	7	1
42	0	0.99999745280324404
42	1	0.99999999999654798
42	2	0.99999999999999989
42	3	0.99999999999999989
42	4	0.99999999999999989
42	5	0.99999999999999989
42	6	0.99999999999999989
42	7	1
43	0	0.9999997404000337
43	1	0.99999999999995082
43	2	1
43	3	1
43	4	1
43	5	1
44	0	0.99999713600410112
44	1	0.99999999999566491
44	2	0.99999999999999989
44	3	0.99999999999999989
44	4	0.99999999999999989
44	5	0.99999999999999989
44	6	0.99999999999999989
44	7	1
46	0	0.99999709640421541
46	1	0.99999999999554756
46	2	0.99999999999999989
46	3	0.99999999999999989
46	4	0.99999999999999989
46	5	0.99999999999999989
46	6	0.99999999999999989
46	7	1
47	0	0.99999741320334579
47	1	0.99999999999644318
47	2	1
47	3	1
47	4	1
47	5	1
47	6	1
48	0	0.99999907280042988
48	1	0.99999999999950562
48	2	1
48	3	1
48	4	1
48	5	1
49	0	0.99999902720047318
49	1	0.99999999999944744
49	2	1
49	3	1
49	4	1
49	5	1
54	0	0.99999958000008826
54	1	0.99999999999988598
54	2	1
54	3	1
54	4	1
54	5	1
56	0	0.99999705680433126
56	1	0.99999999999542866
56	2	1
56	3	1
56	4	1
56	5	1
56	6	1
58	0	0.99999898360051653
58	1	0.99999999999915701
58	2	1
58	3	1
58	4	1
58	5	1
59	0	0.99999870440083938
59	1	0.99999999999905509
59	2	1
59	3	1
59	4	1
59	5	1
60	0	0.99999969880004536
60	1	0.99999999999993605
60	2	1
60	3	1
60	4	1
60	5	1
61	0	0.99999866080089672
61	1	0.99999999999899403
61	2	1
61	3	1
61	4	1
61	5	1
62	0	0.99999954040010564
62	1	0.99999999999986611
62	2	1
62	3	1
62	4	1
62	5	1
63	0	0.99999862120095062
63	1	0.99999999999893707
63	2	1
63	3	1
63	4	1
63	5	1
65	0	0.99999737360344909
65	1	0.99999999999633682
65	2	1
65	3	1
65	4	1
65	5	1
65	6	1
66	0	0.9999980904018233
66	1	0.99999999999802092
66	2	1
66	3	1
66	4	1
66	5	1
66	6	1
73	0	0.99999701720444856
73	1	0.99999999999459344
73	2	1
73	3	1
73	4	1
73	5	1
73	6	1
74	0	0.99999733400355384
74	1	0.99999999999622879
74	2	1
74	3	1
74	4	1
74	5	1
74	6	1
75	0	0.99999697760456741
75	1	0.99999999999446176
75	2	1
75	3	1
75	4	1
75	5	1
75	6	1
76	0	0.99999858160100596
76	1	0.99999999999887834
76	2	1
76	3	1
76	4	1
76	5	1
77	0	0.99999853800106875
77	1	0.99999999999881206
77	2	1
77	3	1
77	4	1
77	5	1
78	0	0.99999849640113048
78	1	0.999999999998747
78	2	1
78	3	1
78	4	1
78	5	1
79	0	0.99999845480119387
79	1	0.99999999999868017
79	2	1
79	3	1
79	4	1
79	5	1
81	0	0.99999841320125893
81	1	0.99999999999861156
81	2	1
81	3	1
81	4	1
81	5	1
82	0	0.99999697760456741
82	1	0.99999999999446176
82	2	1
82	3	1
82	4	1
82	5	1
82	6	1
85	0	0.99999837360132271
85	1	0.99999999999854483
85	2	1
85	3	1
85	4	1
85	5	1
86	0	0.99999805080189985
86	1	0.99999999999794142
86	2	1
86	3	1
86	4	1
86	5	1
86	6	1
87	0	0.99999800920198167
87	1	0.99999999999737899
87	2	1
87	3	1
87	4	1
87	5	1
87	6	1
88	0	0.99999833400138782
88	1	0.99999999999847633
88	2	1
88	3	1
88	4	1
88	5	1

[frame_wcrt_distribution]
frame_id	response_time_ms	probability
0	0.50120000000000009	0.99999949880012562
0	0.56280000000000008	5.0119971792471899e-07
0	0.62440000000000007	1.5647454229726542e-13
0	0.68600000000000017	3.9310425566372125e-20
0	0.74760000000000004	8.7258425858664324e-27
0	0.80920000000000014	1.7908244338049985e-33
1	1.7471999999999996	0.99999825280152643
1	1.8287999999999998	1.7471968047235608e-06
1	1.9103999999999997	1.6689222516878857e-12
1	1.9156000000000004	8.1151147711214807e-40
1	1.9919999999999995	1.1554979350458203e-18
1	2.1551999999999998	1.4826466946052213e-31
1	2.3132000000000001	6.4909061115489734e-25
1	2.3948	3.2138844328045677e-31
1	2.4763999999999999	6.6174269837550069e-38
3	2.6344000000000021	8.1151147711214807e-40
3	2.7056000000000022	0.99999729440366014
3	2.7872000000000021	2.7055924589621917e-06
3	2.868800000000002	3.8809015064538003e-12
3	2.9504000000000024	3.9253000269270546e-18
3	3.0320000000000022	3.1422347171757625e-24
3	3.1136000000000021	2.6924496045207801e-31
3	3.1952000000000025	5.9249002357926197e-37
3	3.3532000000000011	1.8497610455543609e-30
3	3.434800000000001	9.843830222980393e-37
4	0.54280000000000006	0.99999945720014738
4	0.60440000000000005	5.4279967193177879e-07
4	0.66600000000000004	1.8075227961894194e-13
4	0.72760000000000002	4.7893177707577936e-20
4	0.78920000000000012	1.1117048088469121e-26
4	0.8508	2.3701083469961503e-33
5	2.0304000000000002	0.99999796960206133
5	2.1988000000000012	8.1151147711214807e-40
5	2.3516000000000004	2.0303952253169741e-06
5	2.4332000000000003	2.7134199576985283e-12
5	2.4384000000000001	1.9562510600639704e-32
5	2.5148000000000006	2.3832867851268562e-18
5	2.5200000000000005	4.005725795854422e-38
5	2.5964000000000005	1.6536863969217812e-24
5	2.6780000000000004	9.530256555327946e-31
5	2.7596000000000007	3.4875421647358416e-37
9	0.34079999999999999	0.99999965920005807
9	0.40239999999999998	3.4079986286210781e-07
9	0.46399999999999997	7.9065563313570211e-14
9	0.52560000000000007	1.5691296200652581e-20
9	0.58719999999999994	2.8750554826085329e-27
9	0.64880000000000004	5.0322414170632796e-34
11	2.2384000000000013	8.1151147711214807e-40
11	2.3096000000000005	0.99999769040266706
11	2.3912000000000004	2.3095944772910834e-06
11	2.4728000000000003	2.8555823787071707e-12
11	2.4780000000000002	2.1255401723404831e-32
11	2.5544000000000007	2.5116679404965575e-18
11	2.5596000000000005	4.5808832454557623e-38
11	2.6360000000000006	1.7626277457562099e-24
11	2.7176000000000005	1.0285202725318915e-30
11	2.7992000000000008	4.0282724948560433e-37
12	2.2780000000000014	8.1151147711214807e-40
12	2.3492000000000015	0.99999765080275949
12	2.4308000000000014	2.3491942895715793e-06
12	2.5124000000000013	2.9510576257535118e-12
12	2.5176000000000003	2.3086756636344456e-32
12	2.5940000000000016	2.6345567544842538e-18
12	2.5992000000000006	5.2232731060262967e-38
12	2.6756000000000015	1.8748699584139886e-24
12	2.7572000000000014	1.1082988579876975e-30
12	2.8388000000000018	4.4059598323899973e-37
13	0.58440000000000014	0.99999941560017069
13	0.64600000000000013	5.8439962247772211e-07
13	0.70760000000000012	2.0676057369616693e-13
13	0.76920000000000011	5.7628481208155399e-20
13	0.8308000000000002	1.3963299981912788e-26
13	0.89240000000000008	3.0886370229308173e-33
13	10.0616	1.1102230246251565e-16
14	2.6740000000000022	8.1151147711214807e-40
14	2.7452000000000023	0.99999725480376811
14	2.8268000000000022	2.7451922398796093e-06
14	2.9084000000000021	3.9920582294809679e-12
14	2.9900000000000024	4.0903815230743063e-18
14	3.1532000000000022	9.4252955617769034e-32
14	3.2348000000000026	3.0308006377794292e-37
14	3.3112000000000013	3.3147844070000355e-24
14	3.3928000000000011	2.9614733685731132e-30
14	3.474400000000001	1.5356768343582437e-36
17	0.10120000000000001	0.99999989880000517
17	0.1608	1.0119998372704138e-07
17	0.22040000000000001	1.1152237542046581e-14
17	0.28000000000000003	1.3223462964096524e-21
17	0.33960000000000001	1.651475624726784e-28
17	0.3992	2.1417129426682251e-35
19	1.7075999999999996	0.99999829240145788
19	1.7891999999999997	1.7075969447648122e-06
19	1.8707999999999996	1.5972860517944602e-12
19	1.8760000000000003	1.0382104335251053e-39
19	1.9523999999999995	1.0848548772232727e-18
19	2.0339999999999998	5.987242750731876e-25
19	2.1155999999999997	2.850613312055543e-31
19	20.081600000000002	1.1102230246251565e-16
21	1.7887999999999997	0.99999821120159982
21	1.8703999999999996	1.7887966542316073e-06
21	1.9519999999999997	1.7458653920674271e-12
21	1.9572000000000007	1.312959050936332e-39
21	2.0335999999999999	1.2329365266390629e-18
21	2.1967999999999996	1.6438870848159568e-31
21	2.3548000000000004	7.0534864313221464e-25
21	2.4364000000000003	3.5178244649729233e-31
21	2.5180000000000007	7.3218923935721025e-38
21	50.081600000000002	1.1102230246251565e-16
22	2.3176000000000014	8.1151147711214807e-40
22	2.3888000000000016	0.99999761120285313
22	2.4704000000000015	2.3887940987157707e-06
22	2.5520000000000014	3.0481010212362786e-12
22	2.5572000000000008	2.3935710154952824e-32
22	2.6336000000000017	2.7613853935471955e-18
22	2.6388000000000007	5.9390408636868304e-38
22	2.7152000000000016	1.9923830776848874e-24
22	2.7968000000000015	1.1940522562578852e-30
22	2.8784000000000018	4.8111042523311268e-37
23	0.628	0.99999937200019728
23	0.69159999999999999	6.279995656753495e-07
23	0.75519999999999998	2.371326209173772e-13
23	0.81879999999999997	7.0171975929829331e-20
23	0.88240000000000007	1.7978130025285726e-26
23	0.94599999999999995	4.1912405561821032e-33
24	0.14080000000000001	0.99999985920001
24	0.20040000000000002	1.4079997178368289e-07
24	0.26000000000000001	1.8303995240960604e-14
24	0.3196	2.3969821885910364e-21
24	0.37919999999999998	3.1988673734852619e-28
24	0.43879999999999997	4.3499847285639739e-35
25	0.1804	0.99999981960001627
25	0.23999999999999999	1.8039995670400535e-07
25	0.29959999999999998	2.7023911903634785e-14
25	0.35920000000000002	3.8793394492076876e-21
25	0.41880000000000001	5.5213481001709298e-28
25	0.47839999999999999	7.8744422567693165e-35
26	0.66960000000000008	0.99999933040022415
26	0.73320000000000007	6.6959950904946009e-07
26	0.79680000000000006	2.6676842743883312e-13
26	0.86040000000000005	8.2616087573087777e-20
26	0.92400000000000015	2.2009983432365893e-26
26	0.98760000000000003	5.3083329133640657e-33
27	0.38040000000000002	0.99999961960007244
27	0.442	3.8039983186323739e-07
27	0.50360000000000005	9.5784671762827279e-14
27	0.56520000000000004	2.025318448889693e-20
27	0.62680000000000002	3.9031564346879863e-27
27	0.68840000000000001	7.1190567641082692e-34
29	1.8283999999999998	0.99999817160167159
29	1.9099999999999997	1.8283965077593342e-06
29	1.9915999999999998	1.8207170938562249e-12
29	1.9968000000000008	8.1151147711214807e-40
29	2.2363999999999997	1.0090345142698615e-31
29	2.3128000000000006	1.3097890583856948e-18
29	2.3944000000000005	1.0760445404161725e-24
29	2.4760000000000004	5.2607083440620584e-31
29	2.5576000000000008	8.2075748816161929e-38
30	0.71119999999999994	0.99999928880025291
30	0.77479999999999993	7.1119944896245386e-07
30	0.83839999999999992	2.9813479004368827e-13
30	0.90199999999999991	9.6439107145220009e-20
30	0.96560000000000001	2.6679141974535642e-26
30	1.0291999999999999	6.6498097958080649e-33
31	2.3572000000000015	8.1151147711214807e-40
31	2.4284000000000017	0.99999757160294866
31	2.5100000000000016	2.4283939047236518e-06
31	2.5916000000000015	3.1467125649691546e-12
31	2.5968000000000009	2.5938364962779536e-32
31	2.6732000000000018	2.892215956187313e-18
31	2.6784000000000008	6.7347440153986031e-38
31	2.7548000000000017	2.1153294172172329e-24
31	2.8364000000000016	1.2838697499196036e-30
31	2.9180000000000019	5.2451617338351321e-37
32	1.8679999999999999	0.9999981320017447
32	1.9495999999999998	1.8679963581507512e-06
32	2.0312000000000001	1.8971369465315242e-12
32	2.0364000000000009	8.1151147711214807e-40
32	2.2759999999999998	1.1283303366313501e-31
32	2.3524000000000007	1.3897650195662617e-18
32	2.4340000000000006	1.1554423149558016e-24
32	2.5156000000000005	5.6900931158340201e-31
32	2.5972000000000008	1.1598387277915776e-37
33	2.3968000000000016	8.1151147711214807e-40
33	2.4680000000000017	0.99999753200304553
33	2.5496000000000016	2.4679937075952228e-06
33	2.6312000000000015	3.2468922567658558e-12
33	2.7128000000000019	3.0271105408967219e-18
33	2.7180000000000009	7.6173700863481467e-38
33	2.7944000000000018	2.2438737497525889e-24
33	2.8760000000000017	1.4070781144927862e-30
33	2.957600000000002	5.7096386504726669e-37
34	2.7136000000000022	8.1151147711214807e-40
34	2.7848000000000024	0.99999721520387763
34	2.8664000000000023	2.7847920176607244e-06
34	2.9480000000000022	4.1047830990816009e-12
34	3.0296000000000025	4.2600238288736013e-18
34	3.1928000000000023	9.8892530859340713e-32
34	3.2744000000000026	3.289042134636731e-37
34	3.3508000000000013	3.494339550257636e-24
34	3.4324000000000012	3.1499116408282209e-30
34	3.5140000000000011	1.6492144743104365e-36
35	0.22000000000000003	0.99999978000002421
35	0.27960000000000002	2.1999993848800866e-07
35	0.33920000000000006	3.7311987343771771e-14
35	0.39880000000000004	5.8315171410571755e-21
35	0.45840000000000003	8.8296820836728169e-28
35	0.51800000000000002	1.3199585365825641e-34
36	0.75280000000000002	0.99999924720028333
36	0.81640000000000001	7.5279938541433083e-07
36	0.88	3.3123170851596897e-13
36	0.94359999999999999	1.1171302570220582e-19
36	1.0072000000000001	3.2049044238398558e-26
36	1.0708	8.2476725285164009e-33
36	10.063599999999999	1.1102230246251565e-16
37	0.79439999999999988	0.99999920560031552
37	0.85799999999999987	7.9439931840509206e-07
37	0.92159999999999986	3.6605918263970244e-13
37	0.98519999999999985	1.2850983428804908e-19
37	1.1123999999999998	4.4932399161783483e-33
37	1.2884000000000004	3.818611448538158e-26
37	1.3520000000000005	1.4792967358636531e-32
38	0.83599999999999985	0.99999916400034949
38	0.89959999999999984	8.3599924793473785e-07
38	0.96319999999999983	4.0261721219891505e-13
38	1.0267999999999999	1.4690152393477095e-19
38	1.1539999999999999	5.5585778478368488e-33
38	1.3300000000000003	4.5159797577791788e-26
38	1.3936000000000004	1.7616854119258344e-32
39	2.4364000000000017	8.1151147711214807e-40
39	2.5076000000000018	0.99999749240314406
39	2.5892000000000017	2.507593507330487e-06
39	2.6708000000000016	3.3486400964400911e-12
39	2.752400000000002	3.1661312461576995e-18
39	2.7576000000000009	8.594355032959059e-38
39	2.8340000000000019	2.3781833071252226e-24
39	2.9156000000000017	1.5100368156287271e-30
39	2.9972000000000021	6.2060926341847395e-37
40	0.87759999999999982	0.99999912240038513
40	0.94119999999999981	8.77599174003268e-07
40	1.0047999999999999	4.4090579697763192e-13
40	1.1955999999999998	4.7913140052552916e-33
40	1.3080000000000003	1.6696004565878385e-19
40	1.3716000000000002	9.3046133272325515e-26
40	1.4352000000000003	3.019804947197788e-32
41	2.7532000000000019	8.1151147711214807e-40
41	2.8244000000000025	0.99999717560398849
41	2.9060000000000024	2.8243917923055281e-06
41	2.9876000000000023	4.2190761150693866e-12
41	3.2324000000000024	6.8383575386925914e-32
41	3.3088000000000011	4.4342879802730116e-18
41	3.3140000000000027	2.2748713455602361e-37
41	3.390400000000001	4.7435416119599776e-24
41	3.4720000000000009	3.5970550016972334e-30
41	3.5536000000000012	1.8985466534193971e-36
41	1000.0816	1.1102230246251565e-16
42	2.4760000000000018	8.1151147711214807e-40
42	2.5472000000000019	0.99999745280324404
42	2.6288000000000018	2.5471933039294411e-06
42	2.7104000000000017	3.4519560838055569e-12
42	2.792000000000002	3.3093401704426946e-18
42	2.8736000000000019	2.51842778026165e-24
42	2.9552000000000018	1.618929919637457e-30
42	3.0368000000000022	7.7332437572575956e-37
42	100.08159999999999	1.1102230246251565e-16
43	0.25960000000000005	0.9999997404000337
43	0.31920000000000004	2.5959991713569323e-07
43	0.37880000000000003	4.9168221375074222e-14
43	0.43840000000000007	8.3156143171005576e-21
43	0.49800000000000005	1.3359224815104389e-27
43	0.5576000000000001	2.0912901964138001e-34
44	2.7928000000000019	8.1151147711214807e-40
44	2.8640000000000025	0.99999713600410112
44	2.9456000000000024	2.8639915638140254e-06
44	3.0272000000000023	4.3349372772580227e-12
44	3.2720000000000025	7.233706844861295e-32
44	3.3484000000000012	4.6132381577008309e-18
44	3.3536000000000028	2.5058486696397791e-37
44	3.430000000000001	4.9805457879673386e-24
44	3.5116000000000009	3.8143203403266536e-30
44	3.5932000000000013	2.0323274409409141e-36
44	1000.0816	1.1102230246251565e-16
46	2.832400000000002	8.1151147711214807e-40
46	2.9036000000000026	0.99999709640421541
46	2.9852000000000025	2.903591332186218e-06
46	3.3064000000000009	4.4523655186743222e-12
46	3.3116000000000025	7.3381624209960374e-32
46	3.3880000000000012	5.8637221300491158e-18
46	3.3932000000000029	2.5549254288618387e-37
46	3.4696000000000011	5.4411109833660573e-24
46	3.551200000000001	4.0867282354944273e-30
46	3.6328000000000014	2.2322574231765642e-36
46	1000.0816	1.1102230246251565e-16
47	2.5156000000000014	1.0382104335251053e-39
47	2.586800000000002	0.99999741320334579
47	2.6684000000000019	2.5867930973920888e-06
47	2.7500000000000018	3.5568402186759523e-12
47	2.8316000000000021	3.4567994122142675e-18
47	2.913200000000002	2.6647793191800691e-24
47	2.9948000000000019	1.7340101045624279e-30
47	3.0764000000000022	8.3834989430827706e-37
48	0.92719999999999969	0.99999907280042988
48	0.99679999999999969	9.2719907576750039e-07
48	1.2751999999999997	6.0025326510011787e-33
48	1.306	4.9438239433617109e-13
48	1.3756000000000002	3.178783876435223e-19
48	1.4452	1.3791455341489104e-25
48	1.5148000000000001	4.3668826144898629e-32
49	0.97279999999999955	0.99999902720047318
49	1.0543999999999996	9.7279897428021979e-07
49	1.3755999999999999	5.5254963991219255e-13
49	1.3807999999999996	7.7298700559579664e-33
49	1.4571999999999998	3.727612670732196e-19
49	1.5387999999999999	1.7314355549179974e-25
49	1.6204000000000001	5.9813109602472714e-32
54	0.42000000000000004	0.99999958000008826
54	0.48160000000000003	4.1999979772804923e-07
54	0.54320000000000002	1.1407193803610666e-13
54	0.6048	2.5604797314213928e-20
54	0.6664000000000001	5.1789620002585732e-27
54	0.72799999999999998	9.830900321115695e-34
56	2.8720000000000021	8.1151147711214807e-40
56	2.9432000000000027	0.99999705680433126
56	3.0248000000000026	2.9431910974221056e-06
56	3.346000000000001	4.5713629441940008e-12
56	3.3512000000000026	7.7665015318423357e-32
56	3.4276000000000013	6.0807403940558246e-18
56	3.432800000000003	2.8202790770712368e-37
56	3.5092000000000012	5.7014869867257479e-24
56	3.5908000000000011	4.3261771827053685e-30
56	3.6724000000000014	2.3831074373023449e-36
58	1.0163999999999995	0.99999898360051653
58	1.3375999999999997	1.0163986404642677e-06
58	1.4191999999999996	8.430009636121835e-13
58	1.4243999999999994	7.1856696967251956e-33
58	1.5007999999999995	4.6213174889614982e-19
58	1.5823999999999996	2.0555054953720825e-25
58	1.6639999999999997	7.2708716028340877e-32
59	1.2955999999999994	0.99999870440083938
59	1.3771999999999993	1.295598215700908e-06
59	1.4587999999999994	9.4500926141948483e-13
59	1.4639999999999995	8.1151147711214807e-40
59	1.5403999999999995	5.1237276848971419e-19
59	1.6219999999999994	2.3036237257979582e-25
59	1.7035999999999993	9.0940964426890594e-32
60	0.30120000000000002	0.99999969880004536
60	0.36280000000000001	3.0119989072466013e-07
60	0.4244	6.3914612874632646e-14
60	0.48600000000000004	1.1857033437480369e-20
60	0.54760000000000009	2.0607903232197136e-27
60	0.60919999999999996	3.4571090511033602e-34
61	1.3391999999999995	0.99999866080089672
61	1.4207999999999994	1.3391980972659906e-06
61	1.5023999999999995	1.0060055285761588e-12
61	1.5075999999999996	1.312959050936332e-39
61	1.5839999999999996	5.600204121269632e-19
61	1.6655999999999995	2.5783722125157846e-25
61	1.7471999999999994	1.0400015737253687e-31
62	0.45960000000000006	0.99999954040010564
62	0.52120000000000011	4.5959976045654265e-07
62	0.5828000000000001	1.339273619471109e-13
62	0.64440000000000008	3.1808233678767649e-20
62	0.70600000000000007	6.738800118805441e-27
62	0.76760000000000006	1.3296531091001702e-33
63	1.3787999999999996	0.99999862120095062
63	1.4603999999999995	1.3787979864019507e-06
63	1.5419999999999996	1.0630531607707648e-12
63	1.5471999999999997	8.1151147711214807e-40
63	1.6235999999999997	6.0576950187984066e-19
63	1.7051999999999996	2.8484937073716962e-25
63	1.7867999999999995	1.1711785462853624e-31
65	2.5552000000000019	8.1151147711214807e-40
65	2.6264000000000021	0.99999737360344909
65	2.708000000000002	2.6263928877184323e-06
65	2.7896000000000019	3.6632925008649959e-12
65	2.8712000000000022	3.6085710699252289e-18
65	2.9528000000000021	2.8174125329900266e-24
65	3.034400000000002	1.8555371096494127e-30
65	3.1160000000000023	9.1543476990370673e-37
66	1.9096	0.9999980904018233
66	1.9912000000000001	1.9095961976082662e-06
66	2.0780000000000007	1.0382104335251053e-39
66	2.3124000000000011	1.9791048635126249e-12
66	2.3176000000000001	1.1182265315512891e-31
66	2.394000000000001	1.9514053837965931e-18
66	2.4756000000000009	1.3389415484174075e-24
66	2.5572000000000008	6.502364280903587e-31
66	2.6388000000000007	1.2731081401206587e-37
73	2.9116000000000022	8.1151147711214807e-40
73	2.9828000000000028	0.99999701720444856
73	3.3040000000000012	2.9827901448450851e-06
73	3.3856000000000011	5.4066049753672178e-12
73	3.3908000000000027	7.1904174994092782e-32
73	3.4672000000000014	6.4469415134189898e-18
73	3.472400000000003	3.108212031592624e-37
73	3.5488000000000013	5.9990186488580552e-24
73	3.6304000000000012	4.5923462279021319e-30
73	3.7120000000000015	2.5691901027765949e-36
74	2.594800000000002	8.1151147711214807e-40
74	2.6660000000000021	0.99999733400355384
74	2.747600000000002	2.6659926749084656e-06
74	2.8292000000000019	3.7713129301863745e-12
74	2.9108000000000023	3.7647172420184465e-18
74	2.9924000000000022	2.9765044898917298e-24
74	3.0740000000000021	3.5564567139814084e-31
74	3.1556000000000024	5.4423002427355822e-37
74	3.313600000000001	1.6281317604803727e-30
74	3.3952000000000009	8.8127202736108226e-37
75	2.9512000000000023	8.1151147711214807e-40
75	3.0224000000000029	0.99999697760456741
75	3.3436000000000012	3.0223898943202577e-06
75	3.4252000000000011	5.5382267904331151e-12
75	3.4304000000000028	7.642702353044405e-32
75	3.5068000000000015	6.6764268347026692e-18
75	3.5120000000000031	3.4202358620028265e-37
75	3.5884000000000014	6.2783930821110058e-24
75	3.6700000000000013	4.8545668142697796e-30
75	3.7516000000000016	2.7373302230208613e-36
76	1.4183999999999992	0.99999858160100596
76	1.4999999999999991	1.418397872401595e-06
76	1.5815999999999992	1.1216689459669937e-12
76	1.5867999999999998	8.1151147711214807e-40
76	1.6631999999999993	6.5393668670759745e-19
76	1.7447999999999992	3.1392339379205095e-25
76	1.8263999999999991	1.3152259210527439e-31
77	1.4619999999999993	0.99999853800106875
77	1.5435999999999992	1.4619977432585413e-06
77	1.6251999999999993	1.1880192692295135e-12
77	1.6303999999999998	1.312959050936332e-39
77	1.7067999999999994	7.0984029559021485e-19
77	1.7883999999999993	3.4844106927485256e-25
77	1.8699999999999992	1.4898132188531904e-31
78	1.5035999999999992	0.99999849640113048
78	1.5851999999999991	1.503597616495169e-06
78	1.6667999999999992	1.2530981513342602e-12
78	1.6719999999999997	1.0382104335251053e-39
78	1.7483999999999993	7.6605844215824876e-19
78	1.8299999999999992	3.8394900792267237e-25
78	1.9115999999999991	1.6731636223608289e-31
79	1.5451999999999992	0.99999845480119387
79	1.6267999999999994	1.5451974862706844e-06
79	1.7083999999999993	1.3199075850679551e-12
79	1.7136	1.0382104335251053e-39
79	1.7899999999999991	8.251610762936859e-19
79	1.8715999999999993	4.2209650337417279e-25
79	1.9531999999999994	1.8740861664010275e-31
81	1.5867999999999991	0.99999841320125893
81	1.6683999999999992	1.586797352585089e-06
81	1.7499999999999991	1.3884475702146273e-12
81	1.7551999999999999	1.0382104335251053e-39
81	1.831599999999999	8.8722018880068262e-19
81	1.9131999999999991	4.6301092205714082e-25
81	1.9947999999999992	2.0938116251534438e-31
82	2.9512000000000018	8.1151147711214807e-40
82	3.0224000000000029	0.99999697760456741
82	3.3436000000000008	3.0223898943202585e-06
82	3.4252000000000011	5.5382267904331167e-12
82	3.4304000000000028	7.642702353044405e-32
82	3.506800000000001	6.6764268347026738e-18
82	3.5120000000000031	3.4202358620028265e-37
82	3.5884000000000009	6.2783930821110102e-24
82	3.6700000000000008	4.8545668142697831e-30
82	3.7516000000000007	2.737330223020863e-36
85	1.6263999999999994	0.99999837360132271
85	1.7079999999999993	1.6263972221111721e-06
85	1.7895999999999994	1.4553001155925811e-12
85	1.7948000000000004	8.1151147711214807e-40
85	1.8711999999999995	9.4910818822976314e-19
85	1.9527999999999994	5.0464802166039441e-25
85	2.0343999999999993	2.3216177524226917e-31
86	1.9492	0.99999805080189985
86	2.0308000000000002	1.9491960415686613e-06
86	2.1176000000000008	8.1151147711214807e-40
86	2.3520000000000003	2.0587401978373665e-12
86	2.3572000000000002	1.7109195916984783e-32
86	2.4336000000000007	2.0570601873829093e-18
86	2.4388000000000001	3.0127672933087787e-38
86	2.5152000000000005	1.431072376894065e-24
86	2.5968000000000004	8.0843743244657957e-31
86	2.6784000000000008	2.3611324135592529e-37
87	1.9908000000000001	0.99999800920198167
87	2.1592000000000011	1.0382104335251053e-39
87	2.3120000000000007	1.9907953972757213e-06
87	2.3936000000000011	2.6210810061729978e-12
87	2.3988	1.8819355027945713e-32
87	2.475200000000001	2.2680913253734084e-18
87	2.4804000000000004	3.4676383549974402e-38
87	2.5568000000000008	1.5515088928487407e-24
87	2.6384000000000007	8.8149379961840726e-31
87	2.7200000000000006	2.6107472611604017e-37
88	1.6659999999999995	0.99999833400138782
88	1.7475999999999994	1.6659970885009455e-06
88	1.8291999999999995	1.5237208128073406e-12
88	1.8344000000000005	8.1151147711214807e-40
88	1.9107999999999996	1.0138025565308921e-18
88	1.9923999999999995	5.4902546602165461e-25
88	2.0739999999999994	2.5687861523002423e-31

[frame_wcrt_cdf]
frame_id	response_time_ms	cumulative_probability
0	0.50120000000000009	0.99999949880012562
0	0.56280000000000008	0.99999999999984357
0	0.62440000000000007	1
0	0.68600000000000017	1
0	0.74760000000000004	1
0	0.80920000000000014	1
1	1.7471999999999996	0.99999825280152643
1	1.8287999999999998	0.99999999999833111
1	1.9103999999999997	1
1	1.9156000000000004	1
1	1.9919999999999995	1
1	2.1551999999999998	1
1	2.3132000000000001	1
1	2.3948	1
1	2.4763999999999999	1
3	2.6344000000000021	8.1151147711214807e-40
3	2.7056000000000022	0.99999729440366014
3	2.7872000000000021	0.9999999999961191
3	2.868800000000002	1
3	2.9504000000000024	1
3	3.0320000000000022	1
3	3.1136000000000021	1
3	3.1952000000000025	1
3	3.3532000000000011	1
3	3.434800000000001	1
4	0.54280000000000006	0.99999945720014738
4	0.60440000000000005	0.99999999999981926
4	0.66600000000000004	1
4	0.72760000000000002	1
4	0.78920000000000012	1
4	0.8508	1
5	2.0304000000000002	0.99999796960206133
5	2.1988000000000012	0.99999796960206133
5	2.3516000000000004	0.99999999999728661
5	2.4332000000000003	1
5	2.4384000000000001	1
5	2.5148000000000006	1
5	2.5200000000000005	1
5	2.5964000000000005	1
5	2.6780000000000004	1
5	2.7596000000000007	1
9	0.34079999999999999	0.99999965920005807
9	0.40239999999999998	0.99999999999992095
9	0.46399999999999997	1
9	0.52560000000000007	1
9	0.58719999999999994	1
9	0.64880000000000004	1
11	2.2384000000000013	8.1151147711214807e-40
11	2.3096000000000005	0.99999769040266706
11	2.3912000000000004	0.9999999999971444
11	2.4728000000000003	1
11	2.4780000000000002	1
11	2.5544000000000007	1
11	2.5596000000000005	1
11	2.6360000000000006	1
11	2.7176000000000005	1
11	2.7992000000000008	1
12	2.2780000000000014	8.1151147711214807e-40
12	2.3492000000000015	0.99999765080275949
12	2.4308000000000014	0.99999999999704903
12	2.5124000000000013	1
12	2.5176000000000003	1
12	2.5940000000000016	1
12	2.5992000000000006	1
12	2.6756000000000015	1
12	2.7572000000000014	1
12	2.8388000000000018	1
13	0.58440000000000014	0.99999941560017069
13	0.64600000000000013	0.99999999999979317
13	0.70760000000000012	0.99999999999999989
13	0.76920000000000011	0.99999999999999989
13	0.8308000000000002	0.99999999999999989
13	0.89240000000000008	0.99999999999999989
13	10.0616	1
14	2.6740000000000022	8.1151147711214807e-40
14	2.7452000000000023	0.99999725480376811
14	2.8268000000000022	0.99999999999600797
14	2.9084000000000021	1
14	2.9900000000000024	1
14	3.1532000000000022	1
14	3.2348000000000026	1
14	3.3112000000000013	1
14	3.3928000000000011	1
14	3.474400000000001	1
17	0.10120000000000001	0.99999989880000517
17	0.1608	0.9999999999999889
17	0.22040000000000001	1
17	0.28000000000000003	1
17	0.33960000000000001	1
17	0.3992	1
19	1.7075999999999996	0.99999829240145788
19	1.7891999999999997	0.99999999999840261
19	1.8707999999999996	0.99999999999999989
19	1.8760000000000003	0.99999999999999989
19	1.9523999999999995	0.99999999999999989
19	2.0339999999999998	0.99999999999999989
19	2.1155999999999997	0.99999999999999989
19	20.081600000000002	1
21	1.7887999999999997	0.99999821120159982
21	1.8703999999999996	0.99999999999825406
21	1.9519999999999997	0.99999999999999989
21	1.9572000000000007	0.99999999999999989
21	2.0335999999999999	0.99999999999999989
21	2.1967999999999996	0.99999999999999989
21	2.3548000000000004	0.99999999999999989
21	2.4364000000000003	0.99999999999999989
21	2.5180000000000007	0.99999999999999989
21	50.081600000000002	1
22	2.3176000000000014	8.1151147711214807e-40
22	2.3888000000000016	0.99999761120285313
22	2.4704000000000015	0.99999999999695188
22	2.5520000000000014	1
22	2.5572000000000008	1
22	2.6336000000000017	1
22	2.6388000000000007	1
22	2.7152000000000016	1
22	2.7968000000000015	1
22	2.8784000000000018	1
23	0.628	0.99999937200019728
23	0.69159999999999999	0.99999999999976297
23	0.75519999999999998	1
23	0.81879999999999997	1
23	0.88240000000000007	1
23	0.94599999999999995	1
24	0.14080000000000001	0.99999985920001
24	0.20040000000000002	0.99999999999998179
24	0.26000000000000001	1
24	0.3196	1
24	0.37919999999999998	1
24	0.43879999999999997	1
25	0.1804	0.99999981960001627
25	0.23999999999999999	0.99999999999997302
25	0.29959999999999998	1
25	0.35920000000000002	1
25	0.41880000000000001	1
25	0.47839999999999999	1
26	0.66960000000000008	0.99999933040022415
26	0.73320000000000007	0.99999999999973321
26	0.79680000000000006	1
26	0.86040000000000005	1
26	0.92400000000000015	1
26	0.98760000000000003	1
27	0.38040000000000002	0.99999961960007244
27	0.442	0.9999999999999043
27	0.50360000000000005	1
27	0.56520000000000004	1
27	0.62680000000000002	1
27	0.68840000000000001	1
29	1.8283999999999998	0.99999817160167159
29	1.9099999999999997	0.99999999999817935
29	1.9915999999999998	1
29	1.9968000000000008	1
29	2.2363999999999997	1
29	2.3128000000000006	1
29	2.3944000000000005	1
29	2.4760000000000004	1
29	2.5576000000000008	1
30	0.71119999999999994	0.99999928880025291
30	0.77479999999999993	0.99999999999970191
30	0.83839999999999992	1
30	0.90199999999999991	1
30	0.96560000000000001	1
30	1.0291999999999999	1
31	2.3572000000000015	8.1151147711214807e-40
31	2.4284000000000017	0.99999757160294866
31	2.5100000000000016	0.99999999999685341
31	2.5916000000000015	1
31	2.5968000000000009	1
31	2.6732000000000018	1
31	2.6784000000000008	1
31	2.7548000000000017	1
31	2.8364000000000016	1
31	2.9180000000000019	1
32	1.8679999999999999	0.9999981320017447
32	1.9495999999999998	0.99999999999810285
32	2.0312000000000001	1
32	2.0364000000000009	1
32	2.2759999999999998	1
32	2.3524000000000007	1
32	2.4340000000000006	1
32	2.5156000000000005	1
32	2.5972000000000008	1
33	2.3968000000000016	8.1151147711214807e-40
33	2.4680000000000017	0.99999753200304553
33	2.5496000000000016	0.99999999999675315
33	2.6312000000000015	1
33	2.7128000000000019	1
33	2.7180000000000009	1
33	2.7944000000000018	1
33	2.8760000000000017	1
33	2.957600000000002	1
34	2.7136000000000022	8.1151147711214807e-40
34	2.7848000000000024	0.99999721520387763
34	2.8664000000000023	0.99999999999589528
34	2.9480000000000022	1
34	3.0296000000000025	1
34	3.1928000000000023	1
34	3.2744000000000026	1
34	3.3508000000000013	1
34	3.4324000000000012	1
34	3.5140000000000011	1
35	0.22000000000000003	0.99999978000002421
35	0.27960000000000002	0.9999999999999627
35	0.33920000000000006	1
35	0.39880000000000004	1
35	0.45840000000000003	1
35	0.51800000000000002	1
36	0.75280000000000002	0.99999924720028333
36	0.81640000000000001	0.99999999999966871
36	0.88	0.99999999999999989
36	0.94359999999999999	0.99999999999999989
36	1.0072000000000001	0.99999999999999989
36	1.0708	0.99999999999999989
36	10.063599999999999	1
37	0.79439999999999988	0.99999920560031552
37	0.85799999999999987	0.99999999999963396
37	0.92159999999999986	1
37	0.98519999999999985	1
37	1.1123999999999998	1
37	1.2884000000000004	1
37	1.3520000000000005	1
38	0.83599999999999985	0.99999916400034949
38	0.89959999999999984	0.99999999999959743
38	0.96319999999999983	1
38	1.0267999999999999	1
38	1.1539999999999999	1
38	1.3300000000000003	1
38	1.3936000000000004	1
39	2.4364000000000017	8.1151147711214807e-40
39	2.5076000000000018	0.99999749240314406
39	2.5892000000000017	0.99999999999665135
39	2.6708000000000016	1
39	2.752400000000002	1
39	2.7576000000000009	1
39	2.8340000000000019	1
39	2.9156000000000017	1
39	2.9972000000000021	1
40	0.87759999999999982	0.99999912240038513
40	0.94119999999999981	0.99999999999955913
40	1.0047999999999999	1
40	1.1955999999999998	1
40	1.3080000000000003	1
40	1.3716000000000002	1
40	1.4352000000000003	1
41	2.7532000000000019	8.1151147711214807e-40
41	2.8244000000000025	0.99999717560398849
41	2.9060000000000024	0.99999999999578082
41	2.9876000000000023	0.99999999999999989
41	3.2324000000000024	0.99999999999999989
41	3.3088000000000011	0.99999999999999989
41	3.3140000000000027	0.99999999999999989
41	3.390400000000001	0.99999999999999989
41	3.4720000000000009	0.99999999999999989
41	3.5536000000000012	0.99999999999999989
41	1000.0816	1
42	2.4760000000000018	8.1151147711214807e-40
42	2.5472000000000019	0.99999745280324404
42	2.6288000000000018	0.99999999999654798
42	2.7104000000000017	0.99999999999999989
42	2.792000000000002	0.99999999999999989
42	2.8736000000000019	0.99999999999999989
42	2.9552000000000018	0.99999999999999989
42	3.0368000000000022	0.99999999999999989
42	100.08159999999999	1
43	0.25960000000000005	0.9999997404000337
43	0.31920000000000004	0.99999999999995082
43	0.37880000000000003	1
43	0.43840000000000007	1
43	0.49800000000000005	1
43	0.5576000000000001	1
44	2.7928000000000019	8.1151147711214807e-40
44	2.8640000000000025	0.99999713600410112
44	2.9456000000000024	0.99999999999566491
44	3.0272000000000023	0.99999999999999989
44	3.2720000000000025	0.99999999999999989
44	3.3484000000000012	0.99999999999999989
44	3.3536000000000028	0.99999999999999989
44	3.430000000000001	0.99999999999999989
44	3.5116000000000009	0.99999999999999989
44	3.5932000000000013	0.99999999999999989
44	1000.0816	1
46	2.832400000000002	8.1151147711214807e-40
46	2.9036000000000026	0.99999709640421541
46	2.9852000000000025	0.99999999999554756
46	3.3064000000000009	0.99999999999999989
46	3.3116000000000025	0.99999999999999989
46	3.3880000000000012	0.99999999999999989
46	3.3932000000000029	0.99999999999999989
46	3.4696000000000011	0.99999999999999989
46	3.551200000000001	0.99999999999999989
46	3.6328000000000014	0.99999999999999989
46	1000.0816	1
47	2.5156000000000014	1.0382104335251053e-39
47	2.586800000000002	0.99999741320334579
47	2.6684000000000019	0.99999999999644318
47	2.7500000000000018	1
47	2.8316000000000021	1
47	2.913200000000002	1
47	2.9948000000000019	1
47	3.0764000000000022	1
48	0.92719999999999969	0.99999907280042988
48	0.99679999999999969	0.99999999999950562
48	1.2751999999999997	0.99999999999950562
48	1.306	1
48	1.3756000000000002	1
48	1.4452	1
48	1.5148000000000001	1
49	0.97279999999999955	0.99999902720047318
49	1.0543999999999996	0.99999999999944744
49	1.3755999999999999	1
49	1.3807999999999996	1
49	1.4571999999999998	1
49	1.5387999999999999	1
49	1.6204000000000001	1
54	0.42000000000000004	0.99999958000008826
54	0.48160000000000003	0.99999999999988598
54	0.54320000000000002	1
54	0.6048	1
54	0.6664000000000001	1
54	0.72799999999999998	1
56	2.8720000000000021	8.1151147711214807e-40
56	2.9432000000000027	0.99999705680433126
56	3.0248000000000026	0.99999999999542866
56	3.346000000000001	1
56	3.3512000000000026	1
56	3.4276000000000013	1
56	3.432800000000003	1
56	3.5092000000000012	1
56	3.5908000000000011	1
56	3.6724000000000014	1
58	1.0163999999999995	0.99999898360051653
58	1.3375999999999997	0.99999999999915701
58	1.4191999999999996	1
58	1.4243999999999994	1
58	1.5007999999999995	1
58	1.5823999999999996	1
58	1.6639999999999997	1
59	1.2955999999999994	0.99999870440083938
59	1.3771999999999993	0.99999999999905509
59	1.4587999999999994	1
59	1.4639999999999995	1
59	1.5403999999999995	1
59	1.6219999999999994	1
59	1.7035999999999993	1
60	0.30120000000000002	0.99999969880004536
60	0.36280000000000001	0.99999999999993605
60	0.4244	1
60	0.48600000000000004	1
60	0.54760000000000009	1
60	0.60919999999999996	1
61	1.3391999999999995	0.99999866080089672
61	1.4207999999999994	0.99999999999899403
61	1.5023999999999995	1
61	1.5075999999999996	1
61	1.5839999999999996	1
61	1.6655999999999995	1
61	1.7471999999999994	1
62	0.45960000000000006	0.99999954040010564
62	0.52120000000000011	0.99999999999986611
62	0.5828000000000001	1
62	0.64440000000000008	1
62	0.70600000000000007	1
62	0.76760000000000006	1
63	1.3787999999999996	0.99999862120095062
63	1.4603999999999995	0.99999999999893707
63	1.5419999999999996	1
63	1.5471999999999997	1
63	1.6235999999999997	1
63	1.7051999999999996	1
63	1.7867999999999995	1
65	2.5552000000000019	8.1151147711214807e-40
65	2.6264000000000021	0.99999737360344909
65	2.708000000000002	0.99999999999633682
65	2.7896000000000019	1
65	2.8712000000000022	1
65	2.9528000000000021	1
65	3.034400000000002	1
65	3.1160000000000023	1
66	1.9096	0.9999980904018233
66	1.9912000000000001	0.99999999999802092
66	2.0780000000000007	0.99999999999802092
66	2.3124000000000011	1
66	2.3176000000000001	1
66	2.394000000000001	1
66	2.4756000000000009	1
66	2.5572000000000008	1
66	2.6388000000000007	1
73	2.9116000000000022	8.1151147711214807e-40
73	2.9828000000000028	0.99999701720444856
73	3.3040000000000012	0.99999999999459344
73	3.3856000000000011	1
73	3.3908000000000027	1
73	3.4672000000000014	1
73	3.472400000000003	1
73	3.5488000000000013	1
73	3.6304000000000012	1
73	3.7120000000000015	1
74	2.594800000000002	8.1151147711214807e-40
74	2.6660000000000021	0.99999733400355384
74	2.747600000000002	0.99999999999622879
74	2.8292000000000019	1
74	2.9108000000000023	1
74	2.9924000000000022	1
74	3.0740000000000021	1
74	3.1556000000000024	1
74	3.313600000000001	1
74	3.3952000000000009	1
75	2.9512000000000023	8.1151147711214807e-40
75	3.0224000000000029	0.99999697760456741
75	3.3436000000000012	0.99999999999446176
75	3.4252000000000011	1
75	3.4304000000000028	1
75	3.5068000000000015	1
75	3.5120000000000031	1
75	3.5884000000000014	1
75	3.6700000000000013	1
75	3.7516000000000016	1
76	1.4183999999999992	0.99999858160100596
76	1.4999999999999991	0.99999999999887834
76	1.5815999999999992	1
76	1.5867999999999998	1
76	1.6631999999999993	1
76	1.7447999999999992	1
76	1.8263999999999991	1
77	1.4619999999999993	0.99999853800106875
77	1.5435999999999992	0.99999999999881206
77	1.6251999999999993	1
77	1.6303999999999998	1
77	1.7067999999999994	1
77	1.7883999999999993	1
77	1.8699999999999992	1
78	1.5035999999999992	0.99999849640113048
78	1.5851999999999991	0.999999999998747
78	1.6667999999999992	1
78	1.6719999999999997	1
78	1.7483999999999993	1
78	1.8299999999999992	1
78	1.9115999999999991	1
79	1.5451999999999992	0.99999845480119387
79	1.6267999999999994	0.99999999999868017
79	1.7083999999999993	1
79	1.7136	1
79	1.7899999999999991	1
79	1.8715999999999993	1
79	1.9531999999999994	1
81	1.5867999999999991	0.99999841320125893
81	1.6683999999999992	0.99999999999861156
81	1.7499999999999991	1
81	1.7551999999999999	1
81	1.831599999999999	1
81	1.9131999999999991	1
81	1.9947999999999992	1
82	2.9512000000000018	8.1151147711214807e-40
82	3.0224000000000029	0.99999697760456741
82	3.3436000000000008	0.99999999999446176
82	3.4252000000000011	1
82	3.4304000000000028	1
82	3.506800000000001	1
82	3.5120000000000031	1
82	3.5884000000000009	1
82	3.6700000000000008	1
82	3.7516000000000007	1
85	1.6263999999999994	0.99999837360132271
85	1.7079999999999993	0.99999999999854483
85	1.7895999999999994	1
85	1.7948000000000004	1
85	1.8711999999999995	1
85	1.9527999999999994	1
85	2.0343999999999993	1
86	1.9492	0.99999805080189985
86	2.0308000000000002	0.99999999999794142
86	2.1176000000000008	0.99999999999794142
86	2.3520000000000003	1
86	2.3572000000000002	1
86	2.4336000000000007	1
86	2.4388000000000001	1
86	2.5152000000000005	1
86	2.5968000000000004	1
86	2.6784000000000008	1
87	1.9908000000000001	0.99999800920198167
87	2.1592000000000011	0.99999800920198167
87	2.3120000000000007	0.99999999999737899
87	2.3936000000000011	1
87	2.3988	1
87	2.475200000000001	1
87	2.4804000000000004	1
87	2.5568000000000008	1
87	2.6384000000000007	1
87	2.7200000000000006	1
88	1.6659999999999995	0.99999833400138782
88	1.7475999999999994	0.99999999999847633
88	1.8291999999999995	1
88	1.8344000000000005	1
88	1.9107999999999996	1
88	1.9923999999999995	1
88	2.0739999999999994	1

[frame_distribution_quantiles]
frame_id	retry_q50	retry_q90	retry_q95	retry_q99	wcrt_q50_ms	wcrt_q90_ms	wcrt_q95_ms	wcrt_q99_ms
0	0	0	0	0	0.50120000000000009	0.50120000000000009	0.50120000000000009	0.50120000000000009
1	0	0	0	0	1.7471999999999996	1.7471999999999996	1.7471999999999996	1.7471999999999996
3	0	0	0	0	2.7056000000000022	2.7056000000000022	2.7056000000000022	2.7056000000000022
4	0	0	0	0	0.54280000000000006	0.54280000000000006	0.54280000000000006	0.54280000000000006
5	0	0	0	0	2.0304000000000002	2.0304000000000002	2.0304000000000002	2.0304000000000002
9	0	0	0	0	0.34079999999999999	0.34079999999999999	0.34079999999999999	0.34079999999999999
11	0	0	0	0	2.3096000000000005	2.3096000000000005	2.3096000000000005	2.3096000000000005
12	0	0	0	0	2.3492000000000015	2.3492000000000015	2.3492000000000015	2.3492000000000015
13	0	0	0	0	0.58440000000000014	0.58440000000000014	0.58440000000000014	0.58440000000000014
14	0	0	0	0	2.7452000000000023	2.7452000000000023	2.7452000000000023	2.7452000000000023
17	0	0	0	0	0.10120000000000001	0.10120000000000001	0.10120000000000001	0.10120000000000001
19	0	0	0	0	1.7075999999999996	1.7075999999999996	1.7075999999999996	1.7075999999999996
21	0	0	0	0	1.7887999999999997	1.7887999999999997	1.7887999999999997	1.7887999999999997
22	0	0	0	0	2.3888000000000016	2.3888000000000016	2.3888000000000016	2.3888000000000016
23	0	0	0	0	0.628	0.628	0.628	0.628
24	0	0	0	0	0.14080000000000001	0.14080000000000001	0.14080000000000001	0.14080000000000001
25	0	0	0	0	0.1804	0.1804	0.1804	0.1804
26	0	0	0	0	0.66960000000000008	0.66960000000000008	0.66960000000000008	0.66960000000000008
27	0	0	0	0	0.38040000000000002	0.38040000000000002	0.38040000000000002	0.38040000000000002
29	0	0	0	0	1.8283999999999998	1.8283999999999998	1.8283999999999998	1.8283999999999998
30	0	0	0	0	0.71119999999999994	0.71119999999999994	0.71119999999999994	0.71119999999999994
31	0	0	0	0	2.4284000000000017	2.4284000000000017	2.4284000000000017	2.4284000000000017
32	0	0	0	0	1.8679999999999999	1.8679999999999999	1.8679999999999999	1.8679999999999999
33	0	0	0	0	2.4680000000000017	2.4680000000000017	2.4680000000000017	2.4680000000000017
34	0	0	0	0	2.7848000000000024	2.7848000000000024	2.7848000000000024	2.7848000000000024
35	0	0	0	0	0.22000000000000003	0.22000000000000003	0.22000000000000003	0.22000000000000003
36	0	0	0	0	0.75280000000000002	0.75280000000000002	0.75280000000000002	0.75280000000000002
37	0	0	0	0	0.79439999999999988	0.79439999999999988	0.79439999999999988	0.79439999999999988
38	0	0	0	0	0.83599999999999985	0.83599999999999985	0.83599999999999985	0.83599999999999985
39	0	0	0	0	2.5076000000000018	2.5076000000000018	2.5076000000000018	2.5076000000000018
40	0	0	0	0	0.87759999999999982	0.87759999999999982	0.87759999999999982	0.87759999999999982
41	0	0	0	0	2.8244000000000025	2.8244000000000025	2.8244000000000025	2.8244000000000025
42	0	0	0	0	2.5472000000000019	2.5472000000000019	2.5472000000000019	2.5472000000000019
43	0	0	0	0	0.25960000000000005	0.25960000000000005	0.25960000000000005	0.25960000000000005
44	0	0	0	0	2.8640000000000025	2.8640000000000025	2.8640000000000025	2.8640000000000025
46	0	0	0	0	2.9036000000000026	2.9036000000000026	2.9036000000000026	2.9036000000000026
47	0	0	0	0	2.586800000000002	2.586800000000002	2.586800000000002	2.586800000000002
48	0	0	0	0	0.92719999999999969	0.92719999999999969	0.92719999999999969	0.92719999999999969
49	0	0	0	0	0.97279999999999955	0.97279999999999955	0.97279999999999955	0.97279999999999955
54	0	0	0	0	0.42000000000000004	0.42000000000000004	0.42000000000000004	0.42000000000000004
56	0	0	0	0	2.9432000000000027	2.9432000000000027	2.9432000000000027	2.9432000000000027
58	0	0	0	0	1.0163999999999995	1.0163999999999995	1.0163999999999995	1.0163999999999995
59	0	0	0	0	1.2955999999999994	1.2955999999999994	1.2955999999999994	1.2955999999999994
60	0	0	0	0	0.30120000000000002	0.30120000000000002	0.30120000000000002	0.30120000000000002
61	0	0	0	0	1.3391999999999995	1.3391999999999995	1.3391999999999995	1.3391999999999995
62	0	0	0	0	0.45960000000000006	0.45960000000000006	0.45960000000000006	0.45960000000000006
63	0	0	0	0	1.3787999999999996	1.3787999999999996	1.3787999999999996	1.3787999999999996
65	0	0	0	0	2.6264000000000021	2.6264000000000021	2.6264000000000021	2.6264000000000021
66	0	0	0	0	1.9096	1.9096	1.9096	1.9096
73	0	0	0	0	2.9828000000000028	2.9828000000000028	2.9828000000000028	2.9828000000000028
74	0	0	0	0	2.6660000000000021	2.6660000000000021	2.6660000000000021	2.6660000000000021
75	0	0	0	0	3.0224000000000029	3.0224000000000029	3.0224000000000029	3.0224000000000029
76	0	0	0	0	1.4183999999999992	1.4183999999999992	1.4183999999999992	1.4183999999999992
77	0	0	0	0	1.4619999999999993	1.4619999999999993	1.4619999999999993	1.4619999999999993
78	0	0	0	0	1.5035999999999992	1.5035999999999992	1.5035999999999992	1.5035999999999992
79	0	0	0	0	1.5451999999999992	1.5451999999999992	1.5451999999999992	1.5451999999999992
81	0	0	0	0	1.5867999999999991	1.5867999999999991	1.5867999999999991	1.5867999999999991
82	0	0	0	0	3.0224000000000029	3.0224000000000029	3.0224000000000029	3.0224000000000029
85	0	0	0	0	1.6263999999999994	1.6263999999999994	1.6263999999999994	1.6263999999999994
86	0	0	0	0	1.9492	1.9492	1.9492	1.9492
87	0	0	0	0	1.9908000000000001	1.9908000000000001	1.9908000000000001	1.9908000000000001
88	0	0	0	0	1.6659999999999995	1.6659999999999995	1.6659999999999995	1.6659999999999995

[signal_summary]
code	frame_id	period_ms	level	type	p_timeout	expected_wcrt_ms	wcrt_p95_ms	threshold_wcrt_ms	expected_retry_count	p_threshold
3086148	36	10	2	0	1.1102230246251565e-16	0.75280004787808408	0.75280000000000002	0.88	7.5280004854421674e-07	2.7777777777777779e-13
7063844	49	20	0	0	0	0.97280007938061841	0.97279999999999955	0.97279999999999955	9.7280007938061785e-07	1
7628717	61	20	0	0	0	1.3392001092787285	1.3391999999999995	1.3391999999999995	1.3392001092787277e-06	1
42498219	78	10	0	0	0	1.5036001226937694	1.5035999999999992	1.5035999999999992	1.5036001226937699e-06	1
58736208	87	100	0	0	0	1.9908006394445374	1.9908000000000001	1.9908000000000001	1.9908006394445377e-06	1
100455423	48	20	0	0	0	0.92720006453324266	0.92719999999999969	0.92719999999999969	9.2720006453324272e-07	1
101539856	37	20	0	0	0	0.7944000505238431	0.79439999999999988	0.79439999999999988	7.944000505238428e-07	1
114213959	66	100	0	0	0	1.9096001558238471	1.9096	1.9096	1.9096001558238477e-06	1
117802371	0	20	0	0	0	0.50120003087392195	0.50120000000000009	0.50120000000000009	5.0120003087392155e-07	1
143026177	38	10	0	0	0	0.83600005316960324	0.83599999999999985	0.83599999999999985	8.3600005316960289e-07	1
211583062	47	100	2	0	0	2.5868002110828994	2.586800000000002	2.7500000000000018	2.5868002110828965e-06	2.7777777777777777e-12
290230009	32	50	0	0	0	1.8680001524288123	1.8679999999999999	1.8679999999999999	1.8680001524288135e-06	1
294701062	0	20	1	0	0	0.50120003087392195	0.50120000000000009	0.56280000000000008	5.0120003087392155e-07	5.5555555555555559e-13
309639184	49	10	0	0	0	0.97280007938061841	0.97279999999999955	0.97279999999999955	9.7280007938061785e-07	1
322446520	81	10	0	0	0	1.5868001294828897	1.5867999999999991	1.5867999999999991	1.5868001294828911e-06	1
322523128	24	1	0	0	0	0.1408000083916805	0.14080000000000001	0.14080000000000001	1.4080000839168057e-07	1
365386841	4	10	0	0	0	0.54280003343648209	0.54280000000000006	0.54280000000000006	5.4280003343648172e-07	1
392396577	37	10	0	0	0	0.7944000505238431	0.79439999999999988	0.79439999999999988	7.944000505238428e-07	1
396621954	19	20	0	0	1.1102230246251565e-16	1.707600139340173	1.7075999999999996	1.7075999999999996	1.7076001400063041e-06	1
443140036	87	100	0	0	0	1.9908006394445374	1.9908000000000001	1.9908000000000001	1.9908006394445377e-06	1
458584726	54	10	0	0	0	0.42000002587200164	0.42000000000000004	0.42000000000000004	4.2000002587200214e-07	1
473945012	85	20	2	0	0	1.6264001327142503	1.6263999999999994	1.7895999999999994	1.6264001327142506e-06	5.5555555555555559e-13
486503100	0	20	1	0	0	0.50120003087392195	0.50120000000000009	0.56280000000000008	5.0120003087392155e-07	5.5555555555555559e-13
489124161	36	20	0	0	1.1102230246251565e-16	0.75280004787808408	0.75280000000000002	0.75280000000000002	7.5280004854421674e-07	1
500130331	61	20	0	0	0	1.3392001092787285	1.3391999999999995	1.3391999999999995	1.3392001092787277e-06	1
502559649	61	10	1	0	0	1.3392001092787285	1.3391999999999995	1.5023999999999995	1.3392001092787277e-06	2.7777777777777779e-13
515289415	1	100	0	0	0	1.7472001425715313	1.7471999999999996	1.7471999999999996	1.7472001425715307e-06	1
519334099	26	20	0	0	0	0.6696000425865628	0.66960000000000008	0.66960000000000008	6.6960004258656286e-07	1
593451542	79	20	0	0	0	1.5452001260883295	1.5451999999999992	1.5451999999999992	1.5452001260883299e-06	1
597871598	32	100	0	0	0	1.8680001524288123	1.8679999999999999	1.8679999999999999	1.8680001524288135e-06	1
612150703	33	100	2	0	0	2.4680002013888185	2.4680000000000017	2.6312000000000015	2.4680002013888179e-06	2.7777777777777777e-12
612574275	11	100	1	0	0	2.3096001884633761	2.3096000000000005	2.4728000000000003	2.3096001884633759e-06	2.7777777777777777e-12
619924802	19	20	0	0	1.1102230246251565e-16	1.707600139340173	1.7075999999999996	1.7075999999999996	1.7076001400063041e-06	1
622264355	76	20	1	0	0	1.4184001157414488	1.4183999999999992	1.5815999999999992	1.4184001157414487e-06	5.5555555555555559e-13
635305775	24	2	0	0	0	0.1408000083916805	0.14080000000000001	0.14080000000000001	1.4080000839168057e-07	1
651391793	4	10	3	0	0	0.54280003343648209	0.54280000000000006	0.66600000000000004	5.4280003343648172e-07	2.7777777777777781e-14
684007545	63	10	0	0	0	1.3788001125100886	1.3787999999999996	1.3787999999999996	1.3788001125100896e-06	1
689258591	58	20	0	0	0	1.0164003264675823	1.0163999999999995	1.0163999999999995	1.0164003264675813e-06	1
700832995	78	10	0	0	0	1.5036001226937694	1.5035999999999992	1.5035999999999992	1.5036001226937699e-06	1
708678087	78	10	0	0	0	1.5036001226937694	1.5035999999999992	1.5035999999999992	1.5036001226937699e-06	1
735201804	26	10	0	0	0	0.6696000425865628	0.66960000000000008	0.66960000000000008	6.6960004258656286e-07	1
743829560	88	10	2	0	0	1.6660001359456105	1.6659999999999995	1.8291999999999995	1.6660001359456125e-06	2.7777777777777779e-13
744171099	38	20	0	0	0	0.83600005316960324	0.83599999999999985	0.83599999999999985	8.3600005316960289e-07	1
748442895	77	20	2	0	0	1.4620001192992089	1.4619999999999993	1.6251999999999993	1.4620001192992091e-06	5.5555555555555559e-13
749072884	58	20	0	0	0	1.0164003264675823	1.0163999999999995	1.0163999999999995	1.0164003264675813e-06	1
773855554	66	50	0	0	0	1.9096001558238471	1.9096	1.9096	1.9096001558238477e-06	1
785708336	13	10	0	0	1.1102230246251565e-16	0.58440003599904344	0.58440000000000014	0.58440000000000014	5.8440003666517623e-07	1
792264068	49	20	0	0	0	0.97280007938061841	0.97279999999999955	0.97279999999999955	9.7280007938061785e-07	1
803100730	54	5	0	0	0	0.42000002587200164	0.42000000000000004	0.42000000000000004	4.2000002587200214e-07	1
807601901	37	20	0	0	0	0.7944000505238431	0.79439999999999988	0.79439999999999988	7.944000505238428e-07	1
843748667	46	1000	0	0	1.1102230246251565e-16	2.9036002369349592	2.9036000000000026	2.832400000000002	2.9036002377120027e-06	1
861280665	74	100	0	0	0	2.6660002175456197	2.6660000000000021	2.594800000000002	2.6660002175456203e-06	1
862333071	82	1000	0	0	0	3.0224009707938677	3.0224000000000029	2.9512000000000018	3.0224009707938689e-06	1
878158681	37	20	0	0	0	0.7944000505238431	0.79439999999999988	0.79439999999999988	7.944000505238428e-07	1
887234441	78	10	0	0	0	1.5036001226937694	1.5035999999999992	1.5035999999999992	1.5036001226937699e-06	1
908594773	13	20	0	0	1.1102230246251565e-16	0.58440003599904344	0.58440000000000014	0.58440000000000014	5.8440003666517623e-07	1
928333208	76	10	0	0	0	1.4184001157414488	1.4183999999999992	1.4183999999999992	1.4184001157414487e-06	1
948439464	34	1000	0	0	0	2.7848002272397014	2.7848000000000024	2.7136000000000022	2.7848002272397028e-06	1
955007883	78	10	0	0	0	1.5036001226937694	1.5035999999999992	1.5035999999999992	1.5036001226937699e-06	1
997021025	36	20	0	0	1.1102230246251565e-16	0.75280004787808408	0.75280000000000002	0.75280000000000002	7.5280004854421674e-07	1
1010452797	58	10	0	0	0	1.0164003264675823	1.0163999999999995	1.0163999999999995	1.0164003264675813e-06	1
1030352697	21	50	1	0	1.1102230246251565e-16	1.7888001459660972	1.7887999999999997	1.9519999999999997	1.7888001467432462e-06	1.3888888888888889e-12
1031818109	85	10	0	0	0	1.6264001327142503	1.6263999999999994	1.6263999999999994	1.6264001327142506e-06	1
1083712788	23	10	0	0	0	0.62800003994080256	0.628	0.628	6.2800003994080182e-07	1
1086305137	4	20	1	0	0	0.54280003343648209	0.54280000000000006	0.60440000000000005	5.4280003343648172e-07	5.5555555555555559e-13
1098884814	62	10	0	0	0	0.45960002831136182	0.45960000000000006	0.45960000000000006	4.5960002831136201e-07	1
1104618628	23	10	1	0	0	0.62800003994080256	0.628	0.69159999999999999	6.2800003994080182e-07	2.7777777777777779e-13
1120228824	46	1000	0	0	1.1102230246251565e-16	2.9036002369349592	2.9036000000000026	2.832400000000002	2.9036002377120027e-06	1
1121211252	43	1	2	0	0	0.25960001547216099	0.25960000000000005	0.37880000000000003	2.5960001547216091e-07	2.7777777777777774e-14
1122463312	17	1	0	0	0	0.10120000603152038	0.10120000000000001	0.10120000000000001	1.0120000603152044e-07	1
1128539275	33	100	0	0	0	2.4680002013888185	2.4680000000000017	2.3968000000000016	2.4680002013888179e-06	1
1146226517	59	10	1	0	0	1.2956001057209681	1.2955999999999994	1.4587999999999994	1.295600105720968e-06	2.7777777777777779e-13
1153496400	12	100	0	0	0	2.3492001916947376	2.3492000000000015	2.2780000000000014	2.3492001916947346e-06	1
1157820994	36	10	0	0	1.1102230246251565e-16	0.75280004787808408	0.75280000000000002	0.75280000000000002	7.5280004854421674e-07	1
1179227363	48	10	0	0	0	0.92720006453324266	0.92719999999999969	0.92719999999999969	9.2720006453324272e-07	1
1181641370	40	20	0	0	0	0.87760005581536338	0.87759999999999982	0.87759999999999982	8.7760005581536287e-07	1
1197072109	30	10	0	0	0	0.71120004523232283	0.71119999999999994	0.71119999999999994	7.1120004523232337e-07	1
1218645708	13	10	0	0	1.1102230246251565e-16	0.58440003599904344	0.58440000000000014	0.58440000000000014	5.8440003666517623e-07	1
1227501307	40	10	0	0	0	0.87760005581536338	0.87759999999999982	0.87759999999999982	8.7760005581536287e-07	1
1241788771	27	5	0	0	0	0.38040002343264151	0.38040000000000002	0.38040000000000002	3.8040002343264169e-07	1
1248032146	36	20	1	0	1.1102230246251565e-16	0.75280004787808408	0.75280000000000002	0.81640000000000001	7.5280004854421674e-07	5.5555555555555559e-13
1250071596	19	20	0	0	1.1102230246251565e-16	1.707600139340173	1.7075999999999996	1.7075999999999996	1.7076001400063041e-06	1
1275127266	56	1000	2	0	0	2.9432002401662376	2.9432000000000027	3.0248000000000026	2.9432002401662362e-06	2.7777777777777777e-11
1278185531	38	10	0	0	0	0.83600005316960324	0.83599999999999985	0.83599999999999985	8.3600005316960289e-07	1
1279537010	30	20	0	0	0	0.71120004523232283	0.71119999999999994	0.71119999999999994	7.1120004523232337e-07	1
1280907474	86	50	0	0	0	1.9492001590552266	1.9492	1.9492	1.949200159055228e-06	1
1287527100	26	20	0	0	0	0.6696000425865628	0.66960000000000008	0.66960000000000008	6.6960004258656286e-07	1
1327874775	24	1	0	1	0	0.1408000083916805	0.14080000000000001	0.14080000000000001	1.4080000839168057e-07	1
1330149323	77	10	0	0	0	1.4620001192992089	1.4619999999999993	1.4619999999999993	1.4620001192992091e-06	1
1386389788	26	10	0	0	0	0.6696000425865628	0.66960000000000008	0.66960000000000008	6.6960004258656286e-07	1
1407700905	66	100	0	0	0	1.9096001558238471	1.9096	1.9096	1.9096001558238477e-06	1
1410013102	3	1000	0	0	0	2.7056002207769803	2.7056000000000022	2.6344000000000021	2.7056002207769803e-06	1
1450640348	35	1	0	0	0	0.22000001311200082	0.22000000000000003	0.22000000000000003	2.2000001311200084e-07	1
1536767372	5	100	0	0	0	2.0304006521640394	2.0304000000000002	2.0304000000000002	2.0304006521640393e-06	1
1589292695	41	1000	0	0	1.1102230246251565e-16	2.8244002304711717	2.8244000000000025	2.7532000000000019	2.8244002312482168e-06	1
1618139470	78	10	2	0	0	1.5036001226937694	1.5035999999999992	1.6667999999999992	1.5036001226937699e-06	2.7777777777777779e-13
1625382930	85	20	0	0	0	1.6264001327142503	1.6263999999999994	1.6263999999999994	1.6264001327142506e-06	1
1656420715	48	10	0	0	0	0.92720006453324266	0.92719999999999969	0.92719999999999969	9.2720006453324272e-07	1
1659370950	87	100	0	0	0	1.9908006394445374	1.9908000000000001	1.9908000000000001	1.9908006394445377e-06	1
1670888318	5	100	0	0	0	2.0304006521640394	2.0304000000000002	2.0304000000000002	2.0304006521640393e-06	1
1693667195	4	10	1	0	0	0.54280003343648209	0.54280000000000006	0.60440000000000005	5.4280003343648172e-07	2.7777777777777779e-13
1712045027	4	20	2	0	0	0.54280003343648209	0.54280000000000006	0.60440000000000005	5.4280003343648172e-07	5.5555555555555559e-13
1713462358	79	20	0	0	0	1.5452001260883295	1.5451999999999992	1.5451999999999992	1.5452001260883299e-06	1
1717249585	38	10	0	0	0	0.83600005316960324	0.83599999999999985	0.83599999999999985	8.3600005316960289e-07	1
1717343139	78	10	0	0	0	1.5036001226937694	1.5035999999999992	1.5035999999999992	1.5036001226937699e-06	1
1729598130	35	1	0	0	0	0.22000001311200082	0.22000000000000003	0.22000000000000003	2.2000001311200084e-07	1
1733632007	79	10	0	0	0	1.5452001260883295	1.5451999999999992	1.5451999999999992	1.5452001260883299e-06	1
1746064025	38	10	0	0	0	0.83600005316960324	0.83599999999999985	0.83599999999999985	8.3600005316960289e-07	1
1766442670	66	100	0	0	0	1.9096001558238471	1.9096	1.9096	1.9096001558238477e-06	1
1779581714	27	10	0	0	0	0.38040002343264151	0.38040000000000002	0.38040000000000002	3.8040002343264169e-07	1
1800518217	22	100	0	0	0	2.3888001949260973	2.3888000000000016	2.3176000000000014	2.3888001949260971e-06	1
1803364922	0	20	0	0	0	0.50120003087392195	0.50120000000000009	0.50120000000000009	5.0120003087392155e-07	1
1806784053	49	10	0	0	0	0.97280007938061841	0.97279999999999955	0.97279999999999955	9.7280007938061785e-07	1
1810599392	29	100	3	0	0	1.8284001491974522	1.8283999999999998	1.9915999999999998	1.8284001491974514e-06	2.7777777777777779e-13
1825866895	48	20	0	0	0	0.92720006453324266	0.92719999999999969	0.92719999999999969	9.2720006453324272e-07	1
1832120079	59	20	0	0	0	1.2956001057209681	1.2955999999999994	1.2955999999999994	1.295600105720968e-06	1
1882764402	39	100	0	0	0	2.5076002046201786	2.5076000000000018	2.4364000000000017	2.5076002046201783e-06	1
1892748001	12	100	0	0	0	2.3492001916947376	2.3492000000000015	2.2780000000000014	2.3492001916947346e-06	1
1910377106	0	20	0	0	0	0.50120003087392195	0.50120000000000009	0.50120000000000009	5.0120003087392155e-07	1
1982698330	40	20	0	0	0	0.87760005581536338	0.87759999999999982	0.87759999999999982	8.7760005581536287e-07	1
1984613236	58	10	0	0	0	1.0164003264675823	1.0163999999999995	1.0163999999999995	1.0164003264675813e-06	1
1996706065	74	100	0	0	0	2.6660002175456197	2.6660000000000021	2.594800000000002	2.6660002175456203e-06	1
2038302367	35	1	0	0	0	0.22000001311200082	0.22000000000000003	0.22000000000000003	2.2000001311200084e-07	1
2040243587	23	10	0	0	0	0.62800003994080256	0.628	0.628	6.2800003994080182e-07	1
2068309616	40	20	0	0	0	0.87760005581536338	0.87759999999999982	0.87759999999999982	8.7760005581536287e-07	1
2100311712	23	10	0	0	0	0.62800003994080256	0.628	0.628	6.2800003994080182e-07	1
2106964271	65	100	0	0	0	2.6264002143142595	2.6264000000000021	2.5552000000000019	2.6264002143142595e-06	1
2168947589	79	20	2	0	0	1.5452001260883295	1.5451999999999992	1.7083999999999993	1.5452001260883299e-06	5.5555555555555559e-13
2188416980	1	50	0	0	0	1.7472001425715313	1.7471999999999996	1.7471999999999996	1.7472001425715307e-06	1
2208520588	26	20	0	0	0	0.6696000425865628	0.66960000000000008	0.66960000000000008	6.6960004258656286e-07	1
2212916506	40	10	2	0	0	0.87760005581536338	0.87759999999999982	1.0047999999999999	8.7760005581536287e-07	2.7777777777777779e-13
2232100783	31	100	0	0	0	2.4284001981574579	2.4284000000000017	2.3572000000000015	2.4284001981574583e-06	1
2256565361	9	5	0	0	0	0.34080002099328133	0.34079999999999999	0.34079999999999999	3.408000209932815e-07	1
2298017970	81	20	3	0	0	1.5868001294828897	1.5867999999999991	1.7499999999999991	1.5868001294828911e-06	5.5555555555555561e-14
2332375310	39	100	0	0	0	2.5076002046201786	2.5076000000000018	2.4364000000000017	2.5076002046201783e-06	1
2333317520	13	20	0	0	1.1102230246251565e-16	0.58440003599904344	0.58440000000000014	0.58440000000000014	5.8440003666517623e-07	1
2353214514	30	20	0	0	0	0.71120004523232283	0.71119999999999994	0.71119999999999994	7.1120004523232337e-07	1
2361826050	81	10	0	0	0	1.5868001294828897	1.5867999999999991	1.5867999999999991	1.5868001294828911e-06	1
2429182121	38	20	0	0	0	0.83600005316960324	0.83599999999999985	0.83599999999999985	8.3600005316960289e-07	1
2482916702	23	20	2	0	0	0.62800003994080256	0.628	0.69159999999999999	6.2800003994080182e-07	5.5555555555555559e-13
2511031504	11	100	0	0	0	2.3096001884633761	2.3096000000000005	2.2384000000000013	2.3096001884633759e-06	1
2523598740	60	2	0	0	0	0.3012000185539212	0.30120000000000002	0.30120000000000002	3.0120001855392147e-07	1
2540752198	79	10	0	0	0	1.5452001260883295	1.5451999999999992	1.5451999999999992	1.5452001260883299e-06	1
2543692245	19	20	0	0	1.1102230246251565e-16	1.707600139340173	1.7075999999999996	1.7075999999999996	1.7076001400063041e-06	1
2553064828	30	20	0	0	0	0.71120004523232283	0.71119999999999994	0.71119999999999994	7.1120004523232337e-07	1
2563960732	36	20	1	0	1.1102230246251565e-16	0.75280004787808408	0.75280000000000002	0.81640000000000001	7.5280004854421674e-07	5.5555555555555559e-13
2582727471	30	20	3	0	0	0.71120004523232283	0.71119999999999994	0.83839999999999992	7.1120004523232337e-07	5.5555555555555561e-14
2590395455	0	20	0	0	0	0.50120003087392195	0.50120000000000009	0.50120000000000009	5.0120003087392155e-07	1
2592374978	88	20	0	0	0	1.6660001359456105	1.6659999999999995	1.6659999999999995	1.6660001359456125e-06	1
2625680120	9	5	0	0	0	0.34080002099328133	0.34079999999999999	0.34079999999999999	3.408000209932815e-07	1
2626479582	58	10	0	0	0	1.0164003264675823	1.0163999999999995	1.0163999999999995	1.0164003264675813e-06	1
2636906069	74	100	0	0	0	2.6660002175456197	2.6660000000000021	2.594800000000002	2.6660002175456203e-06	1
2653157706	9	10	0	0	0	0.34080002099328133	0.34079999999999999	0.34079999999999999	3.408000209932815e-07	1
2655412822	62	10	0	0	0	0.45960002831136182	0.45960000000000006	0.45960000000000006	4.5960002831136201e-07	1
2662189692	81	20	1	0	0	1.5868001294828897	1.5867999999999991	1.7499999999999991	1.5868001294828911e-06	5.5555555555555559e-13
2662388630	4	20	1	0	0	0.54280003343648209	0.54280000000000006	0.60440000000000005	5.4280003343648172e-07	5.5555555555555559e-13
2667016827	27	5	0	0	0	0.38040002343264151	0.38040000000000002	0.38040000000000002	3.8040002343264169e-07	1
2676185691	59	20	1	0	0	1.2956001057209681	1.2955999999999994	1.4587999999999994	1.295600105720968e-06	5.5555555555555559e-13
2682243080	60	2	0	0	0	0.3012000185539212	0.30120000000000002	0.30120000000000002	3.0120001855392147e-07	1
2690203943	23	20	0	0	0	0.62800003994080256	0.628	0.628	6.2800003994080182e-07	1
2702432711	48	10	0	0	0	0.92720006453324266	0.92719999999999969	0.92719999999999969	9.2720006453324272e-07	1
2710086618	26	20	0	0	0	0.6696000425865628	0.66960000000000008	0.66960000000000008	6.6960004258656286e-07	1
2757371560	42	100	0	0	1.1102230246251565e-16	2.5472002078515499	2.5472000000000019	2.4760000000000018	2.5472002086286931e-06	1
2763546189	27	10	0	0	0	0.38040002343264151	0.38040000000000002	0.38040000000000002	3.8040002343264169e-07	1
2776048011	40	20	3	0	0	0.87760005581536338	0.87759999999999982	1.0047999999999999	8.7760005581536287e-07	5.5555555555555561e-14
2795640012	30	20	2	0	0	0.71120004523232283	0.71119999999999994	0.77479999999999993	7.1120004523232337e-07	5.5555555555555559e-13
2837147511	61	20	0	0	0	1.3392001092787285	1.3391999999999995	1.3391999999999995	1.3392001092787277e-06	1
2842599867	77	20	0	0	0	1.4620001192992089	1.4619999999999993	1.4619999999999993	1.4620001192992091e-06	1
2877223585	9	10	0	0	0	0.34080002099328133	0.34079999999999999	0.34079999999999999	3.408000209932815e-07	1
2881749430	31	100	1	0	0	2.4284001981574579	2.4284000000000017	2.5916000000000015	2.4284001981574583e-06	2.7777777777777777e-12
2969712963	60	1	0	0	0	0.3012000185539212	0.30120000000000002	0.30120000000000002	3.0120001855392147e-07	1
2989563407	37	20	0	0	0	0.7944000505238431	0.79439999999999988	0.79439999999999988	7.944000505238428e-07	1
3002141794	47	100	0	0	0	2.5868002110828994	2.586800000000002	2.5156000000000014	2.5868002110828965e-06	1
3030982721	48	20	0	0	0	0.92720006453324266	0.92719999999999969	0.92719999999999969	9.2720006453324272e-07	1
3040629528	77	10	0	0	0	1.4620001192992089	1.4619999999999993	1.4619999999999993	1.4620001192992091e-06	1
3044733645	4	10	2	0	0	0.54280003343648209	0.54280000000000006	0.60440000000000005	5.4280003343648172e-07	2.7777777777777779e-13
3087026086	23	10	0	0	0	0.62800003994080256	0.628	0.628	6.2800003994080182e-07	1
3094828102	87	100	0	0	0	1.9908006394445374	1.9908000000000001	1.9908000000000001	1.9908006394445377e-06	1
3111990224	35	2	0	0	0	0.22000001311200082	0.22000000000000003	0.22000000000000003	2.2000001311200084e-07	1
3115808358	79	10	0	0	0	1.5452001260883295	1.5451999999999992	1.5451999999999992	1.5452001260883299e-06	1
3117156739	27	10	0	0	0	0.38040002343264151	0.38040000000000002	0.38040000000000002	3.8040002343264169e-07	1
3142025026	34	1000	2	0	0	2.7848002272397014	2.7848000000000024	2.8664000000000023	2.7848002272397028e-06	2.7777777777777777e-11
3146516834	61	20	3	0	0	1.3392001092787285	1.3391999999999995	1.5023999999999995	1.3392001092787277e-06	5.5555555555555561e-14
3153957657	88	10	3	0	0	1.6660001359456105	1.6659999999999995	1.8291999999999995	1.6660001359456125e-06	2.7777777777777781e-14
3220701529	32	100	0	0	0	1.8680001524288123	1.8679999999999999	1.8679999999999999	1.8680001524288135e-06	1
3229255214	31	100	0	0	0	2.4284001981574579	2.4284000000000017	2.3572000000000015	2.4284001981574583e-06	1
3230401986	60	2	2	0	0	0.3012000185539212	0.30120000000000002	0.4244	3.0120001855392147e-07	5.5555555555555549e-14
3247824792	59	10	2	0	0	1.2956001057209681	1.2955999999999994	1.4587999999999994	1.295600105720968e-06	2.7777777777777779e-13
3256781830	44	1000	1	0	1.1102230246251565e-16	2.8640002337025323	2.8640000000000025	2.9456000000000024	2.8640002344795755e-06	2.7777777777777777e-11
3258064547	0	10	2	0	0	0.50120003087392195	0.50120000000000009	0.56280000000000008	5.0120003087392155e-07	2.7777777777777779e-13
3259231467	24	1	0	0	0	0.1408000083916805	0.14080000000000001	0.14080000000000001	1.4080000839168057e-07	1
3260644060	29	50	0	0	0	1.8284001491974522	1.8283999999999998	1.8283999999999998	1.8284001491974514e-06	1
3276316302	32	100	0	0	0	1.8680001524288123	1.8679999999999999	1.8679999999999999	1.8680001524288135e-06	1
3309376287	37	20	0	0	0	0.7944000505238431	0.79439999999999988	0.79439999999999988	7.944000505238428e-07	1
3328244663	48	10	3	0	0	0.92720006453324266	0.92719999999999969	1.306	9.2720006453324272e-07	2.7777777777777781e-14
3337261096	77	10	0	0	0	1.4620001192992089	1.4619999999999993	1.4619999999999993	1.4620001192992091e-06	1
3367874069	37	20	3	0	0	0.7944000505238431	0.79439999999999988	0.92159999999999986	7.944000505238428e-07	5.5555555555555561e-14
3371973362	63	20	0	0	0	1.3788001125100886	1.3787999999999996	1.3787999999999996	1.3788001125100896e-06	1
3438550904	59	20	1	0	0	1.2956001057209681	1.2955999999999994	1.4587999999999994	1.295600105720968e-06	5.5555555555555559e-13
3446223885	13	10	0	0	1.1102230246251565e-16	0.58440003599904344	0.58440000000000014	0.58440000000000014	5.8440003666517623e-07	1
3447153800	66	100	0	0	0	1.9096001558238471	1.9096	1.9096	1.9096001558238477e-06	1
3463028712	32	100	0	0	0	1.8680001524288123	1.8679999999999999	1.8679999999999999	1.8680001524288135e-06	1
3467712890	86	100	0	0	0	1.9492001590552266	1.9492	1.9492	1.949200159055228e-06	1
3468915653	9	10	0	0	0	0.34080002099328133	0.34079999999999999	0.34079999999999999	3.408000209932815e-07	1
3476774804	25	1	0	0	0	0.18040001075184064	0.1804	0.1804	1.804000107518408e-07	1
3484164819	87	100	0	0	0	1.9908006394445374	1.9908000000000001	1.9908000000000001	1.9908006394445377e-06	1
3509103927	4	10	1	0	0	0.54280003343648209	0.54280000000000006	0.60440000000000005	5.4280003343648172e-07	2.7777777777777779e-13
3522405611	36	10	1	0	1.1102230246251565e-16	0.75280004787808408	0.75280000000000002	0.88	7.5280004854421674e-07	2.7777777777777779e-13
3540350072	48	20	0	0	0	0.92720006453324266	0.92719999999999969	0.92719999999999969	9.2720006453324272e-07	1
3544510986	87	50	2	0	0	1.9908006394445374	1.9908000000000001	2.3936000000000011	1.9908006394445377e-06	1.3888888888888889e-12
3547598595	13	20	2	0	1.1102230246251565e-16	0.58440003599904344	0.58440000000000014	0.64600000000000013	5.8440003666517623e-07	5.5555555555555559e-13
3597689318	1	100	0	0	0	1.7472001425715313	1.7471999999999996	1.7471999999999996	1.7472001425715307e-06	1
3598441566	73	1000	3	0	0	2.9828009580743751	2.9828000000000028	3.3856000000000011	2.9828009580743766e-06	2.7777777777777777e-12
3599431421	40	20	3	0	0	0.87760005581536338	0.87759999999999982	1.0047999999999999	8.7760005581536287e-07	5.5555555555555561e-14
3600655441	42	100	0	0	1.1102230246251565e-16	2.5472002078515499	2.5472000000000019	2.4760000000000018	2.5472002086286931e-06	1
3610392000	78	20	2	0	0	1.5036001226937694	1.5035999999999992	1.6667999999999992	1.5036001226937699e-06	5.5555555555555559e-13
3623697796	58	10	0	0	0	1.0164003264675823	1.0163999999999995	1.0163999999999995	1.0164003264675813e-06	1
3641831662	76	10	0	0	0	1.4184001157414488	1.4183999999999992	1.4183999999999992	1.4184001157414487e-06	1
3653229606	21	100	2	0	1.1102230246251565e-16	1.7888001459660972	1.7887999999999997	1.8703999999999996	1.7888001467432462e-06	2.7777777777777777e-12
3697084824	21	100	0	0	1.1102230246251565e-16	1.7888001459660972	1.7887999999999997	1.7887999999999997	1.7888001467432462e-06	1
3697807020	79	20	0	0	0	1.5452001260883295	1.5451999999999992	1.5451999999999992	1.5452001260883299e-06	1
3711368553	76	20	0	0	0	1.4184001157414488	1.4183999999999992	1.4183999999999992	1.4184001157414487e-06	1
3734317821	47	100	0	0	0	2.5868002110828994	2.586800000000002	2.5156000000000014	2.5868002110828965e-06	1
3766129625	54	5	0	0	0	0.42000002587200164	0.42000000000000004	0.42000000000000004	4.2000002587200214e-07	1
3800124506	26	10	1	0	0	0.6696000425865628	0.66960000000000008	0.73320000000000007	6.6960004258656286e-07	2.7777777777777779e-13
3884761585	22	100	0	0	0	2.3888001949260973	2.3888000000000016	2.3176000000000014	2.3888001949260971e-06	1
3910964461	39	100	1	0	0	2.5076002046201786	2.5076000000000018	2.6708000000000016	2.5076002046201783e-06	2.7777777777777777e-12
3933648178	62	5	3	0	0	0.45960002831136182	0.45960000000000006	0.5828000000000001	4.5960002831136201e-07	1.388888888888889e-14
3955997334	47	100	0	0	0	2.5868002110828994	2.586800000000002	2.5156000000000014	2.5868002110828965e-06	1
3969567564	60	2	0	0	0	0.3012000185539212	0.30120000000000002	0.30120000000000002	3.0120001855392147e-07	1
3972614243	58	10	0	0	0	1.0164003264675823	1.0163999999999995	1.0163999999999995	1.0164003264675813e-06	1
3994305042	40	10	1	0	0	0.87760005581536338	0.87759999999999982	1.0047999999999999	8.7760005581536287e-07	2.7777777777777779e-13
4061457457	54	5	1	0	0	0.42000002587200164	0.42000000000000004	0.48160000000000003	4.2000002587200214e-07	1.388888888888889e-13
4061623122	25	2	0	0	0	0.18040001075184064	0.1804	0.1804	1.804000107518408e-07	1
4084462071	77	10	0	0	0	1.4620001192992089	1.4619999999999993	1.4619999999999993	1.4620001192992091e-06	1
4107556269	74	100	0	0	0	2.6660002175456197	2.6660000000000021	2.594800000000002	2.6660002175456203e-06	1
4110530716	66	100	0	0	0	1.9096001558238471	1.9096	1.9096	1.9096001558238477e-06	1
4138215594	22	100	0	0	0	2.3888001949260973	2.3888000000000016	2.3176000000000014	2.3888001949260971e-06	1
4182010093	49	10	1	0	0	0.97280007938061841	0.97279999999999955	1.3755999999999999	9.7280007938061785e-07	2.7777777777777779e-13
4186889033	23	10	0	0	0	0.62800003994080256	0.628	0.628	6.2800003994080182e-07	1
4202591049	75	1000	0	0	0	3.0224009707938677	3.0224000000000029	2.9512000000000023	3.0224009707938681e-06	1
4206086280	12	100	0	0	0	2.3492001916947376	2.3492000000000015	2.2780000000000014	2.3492001916947346e-06	1
4218572203	79	20	0	1	0	1.5452001260883295	1.5451999999999992	1.5451999999999992	1.5452001260883299e-06	1
4237015511	38	10	0	0	0	0.83600005316960324	0.83599999999999985	0.83599999999999985	8.3600005316960289e-07	1
4240013948	87	100	0	0	0	1.9908006394445374	1.9908000000000001	1.9908000000000001	1.9908006394445377e-06	1
4245260923	14	1000	0	0	0	2.7452002240083409	2.7452000000000023	2.6740000000000022	2.7452002240083394e-06	1
4254810744	13	10	2	0	1.1102230246251565e-16	0.58440003599904344	0.58440000000000014	0.64600000000000013	5.8440003666517623e-07	2.7777777777777779e-13
4275079595	13	20	2	0	1.1102230246251565e-16	0.58440003599904344	0.58440000000000014	0.64600000000000013	5.8440003666517623e-07	5.5555555555555559e-13
4284417058	25	2	0	0	0	0.18040001075184064	0.1804	0.1804	1.804000107518408e-07	1
4290846632	48	20	0	0	0	0.92720006453324266	0.92719999999999969	0.92719999999999969	9.2720006453324272e-07	1
