base_bandwidth_utilization	0.35873679999999986
expected_bandwidth_utilization	0.35873697704725588

rounded_expected_bandwidth_utilization	0.71747359999999993

bandwidth_utilization_p99	0.35873679999999997

[frame_summary]
frame_id	priority	period_ms	deadline_ms	trans_time_ms	expected_retry_count	expected_tx_count	rounded_expected_retry_count	rounded_expected_tx_count	retry_p99	tx_count_p99	expected_wcrt_ms	p_timeout	wcrt_p95_ms
0	10	10	10	0.039600000000000003	5.0520003213072213e-07	1.000000505200032	1	2	0	1	0.50520003213072207	0	0.50520000000000009
1	40	100	100	0.039600000000000003	1.943200158565623e-06	1.0000019432001586	1	2	0	1	1.9432001585656236	0	1.9432000000000003
2	11	10	10	0.041599999999999998	5.4680003477648295e-07	1.0000005468000348	1	2	0	1	0.54680003477648231	0	0.54680000000000006
3	12	10	10	0.041599999999999998	5.8840003742224167e-07	1.0000005884000374	1	2	0	1	0.58840003742224245	0	0.58840000000000003
4	53	1000	1000	0.039600000000000003	2.7016002204505826e-06	1.0000027016002204	1	2	0	1	2.7016002204505809	0	2.7016000000000022
6	0	1	1	0.041599999999999998	1.0320000635712048e-07	1.0000001032000063	1	2	0	1	0.1032000063571204	0	0.1032
7	13	10	10	0.039600000000000003	6.2800003994080235e-07	1.00000062800004	1	2	0	1	0.62800003994080267	0	0.62800000000000011
8	41	100	100	0.039600000000000003	1.9828006368749402e-06	1.0000019828006368	1	2	0	1	1.9828006368749413	0	1.9828000000000003
9	42	100	100	0.041599999999999998	2.0244006502368432e-06	1.0000020244006502	1	2	0	1	2.0244006502368426	0	2.0244000000000004
10	43	100	100	0.039600000000000003	2.3036001879737764e-06	1.0000023036001879	1	2	0	1	2.303600187973776	0	2.3036000000000008
11	1	1	1	0.039600000000000003	1.4280000879648031e-07	1.0000001428000087	1	2	0	1	0.14280000879648058	0	0.14280000000000001
12	6	5	5	0.041599999999999998	3.4280002111648143e-07	1.000000342800021	1	2	0	1	0.34280002111648133	0	0.34279999999999999
15	44	100	100	0.039600000000000003	2.3432001912051381e-06	1.0000023432001912	1	2	0	1	2.3432001912051361	0	2.3432000000000008
16	54	1000	1000	0.039600000000000003	2.7412002236819388e-06	1.0000027412002237	1	2	0	1	2.7412002236819406	0	2.7412000000000023
17	14	10	10	0.041599999999999998	6.6960004258656286e-07	1.0000006696000425	1	2	0	1	0.66960004258656269	0	0.66959999999999997
18	15	10	10	0.039600000000000003	7.0920004510512322e-07	1.0000007092000451	1	2	0	1	0.70920004510512291	0	0.70920000000000005
22	16	10	10	0.039600000000000003	7.4880004762368285e-07	1.0000007488000475	1	2	0	1	0.74880004762368302	0	0.74879999999999991
23	2	1	1	0.039600000000000003	1.8240001123584087e-07	1.0000001824000113	1	2	0	1	0.18240001123584071	0	0.18240000000000001
25	17	10	10	0.041599999999999998	7.9040005026944378e-07	1.0000007904000503	1	2	0	1	0.79040005026944304	0	0.79039999999999988
28	34	50	50	0.039600000000000003	1.7036001390137694e-06	1.000001703600139	1	2	0	1	1.7036001390137712	0	1.7035999999999996
29	18	10	10	0.047600000000000003	8.3800005664880368e-07	1.0000008380000567	1	2	0	1	0.83800005664880373	0	0.83799999999999986
30	19	10	10	0.039600000000000003	8.7760005932576376e-07	1.0000008776000593	1	2	0	1	0.87760005932576401	0	0.87759999999999994
32	45	100	100	0.039600000000000003	2.3828001944364976e-06	1.0000023828001945	1	2	0	1	2.3828001944364967	0	2.3828000000000009
33	3	1	1	0.039600000000000003	2.2200001367520093e-07	1.0000002220000137	1	2	0	1	0.22200001367520089	0	0.22200000000000003
34	35	50	50	0.039600000000000003	1.7432001430222887e-06	1.0000017432001431	1	2	0	1	1.7432001422451369	1.1102230246251565e-16	1.7431999999999996
35	55	1000	1000	0.039600000000000003	2.7808002269132992e-06	1.000002780800227	1	2	0	1	2.7808002269133008	0	2.7808000000000024
37	20	10	10	0.061600000000000002	9.2520007616256099e-07	1.0000009252000761	1	2	0	1	0.92520007549642769	1.1102230246251565e-16	0.9251999999999998
38	46	100	100	0.039600000000000003	2.4224001976678593e-06	1.0000024224001978	1	2	0	1	2.4224001976678573	0	2.422400000000001
39	36	50	50	0.039600000000000003	1.7828001462536487e-06	1.0000017828001462	1	2	0	1	1.782800145476497	1.1102230246251565e-16	1.7827999999999997
40	56	1000	1000	0.039600000000000003	2.8204002301446604e-06	1.0000028204002303	1	2	0	1	2.8204002301446613	0	2.8204000000000025
42	57	1000	1000	0.039600000000000003	2.8600002333760217e-06	1.0000028600002333	1	2	0	1	2.8600002333760224	0	2.8600000000000025
44	31	20	20	0.039600000000000003	1.5848001293196906e-06	1.0000015848001294	1	2	0	1	1.5848001293196901	0	1.5847999999999993
45	21	10	10	0.041599999999999998	9.6680027225080829e-07	1.0000009668002723	1	2	0	1	0.96680027225080867	0	0.96679999999999988
46	7	5	5	0.0436	3.8640002457504135e-07	1.0000003864000246	1	2	0	1	0.38640002457504158	0	0.38640000000000002
47	58	1000	1000	0.039600000000000003	2.8996002366082727e-06	1.0000028996002366	1	2	0	1	2.8996002366082703	0	2.8996000000000026
48	59	1000	1000	0.039600000000000003	2.9392002406168113e-06	1.0000029392002405	1	2	0	1	2.9392002398397645	1.1102230246251565e-16	2.9392000000000027
49	22	10	10	0.047600000000000003	1.0104002845285605e-06	1.0000010104002846	1	2	0	1	1.0104002845285609	0	1.0103999999999997
51	23	10	10	0.0436	1.2540001023264072e-06	1.0000012540001024	1	2	0	1	1.254000102326408	0	1.2539999999999998
52	5	2	2	0.039600000000000003	3.0120001855392136e-07	1.0000003012000185	1	2	0	1	0.3012000185539212	0	0.30120000000000002
54	4	1	1	0.039600000000000003	2.6160001678069462e-07	1.0000002616000168	1	2	0	1	0.26160001611456118	1.1102230246251565e-16	0.26160000000000005
55	24	10	10	0.041599999999999998	1.2956001057209678e-06	1.0000012956001056	1	2	0	1	1.2956001057209685	0	1.2955999999999999
56	8	5	5	0.039600000000000003	4.2600002709360156e-07	1.000000426000027	1	2	0	1	0.42600002709360174	0	0.42599999999999999
57	25	10	10	0.041599999999999998	1.3372001091155285e-06	1.0000013372001091	1	2	0	1	1.3372001091155286	0	1.3371999999999995
60	26	10	10	0.041599999999999998	1.3788001125100883e-06	1.0000013788001125	1	2	0	1	1.3788001125100886	0	1.3787999999999996
65	27	10	10	0.041599999999999998	1.4204001159046489e-06	1.000001420400116	1	2	0	1	1.4204001159046489	0	1.4203999999999994
66	37	50	50	0.039600000000000003	1.8224001487078521e-06	1.0000018224001488	1	2	0	1	1.8224001487078521	0	1.8223999999999998
67	60	1000	1000	0.039600000000000003	2.9392002406168113e-06	1.0000029392002405	1	2	0	1	2.9392002398397645	1.1102230246251565e-16	2.9392000000000027
69	28	10	10	0.041599999999999998	1.4620001192992091e-06	1.0000014620001192	1	2	0	1	1.4620001192992087	0	1.4619999999999993
70	38	50	50	0.0436	1.8640001521024094e-06	1.000001864000152	1	2	0	1	1.8640001521024123	0	1.8639999999999999
71	39	50	50	0.039600000000000003	1.9036001553342461e-06	1.0000019036001553	1	2	0	1	1.9036001553342441	0	1.9036000000000002
74	9	5	5	0.039600000000000003	4.6560002961216181e-07	1.0000004656000296	1	2	0	1	0.46560002961216201	0	0.46560000000000007
75	32	20	20	0.039600000000000003	1.6244001332171856e-06	1.0000016244001333	1	2	0	1	1.6244001325510526	1.1102230246251565e-16	1.6243999999999994
76	47	100	100	0.041599999999999998	2.4640002010624143e-06	1.000002464000201	1	2	0	1	2.4640002010624178	0	2.4640000000000013
77	48	100	100	0.039600000000000003	2.5036002042937772e-06	1.0000025036002043	1	2	0	1	2.5036002042937788	0	2.5036000000000018
78	29	10	10	0.041599999999999998	1.5036001226937692e-06	1.0000015036001226	1	2	0	1	1.5036001226937694	0	1.5035999999999994
79	49	100	100	0.039600000000000003	2.5432002075251368e-06	1.0000025432002075	1	2	0	1	2.543200207525139	0	2.5432000000000019
80	30	10	10	0.041599999999999998	1.5452001260883293e-06	1.0000015452001261	1	2	0	1	1.5452001260883295	0	1.5451999999999995
82	50	100	100	0.039600000000000003	2.5828002107564993e-06	1.0000025828002108	1	2	0	1	2.5828002107564996	0	2.582800000000002
83	33	20	20	0.039600000000000003	1.6640001357824097e-06	1.0000016640001357	1	2	0	1	1.6640001357824106	0	1.6639999999999995
84	51	100	100	0.039600000000000003	2.622400213987858e-06	1.0000026224002141	1	2	0	1	2.6224002139878597	0	2.6224000000000021
85	52	100	100	0.041599999999999998	2.6620002172192222e-06	1.0000026620002171	1	2	0	1	2.6620002172192199	0	2.6620000000000021

[frame_retry_distribution]
frame_id	retry_count	probability
0	0	0.99999949480012762
0	1	5.0519971264232177e-07
0	2	1.5974413897777467e-13
0	3	4.0787798811682056e-20
0	4	9.2258552937304256e-27
0	5	1.9333177421698776e-33
1	0	0.99999805680188802
1	1	1.9431960654126231e-06
1	2	2.0465734387330874e-12
1	3	2.0408163354789221e-18
1	4	1.4168187210396783e-24
1	5	8.1566563369275449e-31
1	6	2.7178771930438479e-37
2	0	0.99999945320014949
2	1	5.4679966623338262e-07
2	2	1.8427147580098397e-13
2	3	4.9581396090082258e-20
2	4	1.1717628857068293e-26
2	5	2.5486468410872135e-33
3	0	0.99999941160017314
3	1	5.8839961636332434e-07
3	2	2.1052936934512949e-13
3	3	5.9541389167998023e-20
3	4	1.4676910203364684e-26
3	5	3.3095631006835779e-33
4	0	0.99999729840364948
4	1	2.701592480917348e-06
4	2	3.8697607538935273e-12
4	3	3.9088763209925277e-18
4	4	3.1251876783808666e-24
4	5	2.1050213523552465e-30
4	6	1.4443708804951467e-36
6	0	0.99999989680000534
6	1	1.031999829926415e-07
6	2	1.1682237355141183e-14
6	3	1.4266363891286628e-21
6	4	1.8373105789241129e-28
6	5	2.4587294067893614e-35
7	0	0.99999937200019728
7	1	6.2799956567535003e-07
7	2	2.3713262091737751e-13
7	3	7.0171975929829451e-20
7	4	1.7978130025285772e-26
7	5	4.1912405562558766e-33
8	0	0.99999801720196579
8	1	1.9827954316340617e-06
8	2	2.6026170711893142e-12
8	3	2.2452772600717788e-18
8	4	1.5314545752101244e-24
8	5	8.8624747533070268e-31
8	6	3.0157648080758154e-37
9	0	0.99999797560204917
9	1	2.02439525157293e-06
9	2	2.6993284081821453e-12
9	3	2.3655891943863961e-18
9	4	1.6378903908027478e-24
9	5	9.6134938758354804e-31
9	6	3.5428189273427174e-37
10	0	0.99999769640265335
10	1	2.303594505459834e-06
10	2	2.8412532311878878e-12
10	3	2.4933882327106689e-18
10	4	1.7460711290435601e-24
10	5	1.0378322715347991e-30
10	6	4.4844282663362609e-37
11	0	0.99999985720001028
11	1	1.4279997081168277e-07
11	2	1.8992394948022233e-14
11	3	2.5542570512252476e-21
11	4	3.5078037778984962e-28
11	5	4.9145350279843837e-35
12	0	0.99999965720005879
12	1	3.4279986137170818e-07
12	2	7.9872362779470364e-14
12	3	1.5903726830524878e-20
12	4	2.9215783001191668e-27
12	5	5.12447650656985e-34
15	0	0.99999765680274533
15	1	2.3431943182155311e-06
15	2	2.936490879970041e-12
15	3	2.6156855207304588e-18
15	4	1.8575287252313369e-24
15	5	1.1187050343361138e-30
15	6	4.9240179628926898e-37
16	0	0.99999725880375712
16	1	2.7411922621515615e-06
16	2	3.9807590782665516e-12
16	3	4.0735005823757751e-18
16	4	3.2970402546958786e-24
16	5	2.9061801195214646e-30
16	6	1.6477985526481773e-36
17	0	0.99999933040022415
17	1	6.6959950904946009e-07
17	2	2.6676842743883312e-13
17	3	8.2616087573087777e-20
17	4	2.200998343236591e-26
17	5	5.3083329133640691e-33
18	0	0.99999929080025152
18	1	7.0919945193045208e-07
18	2	2.9658719193436996e-13
18	3	9.5741913832239307e-20
18	4	2.6439147073750514e-26
18	5	6.5797158078395138e-33
22	0	0.99999925120028044
22	1	7.4879939167512692e-07
22	2	3.2797411269455195e-13
22	3	1.1017934684343688e-19
22	4	3.1500447885096309e-26
22	5	8.0819510183422838e-33
23	0	0.99999981760001666
23	1	1.823999554944056e-07
23	2	2.7870711482709232e-14
23	3	4.0990080308439716e-21
23	4	5.9920818368667549e-28
23	5	8.7911413212962339e-35
25	0	0.99999920960031241
25	1	7.9039932499868876e-07
25	2	3.6263518724579969e-13
25	3	1.2682659538701707e-19
25	4	3.756078334321765e-26
25	5	1.7453643316113961e-32
28	0	0.99999829640145121
28	1	1.7035969587359929e-06
28	2	1.5901372715289706e-12
28	3	1.0778833827193035e-18
28	4	5.9380468779192516e-25
28	5	2.8224881611605036e-31
28	6	5.8881411088461046e-38
29	0	0.99999916200035122
29	1	8.379992411075435e-07
29	2	4.0777040315765033e-13
29	3	1.5129580391791176e-19
29	4	4.7546851094240506e-26
29	5	2.2865837773101699e-32
30	0	0.99999912240038513
30	1	8.7759917049287177e-07
30	2	4.4441618989505593e-13
30	3	1.7073161919776179e-19
30	4	8.9469923949127974e-26
30	5	3.2756642063327782e-32
32	0	0.99999761720283886
32	1	2.3827941278349177e-06
32	2	3.0332966772168332e-12
32	3	2.7419132249606852e-18
32	4	1.9742328495766624e-24
32	5	1.2045366360041146e-30
32	6	5.3981504082377445e-37
33	0	0.99999977800002471
33	1	2.21999937040809e-07
33	2	3.8317186772904858e-14
33	3	6.1229883891678329e-21
33	4	9.5058769565662136e-28
33	5	1.4597383507795343e-34
34	0	0.99999825680151933
34	1	1.7431968190115433e-06
34	2	1.6616150722940106e-12
34	3	1.1482272874552226e-18
34	4	6.4386411336710682e-25
34	5	4.6536141114169841e-31
34	6	6.5515361066837022e-38
34	7	1.1102230246251565e-16
35	0	0.99999721920386642
35	1	2.7807920402494729e-06
35	2	4.0933255492318539e-12
35	3	4.242679380844536e-18
35	4	3.4758794143766789e-24
35	5	3.0912275814456194e-30
35	6	1.7765469009007951e-36
37	0	0.99999907480042793
37	1	9.2519906850910921e-07
37	2	5.0349319129895553e-13
37	3	3.1178272085738072e-19
37	4	1.36086038714064e-25
37	5	5.0461165145415345e-32
37	6	1.1102230246251565e-16
38	0	0.99999757760293406
38	1	2.4223939343179975e-06
38	2	3.1316706227419759e-12
38	3	2.8721334439048091e-18
38	4	2.0963454431379904e-24
38	5	1.2955514516948938e-30
38	6	5.9089234136146099e-37
39	0	0.9999982172015891
39	1	1.7827966761507792e-06
39	2	1.7346610243463659e-12
39	3	1.2215607207823062e-18
39	4	6.9701745113742852e-25
39	5	5.0924588486446364e-31
39	6	7.2694693872741113e-38
39	7	1.1102230246251565e-16
40	0	0.99999717960397738
40	1	2.8203918152110778e-06
40	2	4.2074601666031329e-12
40	3	4.4164739315084553e-18
40	4	4.5451859027389175e-24
40	5	3.4459404905127233e-30
40	6	1.9729674988494613e-36
42	0	0.9999971400040899
42	1	2.8599915870363761e-06
42	2	4.3231629301940807e-12
42	3	4.5949480636572415e-18
42	4	4.7742542300662801e-24
42	5	3.6563296934763002e-30
42	6	2.1390303829887523e-36
44	0	0.99999841520125587
44	1	1.5847973590914805e-06
44	2	1.3851127788207468e-12
44	3	8.8416785338635074e-19
44	4	4.6097863864379668e-25
44	5	2.0827987191150885e-31
45	0	0.99999903320046746
45	1	9.6679879304763307e-07
45	2	7.3960101632999555e-13
45	3	3.8090167242015369e-19
45	4	1.6064407399758744e-25
45	5	5.9574316584093825e-32
46	0	0.99999961360007472
46	1	3.8639982612003889e-07
46	2	9.9227469036758777e-14
46	3	2.1455481311892574e-20
46	4	4.236362421261279e-27
46	5	7.9274407033934675e-34
47	0	0.99999710040420386
47	1	2.8995913557253705e-06
47	2	4.4404329517317414e-12
47	3	5.6662495450060127e-18
47	4	5.1731005260436556e-24
47	5	3.9061251466556426e-30
47	6	2.3274941460265878e-36
48	0	0.99999706080431938
48	1	2.9391911212780543e-06
48	2	4.5592719834353501e-12
48	3	5.8780352425617712e-18
48	4	5.4236944796870759e-24
48	5	4.1379022392849951e-30
48	6	2.4948180036535627e-36
48	7	1.1102230246251565e-16
49	0	0.99999898960051048
49	1	1.0103986945640426e-06
49	2	7.94981628012485e-13
49	3	4.2059641348365307e-19
49	4	1.8183418672435385e-25
49	5	6.8969769448731628e-32
51	0	0.99999874600078631
51	1	1.2539983251587174e-06
51	2	8.8858314069908127e-13
51	3	4.694971972770736e-19
51	4	2.0624653995745451e-25
51	5	7.973329778080739e-32
52	0	0.99999969880004536
52	1	3.0119989072466003e-07
52	2	6.3914612874632608e-14
52	3	1.185703343748037e-20
52	4	2.0607903232197147e-27
52	5	3.4571090508976394e-34
54	0	0.9999997384000342
54	1	2.615999154508935e-07
54	2	5.033182063231166e-14
54	3	8.6882971775432774e-21
54	4	1.4289512548925802e-27
54	5	2.294754399856907e-34
54	6	1.1102230246251565e-16
55	0	0.99999870440083938
55	1	1.2955982157009078e-06
55	2	9.4500926141948483e-13
55	3	5.1237276848971255e-19
55	4	2.3036237257979477e-25
55	5	9.0940965574076467e-32
56	0	0.99999957400009076
56	1	4.2599979143045088e-07
56	2	1.1783153481557691e-13
56	3	2.7011382379374146e-20
56	4	5.5910191106052805e-27
56	5	1.0877267788989187e-33
57	0	0.99999866280089411
57	1	1.3371981027819855e-06
57	2	1.0031659348487039e-12
57	3	5.5777287306928487e-19
57	4	2.5652585205166129e-25
57	5	1.0337017815541585e-31
60	0	0.99999862120095062
60	1	1.3787979864019495e-06
60	2	1.063053160770761e-12
60	3	6.0576950187983719e-19
60	4	2.848493707371676e-25
60	5	1.1711785588269202e-31
65	0	0.9999985796010088
65	1	1.4203978665608015e-06
65	2	1.12467093896969e-12
65	3	6.5643464577345033e-19
65	4	3.15448315814414e-25
65	5	1.3228590130660844e-31
66	0	0.99999817760166065
66	1	1.8223965301537033e-06
66	2	1.8092751274997422e-12
66	3	1.2979454703652653e-18
66	4	1.0643769501301583e-24
66	5	6.1897595535592837e-31
66	6	8.0448509588789655e-38
67	0	0.99999706080431938
67	1	2.9391911212780543e-06
67	2	4.5592719834353501e-12
67	3	5.8780352425617712e-18
67	4	5.4236944796870759e-24
67	5	4.1379022392849951e-30
67	6	2.4948180036535627e-36
67	7	1.1102230246251565e-16
69	0	0.99999853800106864
69	1	1.4619977432585413e-06
69	2	1.1880192692295139e-12
69	3	7.0984029559021619e-19
69	4	3.4844106927485256e-25
69	5	1.4898132375123406e-31
70	0	0.99999813600173726
70	1	1.863996373405125e-06
70	2	1.8893465699127519e-12
70	3	1.3815430536071498e-18
70	4	1.1472314323995906e-24
70	5	6.7613329614315547e-31
70	6	1.1290698974126541e-37
71	0	0.99999809640181192
71	1	1.9035962209770332e-06
71	2	1.9671757029007326e-12
71	3	1.9357149472138579e-18
71	4	1.325377575035631e-24
71	5	7.5278914854630656e-31
71	6	2.4443775039013099e-37
74	0	0.99999953440010847
74	1	4.6559975360454509e-07
74	2	1.3800375819134793e-13
74	3	3.3434788549397586e-20
74	4	7.2410059864738019e-27
74	5	1.4628814887160544e-33
75	0	0.99999837560131932
75	1	1.6243972287759647e-06
75	2	1.4518861246060453e-12
75	3	9.4591576436193455e-19
75	4	5.0248040755131825e-25
75	5	2.309658076176605e-31
75	6	1.1102230246251565e-16
76	0	0.99999753600303576
76	1	2.4639937276495814e-06
76	2	3.2367018965256076e-12
76	3	3.0132985195925781e-18
76	4	2.2306305182576837e-24
76	5	1.3969986068294089e-30
76	6	6.4585277682146211e-37
77	0	0.99999749640313407
77	1	2.5035935277016465e-06
77	2	3.3382913374327967e-12
77	3	3.1518996255098466e-18
77	4	2.3643500660965237e-24
77	5	1.4993716499064551e-30
77	6	7.1152615067215541e-37
78	0	0.99999849640113037
78	1	1.5035976164951684e-06
78	2	1.2530981513342594e-12
78	3	7.6605844215824722e-19
78	4	3.839490079226715e-25
78	5	1.6731636389804128e-31
79	0	0.99999745680323393
79	1	2.5431933246174006e-06
79	2	3.4414489260500252e-12
79	3	3.2946826778785641e-18
79	4	2.503987277550036e-24
79	5	1.6076539632829897e-30
79	6	7.75384565908025e-37
80	0	0.99999845480119376
80	1	1.5451974862706838e-06
80	2	1.3199075850679537e-12
80	3	8.2516107629368233e-19
80	4	4.220965033741705e-25
80	5	1.8740861836990452e-31
82	0	0.99999741720333546
82	1	2.5827931183968496e-06
82	2	3.546174662191016e-12
82	3	3.441709775162352e-18
82	4	2.6497140542434031e-24
82	5	1.7220975141756265e-30
82	6	8.438629025587554e-37
83	0	0.99999833600138444
83	1	1.6639970953241339e-06
83	2	1.5202276222375515e-12
83	3	1.0104669079122614e-18
83	4	5.4671665569905721e-25
83	5	2.5558200691711837e-31
84	0	0.99999737760343854
84	1	2.6223929090399877e-06
84	2	3.6524685456694519e-12
84	3	3.5930430158149716e-18
84	4	2.8017047568930918e-24
84	5	1.8429613279274168e-30
84	6	9.1722086438592701e-37
85	0	0.99999733800354318
85	1	2.6619926965468236e-06
85	2	3.7603305762990632e-12
85	3	3.7487444982803346e-18
85	4	2.9601362053063726e-24
85	5	1.9705112783693964e-30
85	6	1.2991954093132095e-36

[frame_retry_cdf]
frame_id	retry_count	cumulative_probability
0	0	0.99999949480012762
0	1	0.99999999999984024
0	2	1
0	3	1
0	4	1
0	5	1
1	0	0.99999805680188802
1	1	0.99999999999795341
1	2	1
1	3	1
1	4	1
1	5	1
1	6	1
2	0	0.99999945320014949
2	1	0.9999999999998157
2	2	1
2	3	1
2	4	1
2	5	1
3	0	0.99999941160017314
3	1	0.9999999999997895
3	2	1
3	3	1
3	4	1
3	5	1
4	0	0.99999729840364948
4	1	0.99999999999613043
4	2	1
4	3	1
4	4	1
4	5	1
4	6	1
6	0	0.99999989680000534
6	1	0.99999999999998834
6	2	1
6	3	1
6	4	1
6	5	1
7	0	0.99999937200019728
7	1	0.99999999999976297
7	2	1
7	3	1
7	4	1
7	5	1
8	0	0.99999801720196579
8	1	0.99999999999739742
8	2	1
8	3	1
8	4	1
8	5	1
8	6	1
9	0	0.99999797560204917
9	1	0.99999999999730071
9	2	1
9	3	1
9	4	1
9	5	1
9	6	1
10	0	0.99999769640265335
10	1	0.99999999999715883
10	2	1
10	3	1
10	4	1
10	5	1
10	6	1
11	0	0.99999985720001028
11	1	0.99999999999998113
11	2	1
11	3	1
11	4	1
11	5	1
12	0	0.99999965720005879
12	1	0.99999999999992017
12	2	1
12	3	1
12	4	1
12	5	1
15	0	0.99999765680274533
15	1	0.99999999999706357
15	2	1
15	3	1
15	4	1
15	5	1
15	6	1
16	0	0.99999725880375712
16	1	0.9999999999960193
16	2	1
16	3	1
16	4	1
16	5	1
16	6	1
17	0	0.99999933040022415
17	1	0.99999999999973321
17	2	1
17	3	1
17	4	1
17	5	1
18	0	0.99999929080025152
18	1	0.99999999999970346
18	2	1
18	3	1
18	4	1
18	5	1
22	0	0.99999925120028044
22	1	0.99999999999967215
22	2	1
22	3	1
22	4	1
22	5	1
23	0	0.99999981760001666
23	1	0.99999999999997213
23	2	1
23	3	1
23	4	1
23	5	1
25	0	0.99999920960031241
25	1	0.9999999999996374
25	2	1
25	3	1
25	4	1
25	5	1
28	0	0.99999829640145121
28	1	0.99999999999840994
28	2	1
28	3	1
28	4	1
28	5	1
28	6	1
29	0	0.99999916200035122
29	1	0.99999999999959233
29	2	1
29	3	1
29	4	1
29	5	1
30	0	0.99999912240038513
30	1	0.99999999999955558
30	2	1
30	3	1
30	4	1
30	5	1
32	0	0.99999761720283886
32	1	0.99999999999696665
32	2	1
32	3	1
32	4	1
32	5	1
32	6	1
33	0	0.99999977800002471
33	1	0.9999999999999617
33	2	1
33	3	1
33	4	1
33	5	1
34	0	0.99999825680151933
34	1	0.99999999999833833
34	2	0.99999999999999989
34	3	0.99999999999999989
34	4	0.99999999999999989
34	5	0.99999999999999989
34	6	0.99999999999999989
34	7	1
35	0	0.99999721920386642
35	1	0.99999999999590672
35	2	1
35	3	1
35	4	1
35	5	1
35	6	1
37	0	0.99999907480042793
37	1	0.9999999999994964
37	2	0.99999999999999989
37	3	0.99999999999999989
37	4	0.99999999999999989
37	5	0.99999999999999989
37	6	1
38	0	0.99999757760293406
38	1	0.99999999999686839
38	2	1
38	3	1
38	4	1
38	5	1
38	6	1
39	0	0.9999982172015891
39	1	0.99999999999826528
39	2	0.99999999999999989
39	3	0.99999999999999989
39	4	0.99999999999999989
39	5	0.99999999999999989
39	6	0.99999999999999989
39	7	1
40	0	0.99999717960397738
40	1	0.99999999999579259
40	2	1
40	3	1
40	4	1
40	5	1
40	6	1
42	0	0.9999971400040899
42	1	0.9999999999956769
42	2	1
42	3	1
42	4	1
42	5	1
42	6	1
44	0	0.99999841520125587
44	1	0.999999999998615
44	2	1
44	3	1
44	4	1
44	5	1
45	0	0.99999903320046746
45	1	0.99999999999926048
45	2	1
45	3	1
45	4	1
45	5	1
46	0	0.99999961360007472
46	1	0.99999999999990086
46	2	1
46	3	1
46	4	1
46	5	1
47	0	0.99999710040420386
47	1	0.99999999999555955
47	2	1
47	3	1
47	4	1
47	5	1
47	6	1
48	0	0.99999706080431938
48	1	0.99999999999544065
48	2	0.99999999999999989
48	3	0.99999999999999989
48	4	0.99999999999999989
48	5	0.99999999999999989
48	6	0.99999999999999989
48	7	1
49	0	0.99999898960051048
49	1	0.99999999999920508
49	2	1
49	3	1
49	4	1
49	5	1
51	0	0.99999874600078631
51	1	0.99999999999911149
51	2	1
51	3	1
51	4	1
51	5	1
52	0	0.99999969880004536
52	1	0.99999999999993605
52	2	1
52	3	1
52	4	1
52	5	1
54	0	0.9999997384000342
54	1	0.9999999999999496
54	2	0.99999999999999989
54	3	0.99999999999999989
54	4	0.99999999999999989
54	5	0.99999999999999989
54	6	1
55	0	0.99999870440083938
55	1	0.99999999999905509
55	2	1
55	3	1
55	4	1
55	5	1
56	0	0.99999957400009076
56	1	0.99999999999988221
56	2	1
56	3	1
56	4	1
56	5	1
57	0	0.99999866280089411
57	1	0.99999999999899691
57	2	1
57	3	1
57	4	1
57	5	1
60	0	0.99999862120095062
60	1	0.99999999999893707
60	2	1
60	3	1
60	4	1
60	5	1
65	0	0.9999985796010088
65	1	0.99999999999887534
65	2	1
65	3	1
65	4	1
65	5	1
66	0	0.99999817760166065
66	1	0.99999999999819078
66	2	1
66	3	1
66	4	1
66	5	1
66	6	1
67	0	0.99999706080431938
67	1	0.99999999999544065
67	2	0.99999999999999989
67	3	0.99999999999999989
67	4	0.99999999999999989
67	5	0.99999999999999989
67	6	0.99999999999999989
67	7	1
69	0	0.99999853800106864
69	1	0.99999999999881195
69	2	1
69	3	1
69	4	1
69	5	1
70	0	0.99999813600173726
70	1	0.99999999999811062
70	2	1
70	3	1
70	4	1
70	5	1
70	6	1
71	0	0.99999809640181192
71	1	0.99999999999803291
71	2	1
71	3	1
71	4	1
71	5	1
71	6	1
74	0	0.99999953440010847
74	1	0.99999999999986211
74	2	1
74	3	1
74	4	1
74	5	1
75	0	0.99999837560131932
75	1	0.99999999999854805
75	2	0.99999999999999989
75	3	0.99999999999999989
75	4	0.99999999999999989
75	5	0.99999999999999989
75	6	1
76	0	0.99999753600303576
76	1	0.99999999999676337
76	2	1
76	3	1
76	4	1
76	5	1
76	6	1
77	0	0.99999749640313407
77	1	0.99999999999666178
77	2	1
77	3	1
77	4	1
77	5	1
77	6	1
78	0	0.99999849640113037
78	1	0.99999999999874689
78	2	1
78	3	1
78	4	1
78	5	1
79	0	0.99999745680323393
79	1	0.99999999999655853
79	2	1
79	3	1
79	4	1
79	5	1
79	6	1
80	0	0.99999845480119376
80	1	0.99999999999868006
80	2	1
80	3	1
80	4	1
80	5	1
82	0	0.99999741720333546
82	1	0.99999999999645384
82	2	1
82	3	1
82	4	1
82	5	1
82	6	1
83	0	0.99999833600138444
83	1	0.99999999999847977
83	2	1
83	3	1
83	4	1
83	5	1
84	0	0.99999737760343854
84	1	0.99999999999634759
84	2	1
84	3	1
84	4	1
84	5	1
84	6	1
85	0	0.99999733800354318
85	1	0.99999999999623967
85	2	1
85	3	1
85	4	1
85	5	1
85	6	1

[frame_wcrt_distribution]
frame_id	response_time_ms	probability
0	0.50520000000000009	0.99999949480012762
0	0.56880000000000008	5.0519971264232177e-07
0	0.63240000000000007	1.5974413897777467e-13
0	0.69600000000000017	4.0787798811682056e-20
0	0.75960000000000005	9.2258552937304256e-27
0	0.82320000000000015	1.9333177421698776e-33
1	1.9432000000000003	0.99999805680188802
1	2.0248000000000004	1.9431960654126231e-06
1	2.1512000000000011	8.1151147711214807e-40
1	2.3460000000000001	2.0465734387330874e-12
1	2.3512000000000004	1.8080171462893412e-32
1	2.4276000000000004	2.0408163354789221e-18
1	2.4328000000000003	3.3952560747102358e-38
1	2.5092000000000003	1.4168187210396783e-24
1	2.5908000000000002	7.9758546141834988e-31
1	2.6724000000000006	2.3783515855728243e-37
2	0.54680000000000006	0.99999945320014949
2	0.61040000000000005	5.4679966623338262e-07
2	0.67400000000000004	1.8427147580098397e-13
2	0.73760000000000003	4.9581396090082258e-20
2	0.80120000000000013	1.1717628857068293e-26
2	0.86480000000000001	2.5486468410872135e-33
3	0.58840000000000003	0.99999941160017314
3	0.65200000000000002	5.8839961636332434e-07
3	0.71560000000000001	2.1052936934512949e-13
3	0.77920000000000011	5.9541389167998023e-20
3	0.84279999999999999	1.4676910203364684e-26
3	0.90640000000000009	3.3095631006835779e-33
4	2.6700000000000017	8.1151147711214807e-40
4	2.7016000000000022	0.99999729840364948
4	2.7832000000000021	2.701592480917348e-06
4	2.8648000000000025	3.8697607538935273e-12
4	2.9464000000000024	3.9088763209925277e-18
4	3.0280000000000022	3.1251876783808666e-24
4	3.1096000000000021	3.4403504725792184e-31
4	3.191200000000002	5.6745056042312948e-37
4	3.309600000000001	1.7609863042858137e-30
4	3.3912000000000013	8.7692032007201709e-37
6	0.1032	0.99999989680000534
6	0.1648	1.031999829926415e-07
6	0.22639999999999999	1.1682237355141183e-14
6	0.28800000000000003	1.4266363891286628e-21
6	0.34960000000000002	1.8373105789241129e-28
6	0.41120000000000001	2.4587294067893614e-35
7	0.62800000000000011	0.99999937200019728
7	0.6916000000000001	6.2799956567535003e-07
7	0.75520000000000009	2.3713262091737751e-13
7	0.81880000000000019	7.0171975929829451e-20
7	0.88240000000000007	1.7978130025285772e-26
7	0.94600000000000017	4.1912405562558766e-33
8	1.9828000000000003	0.99999801720196579
8	2.1908000000000012	8.1151147711214807e-40
8	2.3040000000000007	1.9827954316340617e-06
8	2.3856000000000011	2.6026170711893142e-12
8	2.3908000000000005	1.9224036777724024e-32
8	2.4672000000000009	2.2452772600717788e-18
8	2.4724000000000004	3.8971761199746016e-38
8	2.5488000000000008	1.5314545752101244e-24
8	2.6304000000000007	8.6702343774146719e-31
8	2.7120000000000006	2.6260471960783559e-37
9	2.0244000000000004	0.99999797560204917
9	2.2324000000000011	1.0382104335251053e-39
9	2.345600000000001	2.02439525157293e-06
9	2.4272000000000009	2.6993284081821453e-12
9	2.4324000000000003	2.2008360926317368e-32
9	2.5088000000000013	2.3655891943863961e-18
9	2.5140000000000002	4.4594619606069478e-38
9	2.5904000000000011	1.6378903908027478e-24
9	2.672000000000001	9.3934102561902018e-31
9	2.7536000000000014	3.0968727312820227e-37
10	2.2720000000000016	8.1151147711214807e-40
10	2.3036000000000008	0.99999769640265335
10	2.3852000000000007	2.303594505459834e-06
10	2.466800000000001	2.8412532311878878e-12
10	2.4720000000000009	2.2801941394530285e-32
10	2.5484000000000009	2.4933882327106689e-18
10	2.5536000000000012	5.12138087640158e-38
10	2.6300000000000008	1.7460711290435601e-24
10	2.7116000000000007	1.0150303293287575e-30
10	2.7932000000000006	3.9722901786961032e-37
11	0.14280000000000001	0.99999985720001028
11	0.20440000000000003	1.4279997081168277e-07
11	0.26600000000000001	1.8992394948022233e-14
11	0.3276	2.5542570512252476e-21
11	0.38919999999999999	3.5078037778984962e-28
11	0.45079999999999998	4.9145350279843837e-35
12	0.34279999999999999	0.99999965720005879
12	0.40439999999999998	3.4279986137170818e-07
12	0.46599999999999997	7.9872362779470364e-14
12	0.52760000000000007	1.5903726830524878e-20
12	0.58919999999999995	2.9215783001191668e-27
12	0.65080000000000005	5.12447650656985e-34
15	2.3116000000000017	8.1151147711214807e-40
15	2.3432000000000008	0.99999765680274533
15	2.4248000000000007	2.3431943182155311e-06
15	2.5064000000000011	2.936490879970041e-12
15	2.5116000000000009	2.3642713113599722e-32
15	2.588000000000001	2.6156855207304588e-18
15	2.5932000000000013	5.8256196295050778e-38
15	2.6696000000000009	1.8575287252313369e-24
15	2.7512000000000008	1.0950623204110026e-30
15	2.8328000000000007	4.341455999942182e-37
16	2.7096000000000018	8.1151147711214807e-40
16	2.7412000000000023	0.99999725880375712
16	2.8228000000000022	2.7411922621515615e-06
16	2.9044000000000025	3.9807590782665516e-12
16	2.9860000000000024	4.0735005823757751e-18
16	3.1492000000000022	1.8489144334574877e-31
16	3.2308000000000021	2.8911004958283948e-37
16	3.2676000000000012	3.2970402546958786e-24
16	3.3492000000000011	2.721288675364204e-30
16	3.4308000000000014	1.3586885030653379e-36
17	0.66959999999999997	0.99999933040022415
17	0.73319999999999996	6.6959950904946009e-07
17	0.79679999999999995	2.6676842743883312e-13
17	0.86040000000000005	8.2616087573087777e-20
17	0.92399999999999993	2.200998343236591e-26
17	0.98760000000000003	5.3083329133640691e-33
18	0.70920000000000005	0.99999929080025152
18	0.77280000000000004	7.0919945193045208e-07
18	0.83640000000000003	2.9658719193436996e-13
18	0.90000000000000013	9.5741913832239307e-20
18	0.96360000000000001	2.6439147073750514e-26
18	1.0272000000000001	6.5797158078395138e-33
22	0.74879999999999991	0.99999925120028044
22	0.8123999999999999	7.4879939167512692e-07
22	0.87599999999999989	3.2797411269455195e-13
22	0.93959999999999999	1.1017934684343688e-19
22	1.0031999999999999	3.1500447885096309e-26
22	1.0668	8.0819510183422838e-33
23	0.18240000000000001	0.99999981760001666
23	0.24399999999999999	1.823999554944056e-07
23	0.30559999999999998	2.7870711482709232e-14
23	0.36720000000000003	4.0990080308439716e-21
23	0.42880000000000001	5.9920818368667549e-28
23	0.4904	8.7911413212962339e-35
25	0.79039999999999988	0.99999920960031241
25	0.85399999999999987	7.9039932499868876e-07
25	0.91759999999999986	3.6263518724579969e-13
25	0.98119999999999985	1.2682659538701707e-19
25	1.1083999999999998	4.4003522956939812e-33
25	1.2448000000000001	3.756078334321765e-26
25	1.3084000000000002	1.3053291020419979e-32
28	1.7035999999999996	0.99999829640145121
28	1.7851999999999997	1.7035969587359929e-06
28	1.8667999999999996	1.5901372715289706e-12
28	1.9116000000000004	8.1151147711214807e-40
28	1.9483999999999995	1.0778833827193035e-18
28	2.0299999999999994	5.9380468779192516e-25
28	2.1115999999999997	1.8149350969071484e-31
28	2.1931999999999996	2.6518804955397238e-38
28	2.3512	1.00755305613824e-31
28	2.4327999999999999	3.2362606133063803e-38
29	0.83799999999999986	0.99999916200035122
29	0.90559999999999985	8.379992411075435e-07
29	0.97319999999999984	4.0777040315765033e-13
29	1.0407999999999999	1.5129580391791176e-19
29	1.1759999999999999	5.9208045825333403e-33
29	1.3084000000000002	4.7546851094240506e-26
29	1.3760000000000003	1.6945033190568357e-32
30	0.87759999999999994	0.99999912240038513
30	0.94519999999999993	8.7759917049287177e-07
30	1.0127999999999999	4.4441618989505593e-13
30	1.2156	4.8241325396604865e-33
30	1.2804000000000002	1.7073161919776179e-19
30	1.3480000000000001	8.9469923949127974e-26
30	1.4156000000000002	2.7932509523667301e-32
32	2.3512000000000013	8.1151147711214807e-40
32	2.3828000000000009	0.99999761720283886
32	2.4644000000000008	2.3827941278349177e-06
32	2.5460000000000012	3.0332966772168332e-12
32	2.5512000000000006	2.5627139381625804e-32
32	2.627600000000001	2.7419132249606852e-18
32	2.6328000000000005	6.6087730235993046e-38
32	2.7092000000000009	1.9742328495766624e-24
32	2.7908000000000008	1.1789094958109778e-30
32	2.8724000000000007	4.7372731058778141e-37
33	0.22200000000000003	0.99999977800002471
33	0.28360000000000002	2.21999937040809e-07
33	0.34520000000000006	3.8317186772904858e-14
33	0.40680000000000005	6.1229883891678329e-21
33	0.46840000000000004	9.5058769565662136e-28
33	0.53000000000000003	1.4597383507795343e-34
34	1.7431999999999996	0.99999825680151933
34	1.8247999999999998	1.7431968190115433e-06
34	1.9063999999999997	1.6616150722940106e-12
34	1.9512000000000005	8.1151147711214807e-40
34	1.9879999999999995	1.1482272874552226e-18
34	2.1511999999999998	1.4659170291553746e-31
34	2.3091999999999997	6.4386411336710682e-25
34	2.3908	3.1876970741464952e-31
34	2.4723999999999999	6.5515361066837022e-38
34	50.081600000000002	1.1102230246251565e-16
35	2.7492000000000019	8.1151147711214807e-40
35	2.7808000000000024	0.99999721920386642
35	2.8624000000000023	2.7807920402494729e-06
35	2.9440000000000026	4.0933255492318539e-12
35	3.0256000000000025	4.242679380844536e-18
35	3.1888000000000023	1.9283394815821504e-31
35	3.2704000000000022	3.1503606507569681e-37
35	3.3072000000000012	3.4758794143766789e-24
35	3.3888000000000011	2.8983936324758929e-30
35	3.4704000000000015	1.4615108358250983e-36
37	0.9251999999999998	0.99999907480042793
37	1.0067999999999997	9.2519906850910921e-07
37	1.2884000000000002	5.0349319129895553e-13
37	1.3331999999999997	6.0531969344017296e-33
37	1.3700000000000001	3.1178272085738072e-19
37	1.4516000000000002	1.36086038714064e-25
37	1.5332000000000003	4.4407968211013611e-32
37	10.0816	1.1102230246251565e-16
38	2.3908000000000014	8.1151147711214807e-40
38	2.422400000000001	0.99999757760293406
38	2.5040000000000009	2.4223939343179975e-06
38	2.5856000000000012	3.1316706227419759e-12
38	2.6672000000000011	2.8721334439048091e-18
38	2.6724000000000014	7.477762254663645e-38
38	2.748800000000001	2.0963454431379904e-24
38	2.8304000000000009	1.2955514508833822e-30
38	2.9120000000000008	5.1611471881482459e-37
39	1.7827999999999997	0.9999982172015891
39	1.8643999999999998	1.7827966761507792e-06
39	1.9459999999999997	1.7346610243463659e-12
39	1.9908000000000006	8.1151147711214807e-40
39	2.0275999999999996	1.2215607207823062e-18
39	2.1907999999999999	1.6191742028661763e-31
39	2.3488000000000002	6.9701745113742852e-25
39	2.4304000000000001	3.4732846376633472e-31
39	2.5120000000000005	7.2694693872741113e-38
39	50.081600000000002	1.1102230246251565e-16
40	2.7888000000000019	8.1151147711214807e-40
40	2.8204000000000025	0.99999717960397738
40	2.9020000000000024	2.8203918152110778e-06
40	2.9836000000000027	4.2074601666031329e-12
40	3.2284000000000024	6.8798690715583274e-32
40	3.2652000000000014	4.4164739315084553e-18
40	3.3100000000000023	2.4379396989495528e-37
40	3.3468000000000013	4.5451859027389175e-24
40	3.4284000000000012	3.3771417989856279e-30
40	3.5100000000000016	1.7291735289545058e-36
42	2.8284000000000016	8.1151147711214807e-40
42	2.8600000000000025	0.9999971400040899
42	2.9416000000000024	2.8599915870363761e-06
42	3.0232000000000028	4.3231629301940807e-12
42	3.2680000000000025	7.2868422333780676e-32
42	3.3048000000000011	4.5949480636572415e-18
42	3.3496000000000024	2.6852389159572167e-37
42	3.386400000000001	4.7742542300662801e-24
42	3.4680000000000009	3.5834612703310086e-30
42	3.5496000000000008	1.8705064913930305e-36
44	1.5847999999999993	0.99999841520125587
44	1.6663999999999994	1.5847973590914805e-06
44	1.7479999999999993	1.3851127788207468e-12
44	1.7928000000000002	8.1151147711214807e-40
44	1.8295999999999992	8.8416785338635074e-19
44	1.9111999999999993	4.6097863864379668e-25
44	1.9927999999999995	2.0827987109999738e-31
45	0.96679999999999988	0.99999903320046746
45	1.2484000000000002	9.6679879304763307e-07
45	1.3300000000000001	7.3960101632999555e-13
45	1.3748	5.649324667012167e-33
45	1.4116	3.8090167242015369e-19
45	1.4932000000000001	1.6064407399758744e-25
45	1.5748000000000002	5.3924991917081655e-32
46	0.38640000000000002	0.99999961360007472
46	0.45000000000000001	3.8639982612003889e-07
46	0.51360000000000006	9.9227469036758777e-14
46	0.57720000000000005	2.1455481311892574e-20
46	0.64080000000000004	4.236362421261279e-27
46	0.70440000000000003	7.9274407033934675e-34
47	2.8680000000000021	8.1151147711214807e-40
47	2.8996000000000026	0.99999710040420386
47	2.9812000000000025	2.8995913557253705e-06
47	3.2628000000000013	4.4404329517317414e-12
47	3.3076000000000025	7.4591416081653762e-32
47	3.3444000000000016	5.6662495450060127e-18
47	3.3892000000000024	2.7924750452673139e-37
47	3.4260000000000015	5.1731005260436556e-24
47	3.5076000000000014	3.8315337297624776e-30
47	3.5892000000000017	2.0482466414998564e-36
48	2.9076000000000017	8.1151147711214807e-40
48	2.9392000000000027	0.99999706080431938
48	3.0208000000000026	2.9391911212780543e-06
48	3.3024000000000013	4.5592719834353501e-12
48	3.3472000000000026	7.9011263105579609e-32
48	3.3840000000000012	5.8780352425617712e-18
48	3.4288000000000025	3.0780598542399633e-37
48	3.4656000000000011	5.4236944796870759e-24
48	3.547200000000001	4.058890975367904e-30
48	3.6288000000000009	2.1870120182295662e-36
48	1000.0816	1.1102230246251565e-16
49	1.0103999999999997	0.99999898960051048
49	1.2919999999999998	1.0103986945640426e-06
49	1.3735999999999999	7.94981628012485e-13
49	1.4183999999999997	6.894437698107282e-33
49	1.4552	4.2059641348365307e-19
49	1.5367999999999999	1.8183418672435385e-25
49	1.6183999999999998	6.2075331750624334e-32
51	1.2539999999999998	0.99999874600078631
51	1.3355999999999999	1.2539983251587174e-06
51	1.4171999999999998	8.8858314069908127e-13
51	1.4619999999999997	1.312959050936332e-39
51	1.4987999999999997	4.694971972770736e-19
51	1.5803999999999998	2.0624653995745451e-25
51	1.6619999999999999	7.9733296467848357e-32
52	0.30120000000000002	0.99999969880004536
52	0.36280000000000001	3.0119989072466003e-07
52	0.4244	6.3914612874632608e-14
52	0.48600000000000004	1.185703343748037e-20
52	0.54760000000000009	2.0607903232197147e-27
52	0.60919999999999996	3.4571090508976394e-34
54	0.26160000000000005	0.9999997384000342
54	0.32320000000000004	2.615999154508935e-07
54	0.38480000000000003	5.033182063231166e-14
54	0.44640000000000007	8.6882971775432774e-21
54	0.50800000000000001	1.4289512548925802e-27
54	0.56960000000000011	2.294754399856907e-34
54	1.0616000000000001	1.1102230246251565e-16
55	1.2955999999999999	0.99999870440083938
55	1.3771999999999998	1.2955982157009078e-06
55	1.4587999999999999	9.4500926141948483e-13
55	1.5035999999999996	1.0382104335251053e-39
55	1.5404	5.1237276848971255e-19
55	1.6219999999999999	2.3036237257979477e-25
55	1.7035999999999998	9.0940964535866017e-32
56	0.42599999999999999	0.99999957400009076
56	0.48959999999999998	4.2599979143045088e-07
56	0.55320000000000003	1.1783153481557691e-13
56	0.61680000000000001	2.7011382379374146e-20
56	0.6804	5.5910191106052805e-27
56	0.74399999999999999	1.0877267788989187e-33
57	1.3371999999999995	0.99999866280089411
57	1.4187999999999996	1.3371981027819855e-06
57	1.5003999999999995	1.0031659348487039e-12
57	1.5451999999999999	1.0382104335251053e-39
57	1.5819999999999994	5.5777287306928487e-19
57	1.6635999999999995	2.5652585205166129e-25
57	1.7451999999999996	1.0337017711720542e-31
60	1.3787999999999996	0.99999862120095062
60	1.4603999999999995	1.3787979864019495e-06
60	1.5419999999999996	1.063053160770761e-12
60	1.5867999999999998	1.0382104335251053e-39
60	1.6235999999999997	6.0576950187983719e-19
60	1.7051999999999996	2.848493707371676e-25
60	1.7867999999999995	1.1711785484448159e-31
65	1.4203999999999994	0.9999985796010088
65	1.5019999999999993	1.4203978665608015e-06
65	1.5835999999999995	1.12467093896969e-12
65	1.6284000000000001	1.0382104335251053e-39
65	1.6651999999999996	6.5643464577345033e-19
65	1.7467999999999995	3.15448315814414e-25
65	1.8283999999999994	1.3228590026839801e-31
66	1.8223999999999998	0.99999817760166065
66	1.9039999999999999	1.8223965301537033e-06
66	1.9855999999999998	1.8092751274997422e-12
66	2.0304000000000006	8.1151147711214807e-40
66	2.2303999999999999	1.0688599958560149e-31
66	2.3068000000000004	1.2979454703652653e-18
66	2.3884000000000003	1.0643769501301583e-24
66	2.4700000000000002	5.1208995495881544e-31
66	2.5516000000000005	8.0448509588789655e-38
67	2.9076000000000017	8.1151147711214807e-40
67	2.9392000000000027	0.99999706080431938
67	3.0208000000000026	2.9391911212780543e-06
67	3.3024000000000013	4.5592719834353501e-12
67	3.3472000000000026	7.9011263105579609e-32
67	3.3840000000000012	5.8780352425617712e-18
67	3.4288000000000025	3.0780598542399633e-37
67	3.4656000000000011	5.4236944796870759e-24
67	3.547200000000001	4.058890975367904e-30
67	3.6288000000000009	2.1870120182295662e-36
67	1000.0816	1.1102230246251565e-16
69	1.4619999999999993	0.99999853800106864
69	1.5435999999999992	1.4619977432585413e-06
69	1.6251999999999993	1.1880192692295139e-12
69	1.6699999999999999	1.0382104335251053e-39
69	1.7067999999999994	7.0984029559021619e-19
69	1.7883999999999993	3.4844106927485256e-25
69	1.8699999999999992	1.4898132271302364e-31
70	1.8639999999999999	0.99999813600173726
70	1.9455999999999998	1.863996373405125e-06
70	2.0271999999999997	1.8893465699127519e-12
70	2.0720000000000005	1.312959050936332e-39
70	2.2719999999999998	1.2051263135351523e-31
70	2.3484000000000003	1.3815430536071498e-18
70	2.4300000000000002	1.1472314323995906e-24
70	2.5116000000000001	5.5562066347668158e-31
70	2.5932000000000004	1.1290698974126541e-37
71	1.9036000000000002	0.99999809640181192
71	1.9852000000000003	1.9035962209770332e-06
71	2.111600000000001	8.1151147711214807e-40
71	2.3064	1.9671757029007326e-12
71	2.3116000000000003	1.6578036633677483e-32
71	2.3880000000000003	1.9357149472138579e-18
71	2.3932000000000002	2.9484019885169203e-38
71	2.4696000000000002	1.325377575035631e-24
71	2.5512000000000001	7.3621111110111756e-31
71	2.6328000000000005	2.149537305049618e-37
74	0.46560000000000007	0.99999953440010847
74	0.52920000000000011	4.6559975360454509e-07
74	0.5928000000000001	1.3800375819134793e-13
74	0.65640000000000009	3.3434788549397586e-20
74	0.72000000000000008	7.2410059864738019e-27
74	0.78360000000000007	1.4628814887160544e-33
75	1.6243999999999994	0.99999837560131932
75	1.7059999999999995	1.6243972287759647e-06
75	1.7875999999999994	1.4518861246060453e-12
75	1.8324000000000003	8.1151147711214807e-40
75	1.8691999999999993	9.4591576436193455e-19
75	1.9507999999999994	5.0248040755131825e-25
75	2.0323999999999995	2.3096580680614903e-31
75	20.081600000000002	1.1102230246251565e-16
76	2.4324000000000017	1.0382104335251053e-39
76	2.4640000000000013	0.99999753600303576
76	2.5456000000000012	2.4639937276495814e-06
76	2.6272000000000011	3.2367018965256076e-12
76	2.7088000000000014	3.0132985195925781e-18
76	2.7140000000000013	8.4399541199116992e-38
76	2.7904000000000013	2.2306305182576837e-24
76	2.8720000000000012	1.3969986057911986e-30
76	2.9536000000000016	5.6145323562234522e-37
77	2.4720000000000018	8.1151147711214807e-40
77	2.5036000000000018	0.99999749640313407
77	2.5852000000000017	2.5035935277016465e-06
77	2.6668000000000021	3.3382913374327967e-12
77	2.748400000000002	3.1518996255098466e-18
77	2.8300000000000018	2.3643500660965237e-24
77	2.9116000000000017	1.4993716490949435e-30
77	2.9932000000000016	7.1152615067215541e-37
78	1.5035999999999994	0.99999849640113037
78	1.5851999999999995	1.5035976164951684e-06
78	1.6667999999999994	1.2530981513342594e-12
78	1.7116000000000002	1.0382104335251053e-39
78	1.7483999999999993	7.6605844215824722e-19
78	1.8299999999999994	3.839490079226715e-25
78	1.9115999999999995	1.6731636285983086e-31
79	2.5116000000000014	8.1151147711214807e-40
79	2.5432000000000019	0.99999745680323393
79	2.6248000000000018	2.5431933246174006e-06
79	2.7064000000000021	3.4414489260500252e-12
79	2.788000000000002	3.2946826778785641e-18
79	2.8696000000000019	2.503987277550036e-24
79	2.9512000000000018	1.6076539624714785e-30
79	3.0328000000000017	7.75384565908025e-37
80	1.5451999999999995	0.99999845480119376
80	1.6267999999999994	1.5451974862706838e-06
80	1.7083999999999995	1.3199075850679537e-12
80	1.7532000000000001	1.0382104335251053e-39
80	1.7899999999999996	8.2516107629368233e-19
80	1.8715999999999995	4.220965033741705e-25
80	1.9531999999999994	1.8740861733169407e-31
82	2.5512000000000015	8.1151147711214807e-40
82	2.582800000000002	0.99999741720333546
82	2.6644000000000019	2.5827931183968496e-06
82	2.7460000000000022	3.546174662191016e-12
82	2.8276000000000021	3.441709775162352e-18
82	2.909200000000002	2.6497140542434031e-24
82	2.9908000000000019	1.722097513364115e-30
82	3.0724000000000018	8.438629025587554e-37
83	1.6639999999999995	0.99999833600138444
83	1.7455999999999996	1.6639970953241339e-06
83	1.8271999999999995	1.5202276222375515e-12
83	1.8720000000000003	8.1151147711214807e-40
83	1.9087999999999994	1.0104669079122614e-18
83	1.9903999999999995	5.4671665569905721e-25
83	2.0719999999999996	2.555820061056069e-31
84	2.5908000000000015	8.1151147711214807e-40
84	2.6224000000000021	0.99999737760343854
84	2.704000000000002	2.6223929090399877e-06
84	2.7856000000000023	3.6524685456694519e-12
84	2.8672000000000022	3.5930430158149716e-18
84	2.9488000000000021	2.8017047568930918e-24
84	3.030400000000002	1.8429613271159056e-30
84	3.1120000000000019	9.1722086438592701e-37
85	2.6304000000000016	1.0382104335251053e-39
85	2.6620000000000021	0.99999733800354318
85	2.743600000000002	2.6619926965468236e-06
85	2.8252000000000024	3.7603305762990632e-12
85	2.9068000000000023	3.7487444982803346e-18
85	2.9884000000000022	2.9601362053063726e-24
85	3.0700000000000021	4.3271414386760989e-31
85	3.151600000000002	5.1825093025670237e-37
85	3.2700000000000009	1.5377971334635761e-30
85	3.3516000000000012	7.8094447905650701e-37

[frame_wcrt_cdf]
frame_id	response_time_ms	cumulative_probability
0	0.50520000000000009	0.99999949480012762
0	0.56880000000000008	0.99999999999984024
0	0.63240000000000007	1
0	0.69600000000000017	1
0	0.75960000000000005	1
0	0.82320000000000015	1
1	1.9432000000000003	0.99999805680188802
1	2.0248000000000004	0.99999999999795341
1	2.1512000000000011	0.99999999999795341
1	2.3460000000000001	1
1	2.3512000000000004	1
1	2.4276000000000004	1
1	2.4328000000000003	1
1	2.5092000000000003	1
1	2.5908000000000002	1
1	2.6724000000000006	1
2	0.54680000000000006	0.99999945320014949
2	0.61040000000000005	0.9999999999998157
2	0.67400000000000004	1
2	0.73760000000000003	1
2	0.80120000000000013	1
2	0.86480000000000001	1
3	0.58840000000000003	0.99999941160017314
3	0.65200000000000002	0.9999999999997895
3	0.71560000000000001	1
3	0.77920000000000011	1
3	0.84279999999999999	1
3	0.90640000000000009	1
4	2.6700000000000017	8.1151147711214807e-40
4	2.7016000000000022	0.99999729840364948
4	2.7832000000000021	0.99999999999613043
4	2.8648000000000025	1
4	2.9464000000000024	1
4	3.0280000000000022	1
4	3.1096000000000021	1
4	3.191200000000002	1
4	3.309600000000001	1
4	3.3912000000000013	1
6	0.1032	0.99999989680000534
6	0.1648	0.99999999999998834
6	0.22639999999999999	1
6	0.28800000000000003	1
6	0.34960000000000002	1
6	0.41120000000000001	1
7	0.62800000000000011	0.99999937200019728
7	0.6916000000000001	0.99999999999976297
7	0.75520000000000009	1
7	0.81880000000000019	1
7	0.88240000000000007	1
7	0.94600000000000017	1
8	1.9828000000000003	0.99999801720196579
8	2.1908000000000012	0.99999801720196579
8	2.3040000000000007	0.99999999999739742
8	2.3856000000000011	1
8	2.3908000000000005	1
8	2.4672000000000009	1
8	2.4724000000000004	1
8	2.5488000000000008	1
8	2.6304000000000007	1
8	2.7120000000000006	1
9	2.0244000000000004	0.99999797560204917
9	2.2324000000000011	0.99999797560204917
9	2.345600000000001	0.99999999999730071
9	2.4272000000000009	1
9	2.4324000000000003	1
9	2.5088000000000013	1
9	2.5140000000000002	1
9	2.5904000000000011	1
9	2.672000000000001	1
9	2.7536000000000014	1
10	2.2720000000000016	8.1151147711214807e-40
10	2.3036000000000008	0.99999769640265335
10	2.3852000000000007	0.99999999999715883
10	2.466800000000001	1
10	2.4720000000000009	1
10	2.5484000000000009	1
10	2.5536000000000012	1
10	2.6300000000000008	1
10	2.7116000000000007	1
10	2.7932000000000006	1
11	0.14280000000000001	0.99999985720001028
11	0.20440000000000003	0.99999999999998113
11	0.26600000000000001	1
11	0.3276	1
11	0.38919999999999999	1
11	0.45079999999999998	1
12	0.34279999999999999	0.99999965720005879
12	0.40439999999999998	0.99999999999992017
12	0.46599999999999997	1
12	0.52760000000000007	1
12	0.58919999999999995	1
12	0.65080000000000005	1
15	2.3116000000000017	8.1151147711214807e-40
15	2.3432000000000008	0.99999765680274533
15	2.4248000000000007	0.99999999999706357
15	2.5064000000000011	1
15	2.5116000000000009	1
15	2.588000000000001	1
15	2.5932000000000013	1
15	2.6696000000000009	1
15	2.7512000000000008	1
15	2.8328000000000007	1
16	2.7096000000000018	8.1151147711214807e-40
16	2.7412000000000023	0.99999725880375712
16	2.8228000000000022	0.9999999999960193
16	2.9044000000000025	1
16	2.9860000000000024	1
16	3.1492000000000022	1
16	3.2308000000000021	1
16	3.2676000000000012	1
16	3.3492000000000011	1
16	3.4308000000000014	1
17	0.66959999999999997	0.99999933040022415
17	0.73319999999999996	0.99999999999973321
17	0.79679999999999995	1
17	0.86040000000000005	1
17	0.92399999999999993	1
17	0.98760000000000003	1
18	0.70920000000000005	0.99999929080025152
18	0.77280000000000004	0.99999999999970346
18	0.83640000000000003	1
18	0.90000000000000013	1
18	0.96360000000000001	1
18	1.0272000000000001	1
22	0.74879999999999991	0.99999925120028044
22	0.8123999999999999	0.99999999999967215
22	0.87599999999999989	1
22	0.93959999999999999	1
22	1.0031999999999999	1
22	1.0668	1
23	0.18240000000000001	0.99999981760001666
23	0.24399999999999999	0.99999999999997213
23	0.30559999999999998	1
23	0.36720000000000003	1
23	0.42880000000000001	1
23	0.4904	1
25	0.79039999999999988	0.99999920960031241
25	0.85399999999999987	0.9999999999996374
25	0.91759999999999986	1
25	0.98119999999999985	1
25	1.1083999999999998	1
25	1.2448000000000001	1
25	1.3084000000000002	1
28	1.7035999999999996	0.99999829640145121
28	1.7851999999999997	0.99999999999840994
28	1.8667999999999996	1
28	1.9116000000000004	1
28	1.9483999999999995	1
28	2.0299999999999994	1
28	2.1115999999999997	1
28	2.1931999999999996	1
28	2.3512	1
28	2.4327999999999999	1
29	0.83799999999999986	0.99999916200035122
29	0.90559999999999985	0.99999999999959233
29	0.97319999999999984	1
29	1.0407999999999999	1
29	1.1759999999999999	1
29	1.3084000000000002	1
29	1.3760000000000003	1
30	0.87759999999999994	0.99999912240038513
30	0.94519999999999993	0.99999999999955558
30	1.0127999999999999	1
30	1.2156	1
30	1.2804000000000002	1
30	1.3480000000000001	1
30	1.4156000000000002	1
32	2.3512000000000013	8.1151147711214807e-40
32	2.3828000000000009	0.99999761720283886
32	2.4644000000000008	0.99999999999696665
32	2.5460000000000012	1
32	2.5512000000000006	1
32	2.627600000000001	1
32	2.6328000000000005	1
32	2.7092000000000009	1
32	2.7908000000000008	1
32	2.8724000000000007	1
33	0.22200000000000003	0.99999977800002471
33	0.28360000000000002	0.9999999999999617
33	0.34520000000000006	1
33	0.40680000000000005	1
33	0.46840000000000004	1
33	0.53000000000000003	1
34	1.7431999999999996	0.99999825680151933
34	1.8247999999999998	0.99999999999833833
34	1.9063999999999997	0.99999999999999989
34	1.9512000000000005	0.99999999999999989
34	1.9879999999999995	0.99999999999999989
34	2.1511999999999998	0.99999999999999989
34	2.3091999999999997	0.99999999999999989
34	2.3908	0.99999999999999989
34	2.4723999999999999	0.99999999999999989
34	50.081600000000002	1
35	2.7492000000000019	8.1151147711214807e-40
35	2.7808000000000024	0.99999721920386642
35	2.8624000000000023	0.99999999999590672
35	2.9440000000000026	1
35	3.0256000000000025	1
35	3.1888000000000023	1
35	3.2704000000000022	1
35	3.3072000000000012	1
35	3.3888000000000011	1
35	3.4704000000000015	1
37	0.9251999999999998	0.99999907480042793
37	1.0067999999999997	0.9999999999994964
37	1.2884000000000002	0.99999999999999989
37	1.3331999999999997	0.99999999999999989
37	1.3700000000000001	0.99999999999999989
37	1.4516000000000002	0.99999999999999989
37	1.5332000000000003	0.99999999999999989
37	10.0816	1
38	2.3908000000000014	8.1151147711214807e-40
38	2.422400000000001	0.99999757760293406
38	2.5040000000000009	0.99999999999686839
38	2.5856000000000012	1
38	2.6672000000000011	1
38	2.6724000000000014	1
38	2.748800000000001	1
38	2.8304000000000009	1
38	2.9120000000000008	1
39	1.7827999999999997	0.9999982172015891
39	1.8643999999999998	0.99999999999826528
39	1.9459999999999997	0.99999999999999989
39	1.9908000000000006	0.99999999999999989
39	2.0275999999999996	0.99999999999999989
39	2.1907999999999999	0.99999999999999989
39	2.3488000000000002	0.99999999999999989
39	2.4304000000000001	0.99999999999999989
39	2.5120000000000005	0.99999999999999989
39	50.081600000000002	1
40	2.7888000000000019	8.1151147711214807e-40
40	2.8204000000000025	0.99999717960397738
40	2.9020000000000024	0.99999999999579259
40	2.9836000000000027	1
40	3.2284000000000024	1
40	3.2652000000000014	1
40	3.3100000000000023	1
40	3.3468000000000013	1
40	3.4284000000000012	1
40	3.5100000000000016	1
42	2.8284000000000016	8.1151147711214807e-40
42	2.8600000000000025	0.9999971400040899
42	2.9416000000000024	0.9999999999956769
42	3.0232000000000028	1
42	3.2680000000000025	1
42	3.3048000000000011	1
42	3.3496000000000024	1
42	3.386400000000001	1
42	3.4680000000000009	1
42	3.5496000000000008	1
44	1.5847999999999993	0.99999841520125587
44	1.6663999999999994	0.999999999998615
44	1.7479999999999993	1
44	1.7928000000000002	1
44	1.8295999999999992	1
44	1.9111999999999993	1
44	1.9927999999999995	1
45	0.96679999999999988	0.99999903320046746
45	1.2484000000000002	0.99999999999926048
45	1.3300000000000001	1
45	1.3748	1
45	1.4116	1
45	1.4932000000000001	1
45	1.5748000000000002	1
46	0.38640000000000002	0.99999961360007472
46	0.45000000000000001	0.99999999999990086
46	0.51360000000000006	1
46	0.57720000000000005	1
46	0.64080000000000004	1
46	0.70440000000000003	1
47	2.8680000000000021	8.1151147711214807e-40
47	2.8996000000000026	0.99999710040420386
47	2.9812000000000025	0.99999999999555955
47	3.2628000000000013	1
47	3.3076000000000025	1
47	3.3444000000000016	1
47	3.3892000000000024	1
47	3.4260000000000015	1
47	3.5076000000000014	1
47	3.5892000000000017	1
48	2.9076000000000017	8.1151147711214807e-40
48	2.9392000000000027	0.99999706080431938
48	3.0208000000000026	0.99999999999544065
48	3.3024000000000013	0.99999999999999989
48	3.3472000000000026	0.99999999999999989
48	3.3840000000000012	0.99999999999999989
48	3.4288000000000025	0.99999999999999989
48	3.4656000000000011	0.99999999999999989
48	3.547200000000001	0.99999999999999989
48	3.6288000000000009	0.99999999999999989
48	1000.0816	1
49	1.0103999999999997	0.99999898960051048
49	1.2919999999999998	0.99999999999920508
49	1.3735999999999999	1
49	1.4183999999999997	1
49	1.4552	1
49	1.5367999999999999	1
49	1.6183999999999998	1
51	1.2539999999999998	0.99999874600078631
51	1.3355999999999999	0.99999999999911149
51	1.4171999999999998	1
51	1.4619999999999997	1
51	1.4987999999999997	1
51	1.5803999999999998	1
51	1.6619999999999999	1
52	0.30120000000000002	0.99999969880004536
52	0.36280000000000001	0.99999999999993605
52	0.4244	1
52	0.48600000000000004	1
52	0.54760000000000009	1
52	0.60919999999999996	1
54	0.26160000000000005	0.9999997384000342
54	0.32320000000000004	0.9999999999999496
54	0.38480000000000003	0.99999999999999989
54	0.44640000000000007	0.99999999999999989
54	0.50800000000000001	0.99999999999999989
54	0.56960000000000011	0.99999999999999989
54	1.0616000000000001	1
55	1.2955999999999999	0.99999870440083938
55	1.3771999999999998	0.99999999999905509
55	1.4587999999999999	1
55	1.5035999999999996	1
55	1.5404	1
55	1.6219999999999999	1
55	1.7035999999999998	1
56	0.42599999999999999	0.99999957400009076
56	0.48959999999999998	0.99999999999988221
56	0.55320000000000003	1
56	0.61680000000000001	1
56	0.6804	1
56	0.74399999999999999	1
57	1.3371999999999995	0.99999866280089411
57	1.4187999999999996	0.99999999999899691
57	1.5003999999999995	1
57	1.5451999999999999	1
57	1.5819999999999994	1
57	1.6635999999999995	1
57	1.7451999999999996	1
60	1.3787999999999996	0.99999862120095062
60	1.4603999999999995	0.99999999999893707
60	1.5419999999999996	1
60	1.5867999999999998	1
60	1.6235999999999997	1
60	1.7051999999999996	1
60	1.7867999999999995	1
65	1.4203999999999994	0.9999985796010088
65	1.5019999999999993	0.99999999999887534
65	1.5835999999999995	1
65	1.6284000000000001	1
65	1.6651999999999996	1
65	1.7467999999999995	1
65	1.8283999999999994	1
66	1.8223999999999998	0.99999817760166065
66	1.9039999999999999	0.99999999999819078
66	1.9855999999999998	1
66	2.0304000000000006	1
66	2.2303999999999999	1
66	2.3068000000000004	1
66	2.3884000000000003	1
66	2.4700000000000002	1
66	2.5516000000000005	1
67	2.9076000000000017	8.1151147711214807e-40
67	2.9392000000000027	0.99999706080431938
67	3.0208000000000026	0.99999999999544065
67	3.3024000000000013	0.99999999999999989
67	3.3472000000000026	0.99999999999999989
67	3.3840000000000012	0.99999999999999989
67	3.4288000000000025	0.99999999999999989
67	3.4656000000000011	0.99999999999999989
67	3.547200000000001	0.99999999999999989
67	3.6288000000000009	0.99999999999999989
67	1000.0816	1
69	1.4619999999999993	0.99999853800106864
69	1.5435999999999992	0.99999999999881195
69	1.6251999999999993	1
69	1.6699999999999999	1
69	1.7067999999999994	1
69	1.7883999999999993	1
69	1.8699999999999992	1
70	1.8639999999999999	0.99999813600173726
70	1.9455999999999998	0.99999999999811062
70	2.0271999999999997	1
70	2.0720000000000005	1
70	2.2719999999999998	1
70	2.3484000000000003	1
70	2.4300000000000002	1
70	2.5116000000000001	1
70	2.5932000000000004	1
71	1.9036000000000002	0.99999809640181192
71	1.9852000000000003	0.99999999999803291
71	2.111600000000001	0.99999999999803291
71	2.3064	1
71	2.3116000000000003	1
71	2.3880000000000003	1
71	2.3932000000000002	1
71	2.4696000000000002	1
71	2.5512000000000001	1
71	2.6328000000000005	1
74	0.46560000000000007	0.99999953440010847
74	0.52920000000000011	0.99999999999986211
74	0.5928000000000001	1
74	0.65640000000000009	1
74	0.72000000000000008	1
74	0.78360000000000007	1
75	1.6243999999999994	0.99999837560131932
75	1.7059999999999995	0.99999999999854805
75	1.7875999999999994	0.99999999999999989
75	1.8324000000000003	0.99999999999999989
75	1.8691999999999993	0.99999999999999989
75	1.9507999999999994	0.99999999999999989
75	2.0323999999999995	0.99999999999999989
75	20.081600000000002	1
76	2.4324000000000017	1.0382104335251053e-39
76	2.4640000000000013	0.99999753600303576
76	2.5456000000000012	0.99999999999676337
76	2.6272000000000011	1
76	2.7088000000000014	1
76	2.7140000000000013	1
76	2.7904000000000013	1
76	2.8720000000000012	1
76	2.9536000000000016	1
77	2.4720000000000018	8.1151147711214807e-40
77	2.5036000000000018	0.99999749640313407
77	2.5852000000000017	0.99999999999666178
77	2.6668000000000021	1
77	2.748400000000002	1
77	2.8300000000000018	1
77	2.9116000000000017	1
77	2.9932000000000016	1
78	1.5035999999999994	0.99999849640113037
78	1.5851999999999995	0.99999999999874689
78	1.6667999999999994	1
78	1.7116000000000002	1
78	1.7483999999999993	1
78	1.8299999999999994	1
78	1.9115999999999995	1
79	2.5116000000000014	8.1151147711214807e-40
79	2.5432000000000019	0.99999745680323393
79	2.6248000000000018	0.99999999999655853
79	2.7064000000000021	1
79	2.788000000000002	1
79	2.8696000000000019	1
79	2.9512000000000018	1
79	3.0328000000000017	1
80	1.5451999999999995	0.99999845480119376
80	1.6267999999999994	0.99999999999868006
80	1.7083999999999995	1
80	1.7532000000000001	1
80	1.7899999999999996	1
80	1.8715999999999995	1
80	1.9531999999999994	1
82	2.5512000000000015	8.1151147711214807e-40
82	2.582800000000002	0.99999741720333546
82	2.6644000000000019	0.99999999999645384
82	2.7460000000000022	1
82	2.8276000000000021	1
82	2.909200000000002	1
82	2.9908000000000019	1
82	3.0724000000000018	1
83	1.6639999999999995	0.99999833600138444
83	1.7455999999999996	0.99999999999847977
83	1.8271999999999995	1
83	1.8720000000000003	1
83	1.9087999999999994	1
83	1.9903999999999995	1
83	2.0719999999999996	1
84	2.5908000000000015	8.1151147711214807e-40
84	2.6224000000000021	0.99999737760343854
84	2.704000000000002	0.99999999999634759
84	2.7856000000000023	1
84	2.8672000000000022	1
84	2.9488000000000021	1
84	3.030400000000002	1
84	3.1120000000000019	1
85	2.6304000000000016	1.0382104335251053e-39
85	2.6620000000000021	0.99999733800354318
85	2.743600000000002	0.99999999999623967
85	2.8252000000000024	1
85	2.9068000000000023	1
85	2.9884000000000022	1
85	3.0700000000000021	1
85	3.151600000000002	1
85	3.2700000000000009	1
85	3.3516000000000012	1

[frame_distribution_quantiles]
frame_id	retry_q50	retry_q90	retry_q95	retry_q99	wcrt_q50_ms	wcrt_q90_ms	wcrt_q95_ms	wcrt_q99_ms
0	0	0	0	0	0.50520000000000009	0.50520000000000009	0.50520000000000009	0.50520000000000009
1	0	0	0	0	1.9432000000000003	1.9432000000000003	1.9432000000000003	1.9432000000000003
2	0	0	0	0	0.54680000000000006	0.54680000000000006	0.54680000000000006	0.54680000000000006
3	0	0	0	0	0.58840000000000003	0.58840000000000003	0.58840000000000003	0.58840000000000003
4	0	0	0	0	2.7016000000000022	2.7016000000000022	2.7016000000000022	2.7016000000000022
6	0	0	0	0	0.1032	0.1032	0.1032	0.1032
7	0	0	0	0	0.62800000000000011	0.62800000000000011	0.62800000000000011	0.62800000000000011
8	0	0	0	0	1.9828000000000003	1.9828000000000003	1.9828000000000003	1.9828000000000003
9	0	0	0	0	2.0244000000000004	2.0244000000000004	2.0244000000000004	2.0244000000000004
10	0	0	0	0	2.3036000000000008	2.3036000000000008	2.3036000000000008	2.3036000000000008
11	0	0	0	0	0.14280000000000001	0.14280000000000001	0.14280000000000001	0.14280000000000001
12	0	0	0	0	0.34279999999999999	0.34279999999999999	0.34279999999999999	0.34279999999999999
15	0	0	0	0	2.3432000000000008	2.3432000000000008	2.3432000000000008	2.3432000000000008
16	0	0	0	0	2.7412000000000023	2.7412000000000023	2.7412000000000023	2.7412000000000023
17	0	0	0	0	0.66959999999999997	0.66959999999999997	0.66959999999999997	0.66959999999999997
18	0	0	0	0	0.70920000000000005	0.70920000000000005	0.70920000000000005	0.70920000000000005
22	0	0	0	0	0.74879999999999991	0.74879999999999991	0.74879999999999991	0.74879999999999991
23	0	0	0	0	0.18240000000000001	0.18240000000000001	0.18240000000000001	0.18240000000000001
25	0	0	0	0	0.79039999999999988	0.79039999999999988	0.79039999999999988	0.79039999999999988
28	0	0	0	0	1.7035999999999996	1.7035999999999996	1.7035999999999996	1.7035999999999996
29	0	0	0	0	0.83799999999999986	0.83799999999999986	0.83799999999999986	0.83799999999999986
30	0	0	0	0	0.87759999999999994	0.87759999999999994	0.87759999999999994	0.87759999999999994
32	0	0	0	0	2.3828000000000009	2.3828000000000009	2.3828000000000009	2.3828000000000009
33	0	0	0	0	0.22200000000000003	0.22200000000000003	0.22200000000000003	0.22200000000000003
34	0	0	0	0	1.7431999999999996	1.7431999999999996	1.7431999999999996	1.7431999999999996
35	0	0	0	0	2.7808000000000024	2.7808000000000024	2.7808000000000024	2.7808000000000024
37	0	0	0	0	0.9251999999999998	0.9251999999999998	0.9251999999999998	0.9251999999999998
38	0	0	0	0	2.422400000000001	2.422400000000001	2.422400000000001	2.422400000000001
39	0	0	0	0	1.7827999999999997	1.7827999999999997	1.7827999999999997	1.7827999999999997
40	0	0	0	0	2.8204000000000025	2.8204000000000025	2.8204000000000025	2.8204000000000025
42	0	0	0	0	2.8600000000000025	2.8600000000000025	2.8600000000000025	2.8600000000000025
44	0	0	0	0	1.5847999999999993	1.5847999999999993	1.5847999999999993	1.5847999999999993
45	0	0	0	0	0.96679999999999988	0.96679999999999988	0.96679999999999988	0.96679999999999988
46	0	0	0	0	0.38640000000000002	0.38640000000000002	0.38640000000000002	0.38640000000000002
47	0	0	0	0	2.8996000000000026	2.8996000000000026	2.8996000000000026	2.8996000000000026
48	0	0	0	0	2.9392000000000027	2.9392000000000027	2.9392000000000027	2.9392000000000027
49	0	0	0	0	1.0103999999999997	1.0103999999999997	1.0103999999999997	1.0103999999999997
51	0	0	0	0	1.2539999999999998	1.2539999999999998	1.2539999999999998	1.2539999999999998
52	0	0	0	0	0.30120000000000002	0.30120000000000002	0.30120000000000002	0.30120000000000002
54	0	0	0	0	0.26160000000000005	0.26160000000000005	0.26160000000000005	0.26160000000000005
55	0	0	0	0	1.2955999999999999	1.2955999999999999	1.2955999999999999	1.2955999999999999
56	0	0	0	0	0.42599999999999999	0.42599999999999999	0.42599999999999999	0.42599999999999999
57	0	0	0	0	1.3371999999999995	1.3371999999999995	1.3371999999999995	1.3371999999999995
60	0	0	0	0	1.3787999999999996	1.3787999999999996	1.3787999999999996	1.3787999999999996
65	0	0	0	0	1.4203999999999994	1.4203999999999994	1.4203999999999994	1.4203999999999994
66	0	0	0	0	1.8223999999999998	1.8223999999999998	1.8223999999999998	1.8223999999999998
67	0	0	0	0	2.9392000000000027	2.9392000000000027	2.9392000000000027	2.9392000000000027
69	0	0	0	0	1.4619999999999993	1.4619999999999993	1.4619999999999993	1.4619999999999993
70	0	0	0	0	1.8639999999999999	1.8639999999999999	1.8639999999999999	1.8639999999999999
71	0	0	0	0	1.9036000000000002	1.9036000000000002	1.9036000000000002	1.9036000000000002
74	0	0	0	0	0.46560000000000007	0.46560000000000007	0.46560000000000007	0.46560000000000007
75	0	0	0	0	1.6243999999999994	1.6243999999999994	1.6243999999999994	1.6243999999999994
76	0	0	0	0	2.4640000000000013	2.4640000000000013	2.4640000000000013	2.4640000000000013
77	0	0	0	0	2.5036000000000018	2.5036000000000018	2.5036000000000018	2.5036000000000018
78	0	0	0	0	1.5035999999999994	1.5035999999999994	1.5035999999999994	1.5035999999999994
79	0	0	0	0	2.5432000000000019	2.5432000000000019	2.5432000000000019	2.5432000000000019
80	0	0	0	0	1.5451999999999995	1.5451999999999995	1.5451999999999995	1.5451999999999995
82	0	0	0	0	2.582800000000002	2.582800000000002	2.582800000000002	2.582800000000002
83	0	0	0	0	1.6639999999999995	1.6639999999999995	1.6639999999999995	1.6639999999999995
84	0	0	0	0	2.6224000000000021	2.6224000000000021	2.6224000000000021	2.6224000000000021
85	0	0	0	0	2.6620000000000021	2.6620000000000021	2.6620000000000021	2.6620000000000021

[signal_summary]
code	frame_id	period_ms	level	type	p_timeout	expected_wcrt_ms	wcrt_p95_ms	threshold_wcrt_ms	expected_retry_count	p_threshold
6696109	10	100	0	0	0	2.303600187973776	2.3036000000000008	2.2720000000000016	2.3036001879737764e-06	1
50131275	12	5	2	0	0	0.34280002111648133	0.34279999999999999	0.40439999999999998	3.4280002111648143e-07	1.388888888888889e-13
58684819	37	10	0	0	1.1102230246251565e-16	0.92520007549642769	0.9251999999999998	0.9251999999999998	9.2520007616256099e-07	1
69480290	15	100	2	0	0	2.3432001912051361	2.3432000000000008	2.5064000000000011	2.3432001912051381e-06	2.7777777777777777e-12
70775635	74	10	0	0	0	0.46560002961216201	0.46560000000000007	0.46560000000000007	4.6560002961216181e-07	1
95397077	71	50	0	0	0	1.9036001553342441	1.9036000000000002	1.9036000000000002	1.9036001553342461e-06	1
100745213	34	50	0	0	1.1102230246251565e-16	1.7432001422451369	1.7431999999999996	1.7431999999999996	1.7432001430222887e-06	1
101806056	69	10	0	0	0	1.4620001192992087	1.4619999999999993	1.4619999999999993	1.4620001192992091e-06	1
102665192	65	20	2	0	0	1.4204001159046489	1.4203999999999994	1.5835999999999995	1.4204001159046489e-06	5.5555555555555559e-13
116992298	45	20	0	0	0	0.96680027225080867	0.96679999999999988	0.96679999999999988	9.6680027225080829e-07	1
121012009	45	10	0	0	0	0.96680027225080867	0.96679999999999988	0.96679999999999988	9.6680027225080829e-07	1
121838428	4	1000	0	0	0	2.7016002204505809	2.7016000000000022	2.6700000000000017	2.7016002204505826e-06	1
140087746	38	100	0	0	0	2.4224001976678573	2.422400000000001	2.3908000000000014	2.4224001976678593e-06	1
201107197	82	100	0	0	0	2.5828002107564996	2.582800000000002	2.5512000000000015	2.5828002107564993e-06	1
205235545	9	100	0	0	0	2.0244006502368426	2.0244000000000004	2.0244000000000004	2.0244006502368432e-06	1
234534190	60	10	0	0	0	1.3788001125100886	1.3787999999999996	1.3787999999999996	1.3788001125100883e-06	1
245930631	85	100	0	0	0	2.6620002172192199	2.6620000000000021	2.6304000000000016	2.6620002172192222e-06	1
246339315	37	20	0	0	1.1102230246251565e-16	0.92520007549642769	0.9251999999999998	0.9251999999999998	9.2520007616256099e-07	1
268968732	29	10	0	0	0	0.83800005664880373	0.83799999999999986	0.83799999999999986	8.3800005664880368e-07	1
294619710	57	20	0	0	0	1.3372001091155286	1.3371999999999995	1.3371999999999995	1.3372001091155285e-06	1
350886120	12	10	0	0	0	0.34280002111648133	0.34279999999999999	0.34279999999999999	3.4280002111648143e-07	1
368557912	16	1000	0	0	0	2.7412002236819406	2.7412000000000023	2.7096000000000018	2.7412002236819388e-06	1
397695582	9	100	0	0	0	2.0244006502368426	2.0244000000000004	2.0244000000000004	2.0244006502368432e-06	1
412860141	29	20	0	0	0	0.83800005664880373	0.83799999999999986	0.83799999999999986	8.3800005664880368e-07	1
421012757	4	1000	0	0	0	2.7016002204505809	2.7016000000000022	2.6700000000000017	2.7016002204505826e-06	1
427998192	67	1000	2	0	1.1102230246251565e-16	2.9392002398397645	2.9392000000000027	3.0208000000000026	2.9392002406168113e-06	2.7777777777777777e-11
448383323	30	10	0	0	0	0.87760005932576401	0.87759999999999994	0.87759999999999994	8.7760005932576376e-07	1
485809712	45	10	0	0	0	0.96680027225080867	0.96679999999999988	0.96679999999999988	9.6680027225080829e-07	1
494757425	69	20	0	0	0	1.4620001192992087	1.4619999999999993	1.4619999999999993	1.4620001192992091e-06	1
495752779	51	10	0	0	0	1.254000102326408	1.2539999999999998	1.2539999999999998	1.2540001023264072e-06	1
538247804	85	100	0	0	0	2.6620002172192199	2.6620000000000021	2.6304000000000016	2.6620002172192222e-06	1
561352139	55	10	0	0	0	1.2956001057209685	1.2955999999999999	1.2955999999999999	1.2956001057209678e-06	1
593171859	7	10	1	0	0	0.62800003994080267	0.62800000000000011	0.6916000000000001	6.2800003994080235e-07	2.7777777777777779e-13
599229537	1	100	2	0	0	1.9432001585656236	1.9432000000000003	2.0248000000000004	1.943200158565623e-06	2.7777777777777777e-12
651282794	51	20	0	0	0	1.254000102326408	1.2539999999999998	1.2539999999999998	1.2540001023264072e-06	1
705195848	47	1000	0	0	0	2.8996002366082703	2.8996000000000026	2.8680000000000021	2.8996002366082727e-06	1
732086939	52	2	1	0	0	0.3012000185539212	0.30120000000000002	0.4244	3.0120001855392136e-07	5.5555555555555549e-14
734514145	60	20	0	0	0	1.3788001125100886	1.3787999999999996	1.3787999999999996	1.3788001125100883e-06	1
742498306	3	10	0	0	0	0.58840003742224245	0.58840000000000003	0.58840000000000003	5.8840003742224167e-07	1
754478388	56	5	0	0	0	0.42600002709360174	0.42599999999999999	0.42599999999999999	4.2600002709360156e-07	1
757558648	29	20	0	0	0	0.83800005664880373	0.83799999999999986	0.83799999999999986	8.3800005664880368e-07	1
767170342	75	20	2	0	1.1102230246251565e-16	1.6244001325510526	1.6243999999999994	1.7875999999999994	1.6244001332171856e-06	5.5555555555555559e-13
776244417	9	100	0	0	0	2.0244006502368426	2.0244000000000004	2.0244000000000004	2.0244006502368432e-06	1
799621941	76	100	1	0	0	2.4640002010624178	2.4640000000000013	2.6272000000000011	2.4640002010624143e-06	2.7777777777777777e-12
867572202	80	10	0	0	0	1.5452001260883295	1.5451999999999995	1.5451999999999995	1.5452001260883293e-06	1
895562197	80	20	0	0	0	1.5452001260883295	1.5451999999999995	1.5451999999999995	1.5452001260883293e-06	1
897027004	74	5	0	0	0	0.46560002961216201	0.46560000000000007	0.46560000000000007	4.6560002961216181e-07	1
901248798	17	10	0	0	0	0.66960004258656269	0.66959999999999997	0.66959999999999997	6.6960004258656286e-07	1
914263360	29	10	0	0	0	0.83800005664880373	0.83799999999999986	0.83799999999999986	8.3800005664880368e-07	1
939638892	40	1000	1	0	0	2.8204002301446613	2.8204000000000025	2.9020000000000024	2.8204002301446604e-06	2.7777777777777777e-11
958125031	57	10	0	0	0	1.3372001091155286	1.3371999999999995	1.3371999999999995	1.3372001091155285e-06	1
959055136	55	20	0	0	0	1.2956001057209685	1.2955999999999999	1.2955999999999999	1.2956001057209678e-06	1
984922449	83	20	3	0	0	1.6640001357824106	1.6639999999999995	1.8271999999999995	1.6640001357824097e-06	5.5555555555555561e-14
986350224	22	20	0	0	0	0.74880004762368302	0.74879999999999991	0.74879999999999991	7.4880004762368285e-07	1
1003346023	67	1000	2	0	1.1102230246251565e-16	2.9392002398397645	2.9392000000000027	3.0208000000000026	2.9392002406168113e-06	2.7777777777777777e-11
1003856262	70	50	1	0	0	1.8640001521024123	1.8639999999999999	2.0271999999999997	1.8640001521024094e-06	1.3888888888888889e-12
1005983592	71	100	2	0	0	1.9036001553342441	1.9036000000000002	1.9852000000000003	1.9036001553342461e-06	2.7777777777777777e-12
1040471247	15	100	2	0	0	2.3432001912051361	2.3432000000000008	2.5064000000000011	2.3432001912051381e-06	2.7777777777777777e-12
1043762892	54	2	2	0	1.1102230246251565e-16	0.26160001611456118	0.26160000000000005	0.32320000000000004	2.6160001678069462e-07	5.5555555555555549e-14
1044522256	82	100	3	0	0	2.5828002107564996	2.582800000000002	2.7460000000000022	2.5828002107564993e-06	2.7777777777777779e-13
1054963277	70	100	0	0	0	1.8640001521024123	1.8639999999999999	1.8639999999999999	1.8640001521024094e-06	1
1080473262	77	100	0	0	0	2.5036002042937788	2.5036000000000018	2.4720000000000018	2.5036002042937772e-06	1
1081082836	44	20	3	0	0	1.5848001293196901	1.5847999999999993	1.7479999999999993	1.5848001293196906e-06	5.5555555555555561e-14
1092378336	66	100	0	0	0	1.8224001487078521	1.8223999999999998	1.8223999999999998	1.8224001487078521e-06	1
1095764138	17	10	0	0	0	0.66960004258656269	0.66959999999999997	0.66959999999999997	6.6960004258656286e-07	1
1131110548	25	10	0	0	0	0.79040005026944304	0.79039999999999988	0.79039999999999988	7.9040005026944378e-07	1
1196928135	28	100	0	0	0	1.7036001390137712	1.7035999999999996	1.7035999999999996	1.7036001390137694e-06	1
1197452884	49	20	0	0	0	1.0104002845285609	1.0103999999999997	1.0103999999999997	1.0104002845285605e-06	1
1210013967	6	2	0	0	0	0.1032000063571204	0.1032	0.1032	1.0320000635712048e-07	1
1216604293	51	10	0	0	0	1.254000102326408	1.2539999999999998	1.2539999999999998	1.2540001023264072e-06	1
1226183039	29	10	0	0	0	0.83800005664880373	0.83799999999999986	0.83799999999999986	8.3800005664880368e-07	1
1239237761	0	10	0	0	0	0.50520003213072207	0.50520000000000009	0.50520000000000009	5.0520003213072213e-07	1
1264009930	8	100	2	0	0	1.9828006368749413	1.9828000000000003	2.3040000000000007	1.9828006368749402e-06	2.7777777777777777e-12
1270562007	84	100	0	0	0	2.6224002139878597	2.6224000000000021	2.5908000000000015	2.622400213987858e-06	1
1278788890	75	20	0	0	1.1102230246251565e-16	1.6244001325510526	1.6243999999999994	1.6243999999999994	1.6244001332171856e-06	1
1286948322	3	20	0	0	0	0.58840003742224245	0.58840000000000003	0.58840000000000003	5.8840003742224167e-07	1
1290424944	44	20	0	0	0	1.5848001293196901	1.5847999999999993	1.5847999999999993	1.5848001293196906e-06	1
1320865882	28	50	0	0	0	1.7036001390137712	1.7035999999999996	1.7035999999999996	1.7036001390137694e-06	1
1328233383	38	100	0	0	0	2.4224001976678573	2.422400000000001	2.3908000000000014	2.4224001976678593e-06	1
1366486412	60	10	0	0	0	1.3788001125100886	1.3787999999999996	1.3787999999999996	1.3788001125100883e-06	1
1418261122	37	20	0	0	1.1102230246251565e-16	0.92520007549642769	0.9251999999999998	0.9251999999999998	9.2520007616256099e-07	1
1444502893	35	1000	0	0	0	2.7808002269133008	2.7808000000000024	2.7492000000000019	2.7808002269132992e-06	1
1453205260	30	10	0	0	0	0.87760005932576401	0.87759999999999994	0.87759999999999994	8.7760005932576376e-07	1
1462504281	37	20	0	0	1.1102230246251565e-16	0.92520007549642769	0.9251999999999998	0.9251999999999998	9.2520007616256099e-07	1
1466403202	38	100	0	0	0	2.4224001976678573	2.422400000000001	2.3908000000000014	2.4224001976678593e-06	1
1471211706	18	10	0	0	0	0.70920004510512291	0.70920000000000005	0.70920000000000005	7.0920004510512322e-07	1
1490680280	32	100	0	0	0	2.3828001944364967	2.3828000000000009	2.3512000000000013	2.3828001944364976e-06	1
1511692154	44	20	1	0	0	1.5848001293196901	1.5847999999999993	1.7479999999999993	1.5848001293196906e-06	5.5555555555555559e-13
1554930377	56	10	0	0	0	0.42600002709360174	0.42599999999999999	0.42599999999999999	4.2600002709360156e-07	1
1589035886	51	20	0	0	0	1.254000102326408	1.2539999999999998	1.2539999999999998	1.2540001023264072e-06	1
1617038151	29	10	3	0	0	0.83800005664880373	0.83799999999999986	0.97319999999999984	8.3800005664880368e-07	2.7777777777777781e-14
1639317640	57	10	0	0	0	1.3372001091155286	1.3371999999999995	1.3371999999999995	1.3372001091155285e-06	1
1686433811	57	20	3	0	0	1.3372001091155286	1.3371999999999995	1.5003999999999995	1.3372001091155285e-06	5.5555555555555561e-14
1707572271	51	10	1	0	0	1.254000102326408	1.2539999999999998	1.4171999999999998	1.2540001023264072e-06	2.7777777777777779e-13
1717076853	76	100	0	0	0	2.4640002010624178	2.4640000000000013	2.4324000000000017	2.4640002010624143e-06	1
1738177770	60	10	1	0	0	1.3788001125100886	1.3787999999999996	1.5419999999999996	1.3788001125100883e-06	2.7777777777777779e-13
1742045436	78	10	1	0	0	1.5036001226937694	1.5035999999999994	1.6667999999999994	1.5036001226937692e-06	2.7777777777777779e-13
1794204105	33	1	0	0	0	0.22200001367520089	0.22200000000000003	0.22200000000000003	2.2200001367520093e-07	1
1797307015	29	20	3	0	0	0.83800005664880373	0.83799999999999986	0.97319999999999984	8.3800005664880368e-07	5.5555555555555561e-14
1821894481	65	10	0	0	0	1.4204001159046489	1.4203999999999994	1.4203999999999994	1.4204001159046489e-06	1
1840625088	29	20	0	0	0	0.83800005664880373	0.83799999999999986	0.83799999999999986	8.3800005664880368e-07	1
1840756203	65	10	0	0	0	1.4204001159046489	1.4203999999999994	1.4203999999999994	1.4204001159046489e-06	1
1868244120	51	20	0	0	0	1.254000102326408	1.2539999999999998	1.2539999999999998	1.2540001023264072e-06	1
1978883949	74	5	0	0	0	0.46560002961216201	0.46560000000000007	0.46560000000000007	4.6560002961216181e-07	1
1983251536	6	1	0	0	0	0.1032000063571204	0.1032	0.1032	1.0320000635712048e-07	1
2009386255	69	20	1	0	0	1.4620001192992087	1.4619999999999993	1.6251999999999993	1.4620001192992091e-06	5.5555555555555559e-13
2014137862	69	10	0	0	0	1.4620001192992087	1.4619999999999993	1.4619999999999993	1.4620001192992091e-06	1
2025214847	2	10	0	0	0	0.54680003477648231	0.54680000000000006	0.54680000000000006	5.4680003477648295e-07	1
2035980492	11	1	0	0	0	0.14280000879648058	0.14280000000000001	0.14280000000000001	1.4280000879648031e-07	1
2117552394	18	10	0	0	0	0.70920004510512291	0.70920000000000005	0.70920000000000005	7.0920004510512322e-07	1
2138610048	29	20	0	0	0	0.83800005664880373	0.83799999999999986	0.83799999999999986	8.3800005664880368e-07	1
2145814670	49	10	0	0	0	1.0104002845285609	1.0103999999999997	1.0103999999999997	1.0104002845285605e-06	1
2157026315	57	10	0	0	0	1.3372001091155286	1.3371999999999995	1.3371999999999995	1.3372001091155285e-06	1
2164187946	66	50	0	0	0	1.8224001487078521	1.8223999999999998	1.8223999999999998	1.8224001487078521e-06	1
2185307299	79	100	0	0	0	2.543200207525139	2.5432000000000019	2.5116000000000014	2.5432002075251368e-06	1
2187561344	7	20	2	0	0	0.62800003994080267	0.62800000000000011	0.6916000000000001	6.2800003994080235e-07	5.5555555555555559e-13
2225680588	78	20	0	0	0	1.5036001226937694	1.5035999999999994	1.5035999999999994	1.5036001226937692e-06	1
2227063614	17	20	0	0	0	0.66960004258656269	0.66959999999999997	0.66959999999999997	6.6960004258656286e-07	1
2233605562	65	20	0	0	0	1.4204001159046489	1.4203999999999994	1.4203999999999994	1.4204001159046489e-06	1
2277376236	39	50	0	0	1.1102230246251565e-16	1.782800145476497	1.7827999999999997	1.7827999999999997	1.7828001462536487e-06	1
2282431696	76	100	1	0	0	2.4640002010624178	2.4640000000000013	2.6272000000000011	2.4640002010624143e-06	2.7777777777777777e-12
2306623129	75	20	0	1	1.1102230246251565e-16	1.6244001325510526	1.6243999999999994	1.6243999999999994	1.6244001332171856e-06	1
2345323164	45	10	0	0	0	0.96680027225080867	0.96679999999999988	0.96679999999999988	9.6680027225080829e-07	1
2349000706	2	20	0	0	0	0.54680003477648231	0.54680000000000006	0.54680000000000006	5.4680003477648295e-07	1
2355768803	85	100	2	0	0	2.6620002172192199	2.6620000000000021	2.8252000000000024	2.6620002172192222e-06	2.7777777777777777e-12
2361490023	45	10	0	0	0	0.96680027225080867	0.96679999999999988	0.96679999999999988	9.6680027225080829e-07	1
2370347966	56	10	0	0	0	0.42600002709360174	0.42599999999999999	0.42599999999999999	4.2600002709360156e-07	1
2465450512	48	1000	1	0	1.1102230246251565e-16	2.9392002398397645	2.9392000000000027	3.0208000000000026	2.9392002406168113e-06	2.7777777777777777e-11
2480413343	7	20	0	0	0	0.62800003994080267	0.62800000000000011	0.62800000000000011	6.2800003994080235e-07	1
2513356552	39	100	3	0	1.1102230246251565e-16	1.782800145476497	1.7827999999999997	1.9459999999999997	1.7828001462536487e-06	2.7777777777777779e-13
2514455386	10	100	0	0	0	2.303600187973776	2.3036000000000008	2.2720000000000016	2.3036001879737764e-06	1
2544132105	6	2	0	0	0	0.1032000063571204	0.1032	0.1032	1.0320000635712048e-07	1
2569454297	54	1	0	0	1.1102230246251565e-16	0.26160001611456118	0.26160000000000005	0.26160000000000005	2.6160001678069462e-07	1
2577696147	23	2	3	0	0	0.18240001123584071	0.18240000000000001	0.30559999999999998	1.8240001123584087e-07	5.5555555555555552e-15
2594675378	51	10	0	0	0	1.254000102326408	1.2539999999999998	1.2539999999999998	1.2540001023264072e-06	1
2607715964	25	10	1	0	0	0.79040005026944304	0.79039999999999988	0.91759999999999986	7.9040005026944378e-07	2.7777777777777779e-13
2612130132	78	20	1	0	0	1.5036001226937694	1.5035999999999994	1.6667999999999994	1.5036001226937692e-06	5.5555555555555559e-13
2619643005	74	10	0	0	0	0.46560002961216201	0.46560000000000007	0.46560000000000007	4.6560002961216181e-07	1
2623340209	37	20	0	0	1.1102230246251565e-16	0.92520007549642769	0.9251999999999998	0.9251999999999998	9.2520007616256099e-07	1
2629146794	76	100	0	0	0	2.4640002010624178	2.4640000000000013	2.4324000000000017	2.4640002010624143e-06	1
2631101250	46	10	0	0	0	0.38640002457504158	0.38640000000000002	0.38640000000000002	3.8640002457504135e-07	1
2653347112	7	10	0	0	0	0.62800003994080267	0.62800000000000011	0.62800000000000011	6.2800003994080235e-07	1
2672762962	80	20	0	0	0	1.5452001260883295	1.5451999999999995	1.5451999999999995	1.5452001260883293e-06	1
2687809098	78	10	0	0	0	1.5036001226937694	1.5035999999999994	1.5035999999999994	1.5036001226937692e-06	1
2701025627	11	1	0	0	0	0.14280000879648058	0.14280000000000001	0.14280000000000001	1.4280000879648031e-07	1
2709855766	6	2	1	0	0	0.1032000063571204	0.1032	0.1648	1.0320000635712048e-07	5.5555555555555549e-14
2736052946	69	20	2	0	0	1.4620001192992087	1.4619999999999993	1.6251999999999993	1.4620001192992091e-06	5.5555555555555559e-13
2749878966	17	10	1	0	0	0.66960004258656269	0.66959999999999997	0.73319999999999996	6.6960004258656286e-07	2.7777777777777779e-13
2800606566	76	100	0	0	0	2.4640002010624178	2.4640000000000013	2.4324000000000017	2.4640002010624143e-06	1
2801046218	78	10	3	0	0	1.5036001226937694	1.5035999999999994	1.6667999999999994	1.5036001226937692e-06	2.7777777777777781e-14
2805021430	22	20	0	0	0	0.74880004762368302	0.74879999999999991	0.74879999999999991	7.4880004762368285e-07	1
2811374729	46	5	0	0	0	0.38640002457504158	0.38640000000000002	0.38640000000000002	3.8640002457504135e-07	1
2831011231	70	100	3	0	0	1.8640001521024123	1.8639999999999999	2.0271999999999997	1.8640001521024094e-06	2.7777777777777779e-13
2832114379	78	10	0	0	0	1.5036001226937694	1.5035999999999994	1.5035999999999994	1.5036001226937692e-06	1
2835367119	12	10	0	0	0	0.34280002111648133	0.34279999999999999	0.34279999999999999	3.4280002111648143e-07	1
2857855596	76	100	0	0	0	2.4640002010624178	2.4640000000000013	2.4324000000000017	2.4640002010624143e-06	1
2884736505	17	10	1	0	0	0.66960004258656269	0.66959999999999997	0.73319999999999996	6.6960004258656286e-07	2.7777777777777779e-13
2900770168	12	10	0	0	0	0.34280002111648133	0.34279999999999999	0.34279999999999999	3.4280002111648143e-07	1
2916861349	55	20	0	0	0	1.2956001057209685	1.2955999999999999	1.2955999999999999	1.2956001057209678e-06	1
2948712618	45	10	1	0	0	0.96680027225080867	0.96679999999999988	1.3300000000000001	9.6680027225080829e-07	2.7777777777777779e-13
2952160540	37	10	0	0	1.1102230246251565e-16	0.92520007549642769	0.9251999999999998	0.9251999999999998	9.2520007616256099e-07	1
2952417173	46	5	0	0	0	0.38640002457504158	0.38640000000000002	0.38640000000000002	3.8640002457504135e-07	1
2962301362	10	100	0	0	0	2.303600187973776	2.3036000000000008	2.2720000000000016	2.3036001879737764e-06	1
2995422805	11	1	1	0	0	0.14280000879648058	0.14280000000000001	0.20440000000000003	1.4280000879648031e-07	2.7777777777777774e-14
3001629500	49	20	0	0	0	1.0104002845285609	1.0103999999999997	1.0103999999999997	1.0104002845285605e-06	1
3028854546	57	10	0	0	0	1.3372001091155286	1.3371999999999995	1.3371999999999995	1.3372001091155285e-06	1
3035375907	30	20	0	1	0	0.87760005932576401	0.87759999999999994	0.87759999999999994	8.7760005932576376e-07	1
3038521953	44	20	0	0	0	1.5848001293196901	1.5847999999999993	1.5847999999999993	1.5848001293196906e-06	1
3039121574	17	10	0	0	0	0.66960004258656269	0.66959999999999997	0.66959999999999997	6.6960004258656286e-07	1
3045590357	18	10	0	0	0	0.70920004510512291	0.70920000000000005	0.70920000000000005	7.0920004510512322e-07	1
3071537988	84	100	0	0	0	2.6224002139878597	2.6224000000000021	2.5908000000000015	2.622400213987858e-06	1
3088338245	69	20	2	0	0	1.4620001192992087	1.4619999999999993	1.6251999999999993	1.4620001192992091e-06	5.5555555555555559e-13
3106534680	69	20	2	0	0	1.4620001192992087	1.4619999999999993	1.6251999999999993	1.4620001192992091e-06	5.5555555555555559e-13
3109471162	79	100	0	0	0	2.543200207525139	2.5432000000000019	2.5116000000000014	2.5432002075251368e-06	1
3126640441	74	5	0	0	0	0.46560002961216201	0.46560000000000007	0.46560000000000007	4.6560002961216181e-07	1
3154280601	23	1	0	0	0	0.18240001123584071	0.18240000000000001	0.18240000000000001	1.8240001123584087e-07	1
3161869808	57	20	0	0	0	1.3372001091155286	1.3371999999999995	1.3371999999999995	1.3372001091155285e-06	1
3175480803	3	10	0	0	0	0.58840003742224245	0.58840000000000003	0.58840000000000003	5.8840003742224167e-07	1
3185239748	37	20	0	0	1.1102230246251565e-16	0.92520007549642769	0.9251999999999998	0.9251999999999998	9.2520007616256099e-07	1
3214880173	56	10	0	0	0	0.42600002709360174	0.42599999999999999	0.42599999999999999	4.2600002709360156e-07	1
3216025618	37	20	0	0	1.1102230246251565e-16	0.92520007549642769	0.9251999999999998	0.9251999999999998	9.2520007616256099e-07	1
3217176849	25	20	0	0	0	0.79040005026944304	0.79039999999999988	0.79039999999999988	7.9040005026944378e-07	1
3221279505	45	10	0	0	0	0.96680027225080867	0.96679999999999988	0.96679999999999988	9.6680027225080829e-07	1
3248736760	39	50	0	0	1.1102230246251565e-16	1.782800145476497	1.7827999999999997	1.7827999999999997	1.7828001462536487e-06	1
3253852010	25	10	0	0	0	0.79040005026944304	0.79039999999999988	0.79039999999999988	7.9040005026944378e-07	1
3265403890	55	20	1	0	0	1.2956001057209685	1.2955999999999999	1.4587999999999999	1.2956001057209678e-06	5.5555555555555559e-13
3266750722	12	10	1	0	0	0.34280002111648133	0.34279999999999999	0.40439999999999998	3.4280002111648143e-07	2.7777777777777779e-13
3283718830	25	20	0	0	0	0.79040005026944304	0.79039999999999988	0.79039999999999988	7.9040005026944378e-07	1
3288598957	28	100	0	0	0	1.7036001390137712	1.7035999999999996	1.7035999999999996	1.7036001390137694e-06	1
3365756545	10	100	0	0	0	2.303600187973776	2.3036000000000008	2.2720000000000016	2.3036001879737764e-06	1
3370695245	46	5	0	0	0	0.38640002457504158	0.38640000000000002	0.38640000000000002	3.8640002457504135e-07	1
3378409022	34	100	0	0	1.1102230246251565e-16	1.7432001422451369	1.7431999999999996	1.7431999999999996	1.7432001430222887e-06	1
3403173715	0	10	0	0	0	0.50520003213072207	0.50520000000000009	0.50520000000000009	5.0520003213072213e-07	1
3405415962	80	10	2	0	0	1.5452001260883295	1.5451999999999995	1.7083999999999995	1.5452001260883293e-06	2.7777777777777779e-13
3408092962	30	20	0	0	0	0.87760005932576401	0.87759999999999994	0.87759999999999994	8.7760005932576376e-07	1
3409396553	65	10	0	0	0	1.4204001159046489	1.4203999999999994	1.4203999999999994	1.4204001159046489e-06	1
3416755417	3	20	0	0	0	0.58840003742224245	0.58840000000000003	0.58840000000000003	5.8840003742224167e-07	1
3436075669	0	10	0	0	0	0.50520003213072207	0.50520000000000009	0.50520000000000009	5.0520003213072213e-07	1
3437206431	28	100	0	0	0	1.7036001390137712	1.7035999999999996	1.7035999999999996	1.7036001390137694e-06	1
3452011727	37	10	2	0	1.1102230246251565e-16	0.92520007549642769	0.9251999999999998	1.2884000000000002	9.2520007616256099e-07	2.7777777777777779e-13
3496313238	38	100	0	0	0	2.4224001976678573	2.422400000000001	2.3908000000000014	2.4224001976678593e-06	1
3500909407	60	20	1	0	0	1.3788001125100886	1.3787999999999996	1.5419999999999996	1.3788001125100883e-06	5.5555555555555559e-13
3505351905	29	10	0	0	0	0.83800005664880373	0.83799999999999986	0.83799999999999986	8.3800005664880368e-07	1
3508224769	37	10	0	0	1.1102230246251565e-16	0.92520007549642769	0.9251999999999998	0.9251999999999998	9.2520007616256099e-07	1
3520160973	83	20	2	0	0	1.6640001357824106	1.6639999999999995	1.8271999999999995	1.6640001357824097e-06	5.5555555555555559e-13
3528238797	29	20	0	0	0	0.83800005664880373	0.83799999999999986	0.83799999999999986	8.3800005664880368e-07	1
3541880573	65	10	0	0	0	1.4204001159046489	1.4203999999999994	1.4203999999999994	1.4204001159046489e-06	1
3593919150	82	100	0	0	0	2.5828002107564996	2.582800000000002	2.5512000000000015	2.5828002107564993e-06	1
3597103913	37	20	0	0	1.1102230246251565e-16	0.92520007549642769	0.9251999999999998	0.9251999999999998	9.2520007616256099e-07	1
3614457097	32	100	2	0	0	2.3828001944364967	2.3828000000000009	2.5460000000000012	2.3828001944364976e-06	2.7777777777777777e-12
3637019444	57	20	0	0	0	1.3372001091155286	1.3371999999999995	1.3371999999999995	1.3372001091155285e-06	1
3674975928	25	10	0	0	0	0.79040005026944304	0.79039999999999988	0.79039999999999988	7.9040005026944378e-07	1
3718195935	85	100	0	0	0	2.6620002172192199	2.6620000000000021	2.6304000000000016	2.6620002172192222e-06	1
3746409881	77	100	0	0	0	2.5036002042937788	2.5036000000000018	2.4720000000000018	2.5036002042937772e-06	1
3751072568	17	20	0	0	0	0.66960004258656269	0.66959999999999997	0.66959999999999997	6.6960004258656286e-07	1
3790207608	65	20	0	0	0	1.4204001159046489	1.4203999999999994	1.4203999999999994	1.4204001159046489e-06	1
3791175947	8	100	0	0	0	1.9828006368749413	1.9828000000000003	1.9828000000000003	1.9828006368749402e-06	1
3805967136	6	1	2	0	0	0.1032000063571204	0.1032	0.1648	1.0320000635712048e-07	2.7777777777777774e-14
3811083320	55	10	0	0	0	1.2956001057209685	1.2955999999999999	1.2955999999999999	1.2956001057209678e-06	1
3827049491	77	100	0	0	0	2.5036002042937788	2.5036000000000018	2.4720000000000018	2.5036002042937772e-06	1
3834298164	4	1000	0	0	0	2.7016002204505809	2.7016000000000022	2.6700000000000017	2.7016002204505826e-06	1
3878914984	42	1000	0	0	0	2.8600002333760224	2.8600000000000025	2.8284000000000016	2.8600002333760217e-06	1
3880212899	55	20	0	0	0	1.2956001057209685	1.2955999999999999	1.2955999999999999	1.2956001057209678e-06	1
3916608231	22	10	3	0	0	0.74880004762368302	0.74879999999999991	0.87599999999999989	7.4880004762368285e-07	2.7777777777777781e-14
3922491867	37	20	3	0	1.1102230246251565e-16	0.92520007549642769	0.9251999999999998	1.2884000000000002	9.2520007616256099e-07	5.5555555555555561e-14
3924833302	2	20	0	0	0	0.54680003477648231	0.54680000000000006	0.54680000000000006	5.4680003477648295e-07	1
3939385793	57	10	0	0	0	1.3372001091155286	1.3371999999999995	1.3371999999999995	1.3372001091155285e-06	1
3943162997	60	10	1	0	0	1.3788001125100886	1.3787999999999996	1.5419999999999996	1.3788001125100883e-06	2.7777777777777779e-13
3960928922	22	10	0	0	0	0.74880004762368302	0.74879999999999991	0.74879999999999991	7.4880004762368285e-07	1
3963665785	83	20	2	0	0	1.6640001357824106	1.6639999999999995	1.8271999999999995	1.6640001357824097e-06	5.5555555555555559e-13
3965635191	1	100	0	0	0	1.9432001585656236	1.9432000000000003	1.9432000000000003	1.943200158565623e-06	1
3967286881	33	2	0	0	0	0.22200001367520089	0.22200000000000003	0.22200000000000003	2.2200001367520093e-07	1
3978067395	6	1	0	0	0	0.1032000063571204	0.1032	0.1032	1.0320000635712048e-07	1
4015425193	60	20	0	0	0	1.3788001125100886	1.3787999999999996	1.3787999999999996	1.3788001125100883e-06	1
4039049250	80	20	0	0	0	1.5452001260883295	1.5451999999999995	1.5451999999999995	1.5452001260883293e-06	1
4071065209	33	2	0	0	0	0.22200001367520089	0.22200000000000003	0.22200000000000003	2.2200001367520093e-07	1
4094565175	29	20	1	0	0	0.83800005664880373	0.83799999999999986	0.90559999999999985	8.3800005664880368e-07	5.5555555555555559e-13
4135559594	25	10	1	0	0	0.79040005026944304	0.79039999999999988	0.91759999999999986	7.9040005026944378e-07	2.7777777777777779e-13
4138623503	67	1000	0	0	1.1102230246251565e-16	2.9392002398397645	2.9392000000000027	2.9076000000000017	2.9392002406168113e-06	1
4146791843	83	20	0	0	0	1.6640001357824106	1.6639999999999995	1.6639999999999995	1.6640001357824097e-06	1
4170183055	3	20	0	0	0	0.58840003742224245	0.58840000000000003	0.58840000000000003	5.8840003742224167e-07	1
4180506162	17	20	0	0	0	0.66960004258656269	0.66959999999999997	0.66959999999999997	6.6960004258656286e-07	1
4184577693	49	20	0	0	0	1.0104002845285609	1.0103999999999997	1.0103999999999997	1.0104002845285605e-06	1
4187379831	69	20	0	0	0	1.4620001192992087	1.4619999999999993	1.4619999999999993	1.4620001192992091e-06	1
4213481188	70	100	0	0	0	1.8640001521024123	1.8639999999999999	1.8639999999999999	1.8640001521024094e-06	1
4214041272	83	20	0	0	0	1.6640001357824106	1.6639999999999995	1.6639999999999995	1.6640001357824097e-06	1
4217015804	44	20	0	0	0	1.5848001293196901	1.5847999999999993	1.5847999999999993	1.5848001293196906e-06	1
4219934042	70	100	2	0	0	1.8640001521024123	1.8639999999999999	1.9455999999999998	1.8640001521024094e-06	2.7777777777777777e-12
4272763532	29	20	2	0	0	0.83800005664880373	0.83799999999999986	0.90559999999999985	8.3800005664880368e-07	5.5555555555555559e-13
4294928707	54	1	2	0	1.1102230246251565e-16	0.26160001611456118	0.26160000000000005	0.38480000000000003	2.6160001678069462e-07	2.7777777777777774e-14
