base_bandwidth_utilization	0.1679476
expected_bandwidth_utilization	0.16794764427311965

rounded_expected_bandwidth_utilization	0.33589520000000006

bandwidth_utilization_p99	0.16794760000000003

[frame_summary]
frame_id	priority	period_ms	deadline_ms	trans_time_ms	expected_retry_count	expected_tx_count	rounded_expected_retry_count	rounded_expected_tx_count	retry_p99	tx_count_p99	expected_wcrt_ms	p_timeout	wcrt_p95_ms
0	5	10	10	0.039600000000000003	2.8120001675952111e-07	1.0000002812000168	1	2	0	1	0.281200016759521	0	0.28120000000000001
2	21	100	100	0.039600000000000003	9.1480005452208294e-07	1.0000009148000546	1	2	0	1	0.91480005452208313	0	0.91479999999999984
4	28	1000	1000	0.0436	1.2316000789959003e-06	1.000001231600079	1	2	0	1	1.2316000783298755	1.1102230246251565e-16	1.2315999999999998
5	15	20	20	0.039600000000000003	6.7720004036112274e-07	1.0000006772000403	1	2	0	1	0.67720004036112247	0	0.67720000000000002
6	2	2	2	0.039600000000000003	1.6240000967904059e-07	1.0000001624000097	1	2	0	1	0.16240000967904059	0	0.16239999999999999
7	16	20	20	0.039600000000000003	7.1680004272128382e-07	1.0000007168000427	1	2	0	1	0.71680004272128273	0	0.7168000000000001
9	6	10	10	0.039600000000000003	3.2080001911968086e-07	1.0000003208000192	1	2	0	1	0.32080001911968109	0	0.32079999999999997
10	22	100	100	0.039600000000000003	9.5440005688228425e-07	1.000000954400057	1	2	0	1	0.95440005688228391	0	0.95439999999999992
11	7	10	10	0.039600000000000003	3.6040002147984135e-07	1.0000003604000214	1	2	0	1	0.36040002147984129	0	0.3604
12	8	10	10	0.039600000000000003	4.0000002384000142e-07	1.0000004000000238	1	2	0	1	0.4000000238400015	0	0.40000000000000002
13	0	1	1	0.039600000000000003	8.3200004958720387e-08	1.0000000832000049	1	2	0	1	0.083200004958720306	0	0.083199999999999996
14	23	100	100	0.039600000000000003	9.9400013796716901e-07	1.000000994000138	1	2	0	1	0.99400013796716902	0	0.99399999999999977
16	9	10	10	0.039600000000000003	4.3960002620016165e-07	1.0000004396000262	1	2	0	1	0.43960002620016164	0	0.43960000000000005
17	3	5	5	0.039600000000000003	2.0200001203920098e-07	1.0000002020000121	1	2	0	1	0.20200001203920073	0	0.20200000000000001
19	10	10	10	0.039600000000000003	4.7920002856032119e-07	1.0000004792000285	1	2	0	1	0.47920002856032184	0	0.47920000000000007
20	11	10	10	0.039600000000000003	5.1880003092048194e-07	1.0000005188000309	1	2	0	1	0.51880003092048199	0	0.51880000000000015
21	20	50	50	0.039600000000000003	8.7520005216192377e-07	1.0000008752000522	1	2	0	1	0.8752000521619232	0	0.87519999999999998
22	24	100	100	0.039600000000000003	1.0336001434636456e-06	1.0000010336001435	1	2	0	1	1.0336001434636464	0	1.0335999999999999
23	4	5	5	0.039600000000000003	2.4160001439936078e-07	1.0000002416000144	1	2	0	1	0.24160001439936088	0	0.24160000000000001
24	25	100	100	0.039600000000000003	1.1524000686830431e-06	1.0000011524000687	1	2	0	1	1.152400068683044	0	1.1523999999999999
25	17	20	20	0.039600000000000003	7.5640004508144267e-07	1.000000756400045	1	2	0	1	0.75640004508144276	0	0.75639999999999996
26	26	100	100	0.039600000000000003	1.1920000710432041e-06	1.0000011920000711	1	2	0	1	1.1920000710432042	0	1.1919999999999997
27	12	10	10	0.039600000000000003	5.5840003328064228e-07	1.0000005584000333	1	2	0	1	0.55840003328064225	0	0.55840000000000012
31	13	10	10	0.039600000000000003	5.9800003564080208e-07	1.0000005980000357	1	2	0	1	0.59800003564080217	0	0.59800000000000009
32	27	100	100	0.039600000000000003	1.2316000734033644e-06	1.0000012316000735	1	2	0	1	1.2316000734033639	0	1.2315999999999996
33	18	20	20	0.039600000000000003	7.9600004744160258e-07	1.0000007960000474	1	2	0	1	0.79600004744160302	0	0.79600000000000004
34	1	1	1	0.039600000000000003	1.2280000731888047e-07	1.0000001228000073	1	2	0	1	0.12280000731888042	0	0.12279999999999999
35	14	10	10	0.039600000000000003	6.3760003800096262e-07	1.0000006376000381	1	2	0	1	0.63760003800096243	0	0.63760000000000017
36	19	20	20	0.039600000000000003	8.3560004980176355e-07	1.0000008356000498	1	2	0	1	0.83560004980176306	0	0.8355999999999999

[frame_retry_distribution]
frame_id	retry_count	probability
0	0	0.99999971880003957
0	1	2.8119990416705642e-07
0	2	5.6296217458990138e-14
0	3	9.9169821048538745e-21
0	4	1.6436573123522427e-27
0	5	2.6372304004255293e-34
2	0	0.99999908520041847
2	1	9.1479910861931392e-07
2	2	4.7295111096829774e-13
2	3	1.8234396718153644e-19
2	4	7.2897531750245535e-26
2	5	2.2555375738044038e-32
4	0	0.9999987684007583
4	1	1.2315984048327144e-06
4	2	8.3674790302617953e-13
4	3	4.1529939588038668e-19
4	4	1.6838919526053697e-25
4	5	5.9178815245291424e-32
4	6	1.1102230246251565e-16
5	0	0.9999993228002293
5	1	6.7719950103922424e-07
5	2	2.6966082524203369e-13
5	3	8.2701399074238769e-20
5	4	2.1658215073533956e-26
5	5	5.1039934136443712e-33
6	0	0.99999983760001321
6	1	1.6239996394720401e-07
6	2	2.2865913560957818e-14
6	3	3.1510309675347108e-21
6	4	4.3567009231459088e-28
6	5	6.0805921947590089e-35
7	0	0.99999928320025699
7	1	7.1679944347669728e-07
7	2	2.9962214951577927e-13
7	3	9.5824051054608278e-20
7	4	2.6029707114037523e-26
7	5	6.3348771968307338e-33
9	0	0.99999967920005151
9	1	3.2079987796770295e-07
9	2	7.0575968946566842e-14
9	3	1.3345281887362171e-20
9	4	2.3373533032812638e-27
9	5	3.919711543746502e-34
10	0	0.99999904560045549
10	1	9.5439903223889083e-07
10	2	5.1232132939563075e-13
10	3	2.4483982486268284e-19
10	4	8.7690048190206824e-26
10	5	2.696681554714271e-32
11	0	0.99999963960006499
11	1	3.6039984863203185e-07
11	2	8.6423878551097896e-14
11	3	1.7463571426306451e-20
11	4	3.2241753666144183e-27
11	5	5.6436826293721046e-34
12	0	0.99999960000008015
12	1	3.9999981616004222e-07
12	2	1.0383994608628591e-13
12	3	2.2333949739772804e-20
12	4	4.336377750055553e-27
12	5	7.9122532266493485e-34
13	0	0.99999991680000355
13	1	8.3199988119040938e-08
13	2	8.4198382958245477e-15
13	3	9.5186321727846881e-22
13	4	1.153081661296875e-28
13	5	1.4640419460841994e-35
14	0	0.99999900600049407
14	1	9.9399887399743759e-07
14	2	6.3198444642129794e-13
14	3	2.7949522073843206e-19
14	4	1.007900778815193e-25
14	5	3.1602289426719019e-32
16	0	0.99999956040009674
16	1	4.3959978055173486e-07
16	2	1.2282417136583379e-13
16	3	2.8018515836011147e-20
16	4	5.7086738203178373e-27
16	5	1.084325812586805e-33
17	0	0.99999979800002048
17	1	2.0199994715680719e-07
17	2	3.2441189579888268e-14
17	3	4.8819556876175968e-21
17	4	7.1892215485861493e-28
17	5	1.0520829038299459e-34
19	0	0.99999952080011489
19	1	4.7919974180710902e-07
19	2	1.4337655420344419e-13
19	3	3.457936871343455e-20
19	4	7.3782360626366915e-27
19	5	1.4570231148689583e-33
20	0	0.9999994812001346
20	1	5.1879969992616687e-07
20	2	1.6549709441282031e-13
20	3	4.2078607360620118e-20
20	4	9.3846960802830667e-27
20	5	1.9243378958344441e-33
21	0	0.999999124800383
21	1	8.7519918186342314e-07
21	2	4.351490072876124e-13
21	3	1.6204543023668156e-19
21	4	6.3193706790770569e-26
21	5	1.907862381826168e-32
22	0	0.99999896640053432
22	1	1.0335987882080698e-06
22	2	6.7762732516262185e-13
22	3	3.0852211790724203e-19
22	4	1.1427799569992869e-25
22	5	3.6723085368937056e-32
23	0	0.99999975840002919
23	1	2.4159992723009088e-07
23	2	4.3584624274664753e-14
23	3	7.1165730508587331e-21
23	4	1.1132922656195843e-27
23	5	1.706881040344557e-34
24	0	0.99999884760066415
24	1	1.1523986032920454e-06
24	2	7.3269498830446024e-13
24	3	3.4035962695562861e-19
24	4	1.2917707603252847e-25
24	5	4.2498402710678698e-32
25	0	0.99999924360028614
25	1	7.563993827778518e-07
25	2	3.3115163004350668e-13
25	3	1.1025768252963377e-19
25	4	3.1027528000970952e-26
25	5	7.79096875812414e-33
26	0	0.9999988080007105
26	1	1.1919985080937334e-06
26	2	7.8147417533038998e-13
26	3	3.733125594094581e-19
26	4	1.4535731654845691e-25
26	5	4.8959785534066305e-32
27	0	0.99999944160015597
27	1	5.5839965490890694e-07
27	2	1.8918579180766443e-13
27	3	5.0578330756307558e-20
27	4	1.1770144594076258e-26
27	5	2.5030554869598053e-33
31	0	0.99999940200017878
31	1	5.9799960675532922e-07
31	2	2.1444264620167913e-13
31	3	6.0140637869401048e-20
31	4	1.4579131441897356e-26
31	5	3.2118232658485762e-33
32	0	0.99999876840075841
32	1	1.2315984097591067e-06
32	2	8.318215163747376e-13
32	3	4.0832165774539495e-19
32	4	1.6300833232757541e-25
32	5	5.6182277656172626e-32
33	0	0.99999920400031683
33	1	7.9599931894269107e-07
33	2	3.6424926663891933e-13
33	3	1.260643924190374e-19
33	4	3.6708523150220034e-26
33	5	9.5016864195553578e-33
34	0	0.9999998772000076
34	1	1.2279997760128207e-07
34	2	1.4858796404170823e-14
34	3	1.8616998331779088e-21
34	4	2.4111831118964983e-28
34	5	3.2086319279020233e-35
35	0	0.99999936240020326
35	1	6.3759955546543531e-07
35	2	2.4126765740856823e-13
35	3	7.0827627658967901e-20
35	4	1.7858665578202103e-26
35	5	4.071248037181643e-33
36	0	0.99999916440034919
36	1	8.3559925197121542e-07
36	2	3.9891505911572119e-13
36	3	1.433062796327033e-19
36	4	4.3131993675756232e-26
36	5	1.4914948733756969e-32

[frame_retry_cdf]
frame_id	retry_count	cumulative_probability
0	0	0.99999971880003957
0	1	0.99999999999994371
0	2	1
0	3	1
0	4	1
0	5	1
2	0	0.99999908520041847
2	1	0.99999999999952704
2	2	1
2	3	1
2	4	1
2	5	1
4	0	0.9999987684007583
4	1	0.99999999999916311
4	2	0.99999999999999989
4	3	0.99999999999999989
4	4	0.99999999999999989
4	5	0.99999999999999989
4	6	1
5	0	0.9999993228002293
5	1	0.99999999999973033
5	2	1
5	3	1
5	4	1
5	5	1
6	0	0.99999983760001321
6	1	0.99999999999997713
6	2	1
6	3	1
6	4	1
6	5	1
7	0	0.99999928320025699
7	1	0.99999999999970046
7	2	1
7	3	1
7	4	1
7	5	1
9	0	0.99999967920005151
9	1	0.9999999999999295
9	2	1
9	3	1
9	4	1
9	5	1
10	0	0.99999904560045549
10	1	0.99999999999948774
10	2	1
10	3	1
10	4	1
10	5	1
11	0	0.99999963960006499
11	1	0.99999999999991362
11	2	1
11	3	1
11	4	1
11	5	1
12	0	0.99999960000008015
12	1	0.99999999999989631
12	2	1
12	3	1
12	4	1
12	5	1
13	0	0.99999991680000355
13	1	0.99999999999999167
13	2	1
13	3	1
13	4	1
13	5	1
14	0	0.99999900600049407
14	1	0.99999999999936806
14	2	1
14	3	1
14	4	1
14	5	1
16	0	0.99999956040009674
16	1	0.99999999999987732
16	2	1
16	3	1
16	4	1
16	5	1
17	0	0.99999979800002048
17	1	0.99999999999996758
17	2	1
17	3	1
17	4	1
17	5	1
19	0	0.99999952080011489
19	1	0.99999999999985667
19	2	1
19	3	1
19	4	1
19	5	1
20	0	0.9999994812001346
20	1	0.99999999999983458
20	2	1
20	3	1
20	4	1
20	5	1
21	0	0.999999124800383
21	1	0.9999999999995649
21	2	1
21	3	1
21	4	1
21	5	1
22	0	0.99999896640053432
22	1	0.99999999999932254
22	2	1
22	3	1
22	4	1
22	5	1
23	0	0.99999975840002919
23	1	0.99999999999995637
23	2	1
23	3	1
23	4	1
23	5	1
24	0	0.99999884760066415
24	1	0.99999999999926747
24	2	1
24	3	1
24	4	1
24	5	1
25	0	0.99999924360028614
25	1	0.99999999999966893
25	2	1
25	3	1
25	4	1
25	5	1
26	0	0.9999988080007105
26	1	0.99999999999921863
26	2	1
26	3	1
26	4	1
26	5	1
27	0	0.99999944160015597
27	1	0.99999999999981093
27	2	1
27	3	1
27	4	1
27	5	1
31	0	0.99999940200017878
31	1	0.9999999999997855
31	2	1
31	3	1
31	4	1
31	5	1
32	0	0.99999876840075841
32	1	0.99999999999916822
32	2	1
32	3	1
32	4	1
32	5	1
33	0	0.99999920400031683
33	1	0.99999999999963574
33	2	1
33	3	1
33	4	1
33	5	1
34	0	0.9999998772000076
34	1	0.99999999999998523
34	2	1
34	3	1
34	4	1
34	5	1
35	0	0.99999936240020326
35	1	0.99999999999975875
35	2	1
35	3	1
35	4	1
35	5	1
36	0	0.99999916440034919
36	1	0.99999999999960121
36	2	1
36	3	1
36	4	1
36	5	1

[frame_wcrt_distribution]
frame_id	response_time_ms	probability
0	0.28120000000000001	0.99999971880003957
0	0.34079999999999999	2.8119990416705642e-07
0	0.40039999999999998	5.6296217458990138e-14
0	0.46000000000000002	9.9169821048538745e-21
0	0.51960000000000006	1.6436573123522427e-27
0	0.57919999999999994	2.6372304004255293e-34
2	0.91479999999999984	0.99999908520041847
2	0.97439999999999982	9.1479910861931392e-07
2	1.0339999999999998	4.7295111096829774e-13
2	1.1728000000000001	1.8234396718153644e-19
2	1.2127999999999999	5.779302184441296e-33
2	1.2323999999999999	7.2897531750245535e-26
2	1.292	1.6776073553602738e-32
4	1.2315999999999998	0.9999987684007583
4	1.2951999999999999	1.2315984048327144e-06
4	1.3587999999999998	8.3674790302617953e-13
4	1.4223999999999999	4.1529939588038668e-19
4	1.4704000000000002	1.312959050936332e-39
4	1.4859999999999998	1.6838919526053697e-25
4	1.5495999999999999	5.9178813932332381e-32
4	1000.0636	1.1102230246251565e-16
5	0.67720000000000002	0.9999993228002293
5	0.73680000000000001	6.7719950103922424e-07
5	0.7964	2.6966082524203369e-13
5	0.85600000000000009	8.2701399074238769e-20
5	0.91559999999999997	2.1658215073533956e-26
5	0.97520000000000007	5.1039934136443712e-33
6	0.16239999999999999	0.99999983760001321
6	0.22199999999999998	1.6239996394720401e-07
6	0.28159999999999996	2.2865913560957818e-14
6	0.3412	3.1510309675347108e-21
6	0.40079999999999999	4.3567009231459088e-28
6	0.46039999999999998	6.0805921947590089e-35
7	0.7168000000000001	0.99999928320025699
7	0.77640000000000009	7.1679944347669728e-07
7	0.83600000000000008	2.9962214951577927e-13
7	0.89560000000000017	9.5824051054608278e-20
7	0.95520000000000005	2.6029707114037523e-26
7	1.0148000000000001	6.3348771968307338e-33
9	0.32079999999999997	0.99999967920005151
9	0.38039999999999996	3.2079987796770295e-07
9	0.43999999999999995	7.0575968946566842e-14
9	0.49959999999999999	1.3345281887362171e-20
9	0.55919999999999992	2.3373533032812638e-27
9	0.61880000000000002	3.919711543746502e-34
10	0.95439999999999992	0.99999904560045549
10	1.014	9.5439903223889083e-07
10	1.1528	5.1232132939563075e-13
10	1.2124000000000001	2.4483982486268284e-19
10	1.2524	6.8267655065079611e-33
10	1.272	8.7690048190206824e-26
10	1.3316000000000001	2.0140050040634741e-32
11	0.3604	0.99999963960006499
11	0.41999999999999998	3.6039984863203185e-07
11	0.47960000000000003	8.6423878551097896e-14
11	0.53920000000000001	1.7463571426306451e-20
11	0.5988	3.2241753666144183e-27
11	0.65839999999999999	5.6436826293721046e-34
12	0.40000000000000002	0.99999960000008015
12	0.45960000000000001	3.9999981616004222e-07
12	0.51919999999999999	1.0383994608628591e-13
12	0.57879999999999998	2.2333949739772804e-20
12	0.63840000000000008	4.336377750055553e-27
12	0.69799999999999995	7.9122532266493485e-34
13	0.083199999999999996	0.99999991680000355
13	0.14279999999999998	8.3199988119040938e-08
13	0.2024	8.4198382958245477e-15
13	0.26200000000000001	9.5186321727846881e-22
13	0.3216	1.153081661296875e-28
13	0.38119999999999998	1.4640419460841994e-35
14	0.99399999999999977	0.99999900600049407
14	1.1328	9.9399887399743759e-07
14	1.1923999999999999	6.3198444642129794e-13
14	1.252	2.7949522073843206e-19
14	1.2919999999999998	6.5988845302811439e-33
14	1.3115999999999999	1.007900778815193e-25
14	1.3712	2.5003404896437877e-32
16	0.43960000000000005	0.99999956040009674
16	0.49920000000000003	4.3959978055173486e-07
16	0.55880000000000007	1.2282417136583379e-13
16	0.61840000000000006	2.8018515836011147e-20
16	0.67800000000000005	5.7086738203178373e-27
16	0.73760000000000003	1.084325812586805e-33
17	0.20200000000000001	0.99999979800002048
17	0.2616	2.0199994715680719e-07
17	0.32120000000000004	3.2441189579888268e-14
17	0.38080000000000003	4.8819556876175968e-21
17	0.44040000000000001	7.1892215485861493e-28
17	0.5	1.0520829038299459e-34
19	0.47920000000000007	0.99999952080011489
19	0.53880000000000006	4.7919974180710902e-07
19	0.59840000000000004	1.4337655420344419e-13
19	0.65800000000000014	3.457936871343455e-20
19	0.71760000000000002	7.3782360626366915e-27
19	0.77720000000000011	1.4570231148689583e-33
20	0.51880000000000015	0.9999994812001346
20	0.57840000000000014	5.1879969992616687e-07
20	0.63800000000000012	1.6549709441282031e-13
20	0.69760000000000022	4.2078607360620118e-20
20	0.7572000000000001	9.3846960802830667e-27
20	0.81680000000000019	1.9243378958344441e-33
21	0.87519999999999998	0.999999124800383
21	0.93479999999999996	8.7519918186342314e-07
21	0.99439999999999995	4.351490072876124e-13
21	1.1332000000000002	1.6204543023668156e-19
21	1.1732	4.6701686521005276e-33
21	1.1928000000000001	6.3193706790770569e-26
21	1.2524000000000002	1.4408455166161153e-32
22	1.0335999999999999	0.99999896640053432
22	1.1723999999999999	1.0335987882080698e-06
22	1.2319999999999998	6.7762732516262185e-13
22	1.2915999999999999	3.0852211790724203e-19
22	1.3315999999999999	8.0863078407686964e-33
22	1.3511999999999997	1.1427799569992869e-25
22	1.4107999999999998	2.8636777528168354e-32
23	0.24160000000000001	0.99999975840002919
23	0.30120000000000002	2.4159992723009088e-07
23	0.36080000000000001	4.3584624274664753e-14
23	0.4204	7.1165730508587331e-21
23	0.47999999999999998	1.1132922656195843e-27
23	0.53959999999999997	1.706881040344557e-34
24	1.1523999999999999	0.99999884760066415
24	1.212	1.1523986032920454e-06
24	1.2715999999999998	7.3269498830446024e-13
24	1.3311999999999999	3.4035962695562861e-19
24	1.3711999999999998	8.1151147711214807e-40
24	1.3907999999999998	1.2917707603252847e-25
24	1.4503999999999999	4.2498401899167216e-32
25	0.75639999999999996	0.99999924360028614
25	0.81599999999999995	7.563993827778518e-07
25	0.87559999999999993	3.3115163004350668e-13
25	0.93520000000000003	1.1025768252963377e-19
25	0.99479999999999991	3.1027528000970952e-26
25	1.0544	7.79096875812414e-33
26	1.1919999999999997	0.9999988080007105
26	1.2515999999999998	1.1919985080937334e-06
26	1.3111999999999997	7.8147417533038998e-13
26	1.3707999999999998	3.733125594094581e-19
26	1.4107999999999998	8.1151147711214807e-40
26	1.4303999999999997	1.4535731654845691e-25
26	1.4899999999999998	4.8959784722554828e-32
27	0.55840000000000012	0.99999944160015597
27	0.6180000000000001	5.5839965490890694e-07
27	0.67760000000000009	1.8918579180766443e-13
27	0.73720000000000008	5.0578330756307558e-20
27	0.79680000000000017	1.1770144594076258e-26
27	0.85640000000000005	2.5030554869598053e-33
31	0.59800000000000009	0.99999940200017878
31	0.65760000000000007	5.9799960675532922e-07
31	0.71720000000000006	2.1444264620167913e-13
31	0.77680000000000016	6.0140637869401048e-20
31	0.83640000000000003	1.4579131441897356e-26
31	0.89600000000000013	3.2118232658485762e-33
32	1.2315999999999996	0.99999876840075841
32	1.2911999999999997	1.2315984097591067e-06
32	1.3507999999999996	8.318215163747376e-13
32	1.4103999999999997	4.0832165774539495e-19
32	1.4503999999999999	8.1151147711214807e-40
32	1.4699999999999995	1.6300833232757541e-25
32	1.5295999999999996	5.6182276844661155e-32
33	0.79600000000000004	0.99999920400031683
33	0.85560000000000003	7.9599931894269107e-07
33	0.91520000000000001	3.6424926663891933e-13
33	0.97480000000000011	1.260643924190374e-19
33	1.0344	3.6708523150220034e-26
33	1.0940000000000001	9.5016864195553578e-33
34	0.12279999999999999	0.9999998772000076
34	0.18240000000000001	1.2279997760128207e-07
34	0.24199999999999999	1.4858796404170823e-14
34	0.30159999999999998	1.8616998331779088e-21
34	0.36119999999999997	2.4111831118964983e-28
34	0.42079999999999995	3.2086319279020233e-35
35	0.63760000000000017	0.99999936240020326
35	0.69720000000000015	6.3759955546543531e-07
35	0.75680000000000014	2.4126765740856823e-13
35	0.81640000000000024	7.0827627658967901e-20
35	0.87600000000000011	1.7858665578202103e-26
35	0.93560000000000021	4.071248037181643e-33
36	0.8355999999999999	0.99999916440034919
36	0.89519999999999988	8.3559925197121542e-07
36	0.95479999999999987	3.9891505911572119e-13
36	1.0144	1.433062796327033e-19
36	1.1335999999999999	5.2787601510385895e-33
36	1.1532	4.3131993675756232e-26
36	1.2128000000000001	9.6361885827183751e-33

[frame_wcrt_cdf]
frame_id	response_time_ms	cumulative_probability
0	0.28120000000000001	0.99999971880003957
0	0.34079999999999999	0.99999999999994371
0	0.40039999999999998	1
0	0.46000000000000002	1
0	0.51960000000000006	1
0	0.57919999999999994	1
2	0.91479999999999984	0.99999908520041847
2	0.97439999999999982	0.99999999999952704
2	1.0339999999999998	1
2	1.1728000000000001	1
2	1.2127999999999999	1
2	1.2323999999999999	1
2	1.292	1
4	1.2315999999999998	0.9999987684007583
4	1.2951999999999999	0.99999999999916311
4	1.3587999999999998	0.99999999999999989
4	1.4223999999999999	0.99999999999999989
4	1.4704000000000002	0.99999999999999989
4	1.4859999999999998	0.99999999999999989
4	1.5495999999999999	0.99999999999999989
4	1000.0636	1
5	0.67720000000000002	0.9999993228002293
5	0.73680000000000001	0.99999999999973033
5	0.7964	1
5	0.85600000000000009	1
5	0.91559999999999997	1
5	0.97520000000000007	1
6	0.16239999999999999	0.99999983760001321
6	0.22199999999999998	0.99999999999997713
6	0.28159999999999996	1
6	0.3412	1
6	0.40079999999999999	1
6	0.46039999999999998	1
7	0.7168000000000001	0.99999928320025699
7	0.77640000000000009	0.99999999999970046
7	0.83600000000000008	1
7	0.89560000000000017	1
7	0.95520000000000005	1
7	1.0148000000000001	1
9	0.32079999999999997	0.99999967920005151
9	0.38039999999999996	0.9999999999999295
9	0.43999999999999995	1
9	0.49959999999999999	1
9	0.55919999999999992	1
9	0.61880000000000002	1
10	0.95439999999999992	0.99999904560045549
10	1.014	0.99999999999948774
10	1.1528	1
10	1.2124000000000001	1
10	1.2524	1
10	1.272	1
10	1.3316000000000001	1
11	0.3604	0.99999963960006499
11	0.41999999999999998	0.99999999999991362
11	0.47960000000000003	1
11	0.53920000000000001	1
11	0.5988	1
11	0.65839999999999999	1
12	0.40000000000000002	0.99999960000008015
12	0.45960000000000001	0.99999999999989631
12	0.51919999999999999	1
12	0.57879999999999998	1
12	0.63840000000000008	1
12	0.69799999999999995	1
13	0.083199999999999996	0.99999991680000355
13	0.14279999999999998	0.99999999999999167
13	0.2024	1
13	0.26200000000000001	1
13	0.3216	1
13	0.38119999999999998	1
14	0.99399999999999977	0.99999900600049407
14	1.1328	0.99999999999936806
14	1.1923999999999999	1
14	1.252	1
14	1.2919999999999998	1
14	1.3115999999999999	1
14	1.3712	1
16	0.43960000000000005	0.99999956040009674
16	0.49920000000000003	0.99999999999987732
16	0.55880000000000007	1
16	0.61840000000000006	1
16	0.67800000000000005	1
16	0.73760000000000003	1
17	0.20200000000000001	0.99999979800002048
17	0.2616	0.99999999999996758
17	0.32120000000000004	1
17	0.38080000000000003	1
17	0.44040000000000001	1
17	0.5	1
19	0.47920000000000007	0.99999952080011489
19	0.53880000000000006	0.99999999999985667
19	0.59840000000000004	1
19	0.65800000000000014	1
19	0.71760000000000002	1
19	0.77720000000000011	1
20	0.51880000000000015	0.9999994812001346
20	0.57840000000000014	0.99999999999983458
20	0.63800000000000012	1
20	0.69760000000000022	1
20	0.7572000000000001	1
20	0.81680000000000019	1
21	0.87519999999999998	0.999999124800383
21	0.93479999999999996	0.9999999999995649
21	0.99439999999999995	1
21	1.1332000000000002	1
21	1.1732	1
21	1.1928000000000001	1
21	1.2524000000000002	1
22	1.0335999999999999	0.99999896640053432
22	1.1723999999999999	0.99999999999932254
22	1.2319999999999998	1
22	1.2915999999999999	1
22	1.3315999999999999	1
22	1.3511999999999997	1
22	1.4107999999999998	1
23	0.24160000000000001	0.99999975840002919
23	0.30120000000000002	0.99999999999995637
23	0.36080000000000001	1
23	0.4204	1
23	0.47999999999999998	1
23	0.53959999999999997	1
24	1.1523999999999999	0.99999884760066415
24	1.212	0.99999999999926747
24	1.2715999999999998	1
24	1.3311999999999999	1
24	1.3711999999999998	1
24	1.3907999999999998	1
24	1.4503999999999999	1
25	0.75639999999999996	0.99999924360028614
25	0.81599999999999995	0.99999999999966893
25	0.87559999999999993	1
25	0.93520000000000003	1
25	0.99479999999999991	1
25	1.0544	1
26	1.1919999999999997	0.9999988080007105
26	1.2515999999999998	0.99999999999921863
26	1.3111999999999997	1
26	1.3707999999999998	1
26	1.4107999999999998	1
26	1.4303999999999997	1
26	1.4899999999999998	1
27	0.55840000000000012	0.99999944160015597
27	0.6180000000000001	0.99999999999981093
27	0.67760000000000009	1
27	0.73720000000000008	1
27	0.79680000000000017	1
27	0.85640000000000005	1
31	0.59800000000000009	0.99999940200017878
31	0.65760000000000007	0.9999999999997855
31	0.71720000000000006	1
31	0.77680000000000016	1
31	0.83640000000000003	1
31	0.89600000000000013	1
32	1.2315999999999996	0.99999876840075841
32	1.2911999999999997	0.99999999999916822
32	1.3507999999999996	1
32	1.4103999999999997	1
32	1.4503999999999999	1
32	1.4699999999999995	1
32	1.5295999999999996	1
33	0.79600000000000004	0.99999920400031683
33	0.85560000000000003	0.99999999999963574
33	0.91520000000000001	1
33	0.97480000000000011	1
33	1.0344	1
33	1.0940000000000001	1
34	0.12279999999999999	0.9999998772000076
34	0.18240000000000001	0.99999999999998523
34	0.24199999999999999	1
34	0.30159999999999998	1
34	0.36119999999999997	1
34	0.42079999999999995	1
35	0.63760000000000017	0.99999936240020326
35	0.69720000000000015	0.99999999999975875
35	0.75680000000000014	1
35	0.81640000000000024	1
35	0.87600000000000011	1
35	0.93560000000000021	1
36	0.8355999999999999	0.99999916440034919
36	0.89519999999999988	0.99999999999960121
36	0.95479999999999987	1
36	1.0144	1
36	1.1335999999999999	1
36	1.1532	1
36	1.2128000000000001	1

[frame_distribution_quantiles]
frame_id	retry_q50	retry_q90	retry_q95	retry_q99	wcrt_q50_ms	wcrt_q90_ms	wcrt_q95_ms	wcrt_q99_ms
0	0	0	0	0	0.28120000000000001	0.28120000000000001	0.28120000000000001	0.28120000000000001
2	0	0	0	0	0.91479999999999984	0.91479999999999984	0.91479999999999984	0.91479999999999984
4	0	0	0	0	1.2315999999999998	1.2315999999999998	1.2315999999999998	1.2315999999999998
5	0	0	0	0	0.67720000000000002	0.67720000000000002	0.67720000000000002	0.67720000000000002
6	0	0	0	0	0.16239999999999999	0.16239999999999999	0.16239999999999999	0.16239999999999999
7	0	0	0	0	0.7168000000000001	0.7168000000000001	0.7168000000000001	0.7168000000000001
9	0	0	0	0	0.32079999999999997	0.32079999999999997	0.32079999999999997	0.32079999999999997
10	0	0	0	0	0.95439999999999992	0.95439999999999992	0.95439999999999992	0.95439999999999992
11	0	0	0	0	0.3604	0.3604	0.3604	0.3604
12	0	0	0	0	0.40000000000000002	0.40000000000000002	0.40000000000000002	0.40000000000000002
13	0	0	0	0	0.083199999999999996	0.083199999999999996	0.083199999999999996	0.083199999999999996
14	0	0	0	0	0.99399999999999977	0.99399999999999977	0.99399999999999977	0.99399999999999977
16	0	0	0	0	0.43960000000000005	0.43960000000000005	0.43960000000000005	0.43960000000000005
17	0	0	0	0	0.20200000000000001	0.20200000000000001	0.20200000000000001	0.20200000000000001
19	0	0	0	0	0.47920000000000007	0.47920000000000007	0.47920000000000007	0.47920000000000007
20	0	0	0	0	0.51880000000000015	0.51880000000000015	0.51880000000000015	0.51880000000000015
21	0	0	0	0	0.87519999999999998	0.87519999999999998	0.87519999999999998	0.87519999999999998
22	0	0	0	0	1.0335999999999999	1.0335999999999999	1.0335999999999999	1.0335999999999999
23	0	0	0	0	0.24160000000000001	0.24160000000000001	0.24160000000000001	0.24160000000000001
24	0	0	0	0	1.1523999999999999	1.1523999999999999	1.1523999999999999	1.1523999999999999
25	0	0	0	0	0.75639999999999996	0.75639999999999996	0.75639999999999996	0.75639999999999996
26	0	0	0	0	1.1919999999999997	1.1919999999999997	1.1919999999999997	1.1919999999999997
27	0	0	0	0	0.55840000000000012	0.55840000000000012	0.55840000000000012	0.55840000000000012
31	0	0	0	0	0.59800000000000009	0.59800000000000009	0.59800000000000009	0.59800000000000009
32	0	0	0	0	1.2315999999999996	1.2315999999999996	1.2315999999999996	1.2315999999999996
33	0	0	0	0	0.79600000000000004	0.79600000000000004	0.79600000000000004	0.79600000000000004
34	0	0	0	0	0.12279999999999999	0.12279999999999999	0.12279999999999999	0.12279999999999999
35	0	0	0	0	0.63760000000000017	0.63760000000000017	0.63760000000000017	0.63760000000000017
36	0	0	0	0	0.8355999999999999	0.8355999999999999	0.8355999999999999	0.8355999999999999

[signal_summary]
code	frame_id	period_ms	level	type	p_timeout	expected_wcrt_ms	wcrt_p95_ms	threshold_wcrt_ms	expected_retry_count	p_threshold
2835426	19	20	0	0	0	0.47920002856032184	0.47920000000000007	0.47920000000000007	4.7920002856032119e-07	1
222954916	20	10	0	0	0	0.51880003092048199	0.51880000000000015	0.51880000000000015	5.1880003092048194e-07	1
490312558	5	20	0	0	0	0.67720004036112247	0.67720000000000002	0.67720000000000002	6.7720004036112274e-07	1
589933181	33	20	0	0	0	0.79600004744160302	0.79600000000000004	0.79600000000000004	7.9600004744160258e-07	1
601819538	9	10	0	0	0	0.32080001911968109	0.32079999999999997	0.32079999999999997	3.2080001911968086e-07	1
658606150	17	5	0	0	0	0.20200001203920073	0.20200000000000001	0.20200000000000001	2.0200001203920098e-07	1
725970757	22	100	0	0	0	1.0336001434636464	1.0335999999999999	1.0335999999999999	1.0336001434636456e-06	1
733917292	32	100	0	0	0	1.2316000734033639	1.2315999999999996	1.2315999999999996	1.2316000734033644e-06	1
872763760	24	100	1	0	0	1.152400068683044	1.1523999999999999	1.212	1.1524000686830431e-06	2.7777777777777777e-12
944509032	27	20	0	0	0	0.55840003328064225	0.55840000000000012	0.55840000000000012	5.5840003328064228e-07	1
987855746	0	10	3	0	0	0.281200016759521	0.28120000000000001	0.40039999999999998	2.8120001675952111e-07	2.7777777777777781e-14
1032532079	31	20	0	0	0	0.59800003564080217	0.59800000000000009	0.59800000000000009	5.9800003564080208e-07	1
1069245674	14	100	0	0	0	0.99400013796716902	0.99399999999999977	0.99399999999999977	9.9400013796716901e-07	1
1150880386	7	20	0	0	0	0.71680004272128273	0.7168000000000001	0.7168000000000001	7.1680004272128382e-07	1
1191871973	31	10	3	0	0	0.59800003564080217	0.59800000000000009	0.71720000000000006	5.9800003564080208e-07	2.7777777777777781e-14
1218519628	20	20	0	0	0	0.51880003092048199	0.51880000000000015	0.51880000000000015	5.1880003092048194e-07	1
1233435821	6	2	0	0	0	0.16240000967904059	0.16239999999999999	0.16239999999999999	1.6240000967904059e-07	1
1240870835	10	100	0	0	0	0.95440005688228391	0.95439999999999992	0.95439999999999992	9.5440005688228425e-07	1
1272368049	22	100	2	0	0	1.0336001434636464	1.0335999999999999	1.1723999999999999	1.0336001434636456e-06	2.7777777777777777e-12
1543193834	20	10	0	0	0	0.51880003092048199	0.51880000000000015	0.51880000000000015	5.1880003092048194e-07	1
1562936112	16	10	0	0	0	0.43960002620016164	0.43960000000000005	0.43960000000000005	4.3960002620016165e-07	1
1606534180	33	20	0	0	0	0.79600004744160302	0.79600000000000004	0.79600000000000004	7.9600004744160258e-07	1
2016611387	0	10	0	0	0	0.281200016759521	0.28120000000000001	0.28120000000000001	2.8120001675952111e-07	1
2063341480	5	20	1	0	0	0.67720004036112247	0.67720000000000002	0.73680000000000001	6.7720004036112274e-07	5.5555555555555559e-13
2070941238	22	100	0	0	0	1.0336001434636464	1.0335999999999999	1.0335999999999999	1.0336001434636456e-06	1
2216899443	0	20	2	0	0	0.281200016759521	0.28120000000000001	0.34079999999999999	2.8120001675952111e-07	5.5555555555555559e-13
2278632824	12	20	2	0	0	0.4000000238400015	0.40000000000000002	0.45960000000000001	4.0000002384000142e-07	5.5555555555555559e-13
2284316725	36	20	0	0	0	0.83560004980176306	0.8355999999999999	0.8355999999999999	8.3560004980176355e-07	1
2310017723	2	100	0	0	0	0.91480005452208313	0.91479999999999984	0.91479999999999984	9.1480005452208294e-07	1
2474533644	4	1000	0	0	1.1102230246251565e-16	1.2316000783298755	1.2315999999999998	1.2315999999999998	1.2316000789959003e-06	1
2735630703	12	10	1	0	0	0.4000000238400015	0.40000000000000002	0.45960000000000001	4.0000002384000142e-07	2.7777777777777779e-13
2750240179	23	5	0	0	0	0.24160001439936088	0.24160000000000001	0.24160000000000001	2.4160001439936078e-07	1
2767859373	13	1	0	0	0	0.083200004958720306	0.083199999999999996	0.083199999999999996	8.3200004958720387e-08	1
2827757257	26	100	0	0	0	1.1920000710432042	1.1919999999999997	1.1919999999999997	1.1920000710432041e-06	1
2882050686	35	10	0	0	0	0.63760003800096243	0.63760000000000017	0.63760000000000017	6.3760003800096262e-07	1
3019105903	11	10	0	0	0	0.36040002147984129	0.3604	0.3604	3.6040002147984135e-07	1
3241366040	9	10	2	0	0	0.32080001911968109	0.32079999999999997	0.38039999999999996	3.2080001911968086e-07	2.7777777777777779e-13
3360844270	31	10	0	0	0	0.59800003564080217	0.59800000000000009	0.59800000000000009	5.9800003564080208e-07	1
3394654703	4	1000	1	0	1.1102230246251565e-16	1.2316000783298755	1.2315999999999998	1.2951999999999999	1.2316000789959003e-06	2.7777777777777777e-11
3590122635	12	20	0	0	0	0.4000000238400015	0.40000000000000002	0.40000000000000002	4.0000002384000142e-07	1
3704516243	25	20	0	0	0	0.75640004508144276	0.75639999999999996	0.75639999999999996	7.5640004508144267e-07	1
3770543441	34	1	0	0	0	0.12280000731888042	0.12279999999999999	0.12279999999999999	1.2280000731888047e-07	1
3843366189	31	20	1	0	0	0.59800003564080217	0.59800000000000009	0.65760000000000007	5.9800003564080208e-07	5.5555555555555559e-13
3978138969	27	10	2	0	0	0.55840003328064225	0.55840000000000012	0.6180000000000001	5.5840003328064228e-07	2.7777777777777779e-13
3989108235	23	10	0	0	0	0.24160001439936088	0.24160000000000001	0.24160000000000001	2.4160001439936078e-07	1
3994005609	21	100	0	0	0	0.8752000521619232	0.87519999999999998	0.87519999999999998	8.7520005216192377e-07	1
4053802336	6	2	0	0	0	0.16240000967904059	0.16239999999999999	0.16239999999999999	1.6240000967904059e-07	1
4071203214	19	10	0	0	0	0.47920002856032184	0.47920000000000007	0.47920000000000007	4.7920002856032119e-07	1
4180117695	21	50	0	0	0	0.8752000521619232	0.87519999999999998	0.87519999999999998	8.7520005216192377e-07	1
4267510829	19	10	0	0	0	0.47920002856032184	0.47920000000000007	0.47920000000000007	4.7920002856032119e-07	1
