base_bandwidth_utilization	0.30354360000000002
expected_bandwidth_utilization	0.30354377858759757

rounded_expected_bandwidth_utilization	0.60708720000000005

bandwidth_utilization_p99	0.30354360000000002

[frame_summary]
frame_id	priority	period_ms	deadline_ms	trans_time_ms	expected_retry_count	expected_tx_count	rounded_expected_retry_count	rounded_expected_tx_count	retry_p99	tx_count_p99	expected_wcrt_ms	p_timeout	wcrt_p95_ms
0	23	20	20	0.0516	1.5328002369709181e-06	1.000001532800237	1	2	0	1	1.5328002369709162	0	1.5327999999999997
1	30	100	100	0.041599999999999998	1.8640002881748247e-06	1.0000018640002881	1	2	0	1	1.8640002881748263	0	1.8640000000000001
3	31	100	100	0.039600000000000003	1.9036006529345593e-06	1.0000019036006529	1	2	0	1	1.9036006529345597	0	1.9036000000000004
4	41	1000	1000	0.045600000000000002	2.5220003906784197e-06	1.0000025220003907	1	2	0	1	2.5220003899013732	1.1102230246251565e-16	2.522000000000002
5	42	1000	1000	0.041599999999999998	2.563600396332624e-06	1.0000025636003964	1	2	0	1	2.5636003963326228	0	2.5636000000000014
6	7	10	10	0.078600000000000003	5.3240005316077909e-07	1.0000005324000532	1	2	0	1	0.53240005249464617	1.1102230246251565e-16	0.53239999999999998
7	8	10	10	0.049600000000000005	5.8200005805133972e-07	1.0000005820000581	1	2	0	1	0.58200005738520677	1.1102230246251565e-16	0.58200000000000007
9	3	2	2	0.049600000000000005	3.2300002443893544e-07	1.0000003230000245	1	2	0	1	0.32300002377280196	1.1102230246251565e-16	0.32300000000000001
10	4	5	5	0.0436	3.6660002698176185e-07	1.000000366600027	1	2	0	1	0.36660002698176203	0	0.36660000000000004
12	9	10	10	0.069599999999999995	6.5160006424776651e-07	1.0000006516000643	1	2	0	1	0.65160006424776629	0	0.65159999999999996
14	10	10	10	0.0436	6.9520006854672627e-07	1.0000006952000686	1	2	0	1	0.69520006854672678	0	0.69520000000000004
16	27	50	50	0.0516	1.7252002674931145e-06	1.0000017252002675	1	2	0	1	1.7252002667159667	1.1102230246251565e-16	1.7252000000000001
17	11	10	10	0.045600000000000002	7.4080007304288731e-07	1.0000007408000731	1	2	0	1	0.7408000730428872	0	0.74080000000000001
18	43	1000	1000	0.039600000000000003	2.6032004024547812e-06	1.0000026032004024	1	2	0	1	2.6032004024547835	0	2.6032000000000011
19	0	1	1	0.045600000000000002	1.8020001182112083e-07	1.0000001802000118	1	2	0	1	0.18020001182112078	0	0.1802
20	32	100	100	0.045600000000000002	1.9492006685753461e-06	1.0000019492006686	1	2	0	1	1.9492006685753458	0	1.9492000000000005
21	44	1000	1000	0.041599999999999998	2.6448004088861429e-06	1.0000026448004089	1	2	0	1	2.6448004088861445	0	2.6448000000000014
22	12	10	10	0.041599999999999998	7.8240007714464822e-07	1.0000007824000772	1	2	0	1	0.78240007714464754	0	0.78239999999999987
24	13	10	10	0.061600000000000002	8.4400008321840773e-07	1.0000008440000832	1	2	0	1	0.84400008321840803	0	0.84399999999999986
25	14	10	10	0.047600000000000003	8.9160008791183569e-07	1.000000891600088	1	2	0	1	0.89160008791183598	0	0.89159999999999984
26	1	1	1	0.053600000000000002	2.3380001720768104e-07	1.0000002338000171	1	2	0	1	0.23380001720768126	0	0.23380000000000001
29	24	20	20	0.069599999999999995	1.5864002452574784e-06	1.0000015864002452	1	2	0	1	1.5864002452574781	0	1.5864
31	28	50	50	0.0516	1.776800275470827e-06	1.0000017768002756	1	2	0	1	1.7768002746936771	1.1102230246251565e-16	1.7768000000000002
32	25	20	20	0.045600000000000002	1.6320002523072386e-06	1.0000016320002523	1	2	0	1	1.6320002523072388	0	1.6319999999999999
33	5	5	5	0.0436	4.1020003019072197e-07	1.0000004102000302	1	2	0	1	0.41020003019072221	0	0.41020000000000001
34	15	10	10	0.0516	9.4320009366573756e-07	1.0000009432000936	1	2	0	1	0.94320009299960483	1.1102230246251565e-16	0.94319999999999982
35	16	10	10	0.0436	9.8680023426627563e-07	1.0000009868002342	1	2	0	1	0.98680023426627517	0	0.98679999999999979
36	33	100	100	0.039600000000000003	1.9888006821581326e-06	1.0000019888006821	1	2	0	1	1.9888006821581332	0	1.9888000000000003
37	17	10	10	0.069599999999999995	1.0564002507893072e-06	1.0000010564002508	1	2	0	1	1.0564002507893071	0	1.0563999999999998
40	18	10	10	0.0516	1.2468001236006249e-06	1.0000012468001236	1	2	0	1	1.2468001229344927	1.1102230246251565e-16	1.2467999999999997
41	29	50	50	0.045600000000000002	1.8224002817434499e-06	1.0000018224002818	1	2	0	1	1.8224002817434497	0	1.8224000000000002
42	34	100	100	0.045600000000000002	2.0344006977989179e-06	1.0000020344006979	1	2	0	1	2.0344006977989184	0	2.0344000000000007
44	45	1000	1000	0.041599999999999998	2.6864004153175062e-06	1.0000026864004152	1	2	0	1	2.6864004153175052	0	2.6864000000000012
45	35	100	100	0.053600000000000002	2.2684003506946957e-06	1.0000022684003507	1	2	0	1	2.2684003506946953	0	2.2684000000000011
47	2	1	1	0.039600000000000003	2.7340002012224138e-07	1.0000002734000202	1	2	0	1	0.27340002012224146	0	0.27339999999999998
48	19	10	10	0.0516	1.2984001280222534e-06	1.0000012984001281	1	2	0	1	1.2984001280222524	0	1.2983999999999998
49	36	100	100	0.041599999999999998	2.3100003586803671e-06	1.0000023100003588	1	2	0	1	2.3100003571260781	2.2204460492503131e-16	2.3100000000000009
50	20	10	10	0.1346	1.3680002114928314e-06	1.0000013680002116	1	2	0	1	1.3680002114928322	0	1.3679999999999997
52	6	5	5	0.0436	4.5380003406581601e-07	1.000000453800034	1	2	0	1	0.45380003339968294	1.1102230246251565e-16	0.45379999999999998
54	26	20	20	0.041599999999999998	1.6736002587386005e-06	1.0000016736002588	1	2	0	1	1.6736002587386001	0	1.6736
55	21	10	10	0.061600000000000002	1.4296002210161933e-06	1.0000014296002211	1	2	0	1	1.4296002210161938	0	1.4295999999999995
56	37	100	100	0.045600000000000002	2.3556003641758152e-06	1.0000023556003641	1	2	0	1	2.3556003641758174	0	2.3556000000000012
57	22	10	10	0.0516	1.4812002296596872e-06	1.0000014812002296	1	2	0	1	1.481200228993556	1.1102230246251565e-16	1.4811999999999996
61	38	100	100	0.041599999999999998	2.3972003706071769e-06	1.0000023972003707	1	2	0	1	2.3972003706071785	0	2.3972000000000011
62	46	1000	1000	0.041599999999999998	2.6864004153175071e-06	1.0000026864004152	1	2	0	1	2.6864004153175056	0	2.6864000000000017
64	39	100	100	0.039600000000000003	2.4368003767293375e-06	1.0000024368003768	1	2	0	1	2.4368003767293391	0	2.4368000000000012
65	40	100	100	0.0436	2.4804003834698981e-06	1.0000024804003835	1	2	0	1	2.4804003834699002	0	2.4804000000000013

[frame_retry_distribution]
frame_id	retry_count	probability
0	0	0.99999846720117469
0	1	1.5327974135554635e-06
0	2	1.4117061996347871e-12
0	3	1.0183932398686982e-18
0	4	6.3579279433473528e-25
0	5	4.8085208700608489e-31
0	6	7.3930332084594834e-38
1	0	0.99999813600173726
1	1	1.8639962373333963e-06
1	2	2.0254176167681101e-12
1	3	2.0649791998794727e-18
1	4	1.6001784754908938e-24
1	5	1.0809061390749778e-30
1	6	4.9303684339855209e-37
3	0	0.99999809640181181
3	1	1.9035957233770435e-06
3	2	2.4647753615742989e-12
3	3	2.2641680464025842e-18
3	4	1.7314765921882416e-24
3	5	1.1732255804951835e-30
3	6	5.4461901134319716e-37
4	0	0.99999747800318017
4	1	2.5219932496238374e-06
4	2	3.5701330922248936e-12
4	3	3.7472611674242569e-18
4	4	3.2545228303662472e-24
4	5	2.9290588283420545e-30
4	6	1.8308941493365527e-36
4	7	1.1102230246251565e-16
5	0	0.99999743640328598
5	1	2.5635930316319532e-06
5	2	3.6823444613456464e-12
5	3	3.9159515595529975e-18
5	4	3.4414233806408222e-24
5	5	3.125463018273964e-30
5	6	2.0735794570587778e-36
6	0	0.99999946760014169
6	1	5.32399664055706e-07
6	2	1.942193782974903e-13
6	3	6.0863495222165913e-20
6	4	1.765974702099546e-26
6	5	4.9048945980417708e-33
6	6	1.1102230246251565e-16
7	0	0.99999941800016934
7	1	5.8199960389093502e-07
7	2	2.2674702331865064e-13
7	3	7.474161987177732e-20
7	4	2.2573278051232554e-26
7	5	6.4770194509121808e-33
7	6	1.1102230246251565e-16
9	0	0.9999996770000521
9	1	3.2299987189822527e-07
9	2	7.593726429428984e-14
9	3	1.5919500696306487e-20
9	4	3.1673123043237801e-27
9	5	6.1366763170447425e-34
9	6	1.1102230246251565e-16
10	0	0.99999963340006726
10	1	3.6659983862271539e-07
10	2	9.4179491610564891e-14
10	3	2.1081855852514256e-20
10	4	4.4114901137790698e-27
10	5	8.8964070127621557e-34
12	0	0.99999934840021232
12	1	6.5159951116986352e-07
12	2	2.7653880527376317e-13
12	3	9.7475657787518302e-20
12	4	3.1071658371428415e-26
12	5	9.3199669815931651e-33
14	0	0.99999930480024168
14	1	6.9519944815045861e-07
14	2	3.101979631792143e-13
14	3	1.1379033910038494e-19
14	4	3.7471344134345467e-26
14	5	1.6748477332114808e-32
16	0	0.99999827480148806
16	1	1.7251967569720852e-06
16	2	1.7548698698891064e-12
16	3	1.3777762360042189e-18
16	4	1.1848623796434866e-24
16	5	7.9887782753028936e-31
16	6	2.433575083213313e-37
16	7	1.1102230246251565e-16
17	0	0.99999925920027444
17	1	7.4079937817274108e-07
17	2	3.4743487410593595e-13
17	3	1.3266968014920519e-19
17	4	4.5155049845383514e-26
17	5	2.0572865822867045e-32
18	0	0.99999739680338839
18	1	2.6031928209049384e-06
18	2	3.7907687997488741e-12
18	3	4.0811489440984109e-18
18	4	4.193147118361345e-24
18	5	3.4488973996992442e-30
18	6	2.2363109736353438e-36
19	0	0.99999981980001618
19	1	1.8019995570684548e-07
19	2	2.8057131263008013e-14
19	3	4.2686060240685695e-21
19	4	6.5099489286273191e-28
19	5	1.0016407982786766e-34
20	0	0.99999805080189963
20	1	1.9491955320488816e-06
20	2	2.5682596359746418e-12
20	3	2.3975942931967736e-18
20	4	1.8603313150616835e-24
20	5	1.2770802605125077e-30
20	6	5.9767143573370629e-37
21	0	0.99999735520349753
21	1	2.6447925961572431e-06
21	2	3.9063580606012497e-12
21	3	4.2596102248873088e-18
21	4	4.4204615263792327e-24
21	5	3.671370888789542e-30
21	6	2.4007896627104987e-36
22	0	0.99999921760030619
22	1	7.8239931070590429e-07
22	2	3.832191445983424e-13
22	3	1.5159180280866424e-19
22	4	7.4169128624438406e-26
22	5	2.8160804966673517e-32
24	0	0.99999915600035616
24	1	8.4399920444597445e-07
24	2	4.393859425111189e-13
24	3	1.8274602796744622e-19
24	4	9.2155452739028561e-26
24	5	3.6006146886927091e-32
25	0	0.99999910840039752
25	1	8.9159911713811681e-07
25	2	4.8538644413923652e-13
25	3	2.7688528168249627e-19
25	4	1.1940875070998373e-25
25	5	4.5280643119891309e-32
26	0	0.9999997662000274
26	1	2.337999281298908e-07
26	2	4.4538883030682307e-14
26	3	8.0528928738207388e-21
26	4	1.4355827339149336e-27
26	5	2.5554758549084446e-34
29	0	0.99999841360125841
29	1	1.5863972380800047e-06
29	2	1.5035870697976527e-12
29	3	1.1113555400725377e-18
29	4	7.0844806888058432e-25
29	5	5.4314412546567726e-31
29	6	8.2090278689466295e-38
31	0	0.99999822320157838
31	1	1.7767965682917932e-06
31	2	1.8531981850812564e-12
31	3	1.8358135993046845e-18
31	4	1.3842612553562177e-24
31	5	9.1196368626396208e-31
31	6	2.734271020963806e-37
31	7	1.1102230246251565e-16
32	0	0.99999836800133168
32	1	1.6319970842714042e-06
32	2	1.584016125104918e-12
32	3	1.1947239890883513e-18
32	4	1.0000597481819391e-24
32	5	6.5699267646054961e-31
32	6	1.3405195286328109e-37
33	0	0.99999958980008408
33	1	4.1019980154528776e-07
33	2	1.1432267627652262e-13
33	3	2.7220923190258744e-20
33	4	5.97877245295658e-27
33	5	1.2536578700186485e-33
34	0	0.99999905680044476
34	1	9.4319901737475179e-07
34	2	5.3781195203051123e-13
34	3	3.1596898028963834e-19
34	4	1.4008879485996286e-25
34	5	5.4472789221963861e-32
34	6	1.1102230246251565e-16
35	0	0.99999901320048679
35	1	9.8679879196017959e-07
35	2	7.2115248605886117e-13
35	3	3.7465301446249358e-19
35	4	1.6382685094690246e-25
35	5	6.4197094274643489e-32
36	0	0.99999801120197773
36	1	1.9887953625215667e-06
36	2	2.6598145066289922e-12
36	3	2.5175887139300994e-18
36	4	1.9779108325611177e-24
36	5	1.3730857230787542e-30
36	6	6.6383972415498886e-37
37	0	0.99999894360055808
37	1	1.056398633230564e-06
37	2	8.0877871385573547e-13
37	3	4.3846772314280376e-19
37	4	1.9915196113986855e-25
37	5	8.0716774476786938e-32
40	0	0.99999875320077714
40	1	1.2467983225564074e-06
40	2	9.0018830012715716e-13
40	3	4.9448318433765151e-19
40	4	2.2965154103271064e-25
40	5	9.519457281961181e-32
40	6	1.1102230246251565e-16
41	0	0.99999817760166054
41	1	1.8223963971187617e-06
41	2	1.9423094138369376e-12
41	3	1.9534532928158414e-18
41	4	1.4942823432212396e-24
41	5	9.9747166293601722e-31
41	6	3.0614800141202158e-37
42	0	0.99999796560206933
42	1	2.0343951634231894e-06
42	2	2.7671838734815667e-12
42	3	2.6605979490466226e-18
42	4	2.1200673041670674e-24
42	5	1.4906598475241857e-30
42	6	7.2598354740283199e-37
44	0	0.99999731360360833
44	1	2.6863923679484433e-06
44	2	4.0236778666525396e-12
44	3	4.4431835482546338e-18
44	4	4.6568265501220501e-24
44	5	3.9051144758406601e-30
44	6	2.5841180153834448e-36
45	0	0.99999773160257277
45	1	2.2683945036734605e-06
45	2	2.9235063843602387e-12
45	3	2.8222285157393908e-18
45	4	2.2738260259383825e-24
45	5	1.6174515481302152e-30
45	6	7.8925746639357644e-37
47	0	0.99999972660003733
47	1	2.7339990513021636e-07
47	2	5.7495995817179008e-14
47	3	1.1128907362759267e-20
47	4	2.0853222951451913e-27
47	5	3.8559629972432537e-34
48	0	0.99999870160084292
48	1	1.2983981861364677e-06
48	2	9.709420678579593e-13
48	3	5.4997401892672095e-19
48	4	2.6243000033980284e-25
48	5	1.1142864656007445e-31
49	0	0.99999769000266792
49	1	2.3099943067810154e-06
49	2	3.025168076469403e-12
49	3	2.9621688629246283e-18
49	4	2.4170779747302669e-24
49	5	1.7390957103780853e-30
49	6	1.0900673251735376e-36
49	7	2.2204460492503131e-16
50	0	0.99999863200093575
50	1	1.3679979170847844e-06
50	2	1.1472028759097212e-12
50	3	7.6505060129902338e-19
50	4	4.4675982549440794e-25
50	5	2.3953595776750486e-31
52	0	0.9999995462001029
52	1	4.5379976066594284e-07
52	2	1.3636681804351789e-13
52	3	3.441958438187383e-20
52	4	7.9196508684915813e-27
52	5	1.7248347415428168e-33
52	6	1.1102230246251565e-16
54	0	0.99999832640140052
54	1	1.6735969403272773e-06
54	2	1.6592037501275455e-12
54	3	1.2742980450234922e-18
54	4	1.0796985131715944e-24
54	5	7.1762960402252224e-31
54	6	2.2094763630753084e-37
55	0	0.99999857040102191
55	1	1.4295977352294731e-06
55	2	1.2428920788573766e-12
55	3	8.541757002648645e-19
55	4	5.116727226233237e-25
55	5	2.803980592516564e-31
56	0	0.99999764440277439
56	1	2.3555940869803003e-06
56	2	3.1385930762660282e-12
56	3	3.1207750242104923e-18
56	4	2.5817364414200014e-24
56	5	1.8806981398094029e-30
56	6	1.1897901534645364e-36
57	0	0.99999851880109691
57	1	1.4811975770550198e-06
57	2	1.3259678659850067e-12
57	3	9.3390095522754103e-19
57	4	5.712302006302547e-25
57	5	4.2633395165910379e-31
57	6	1.1102230246251565e-16
61	0	0.99999760280287331
61	1	2.3971938828328444e-06
61	2	3.2438822607451737e-12
61	3	3.2702992271938762e-18
61	4	2.7391317475325458e-24
61	5	2.0177542395197332e-30
61	6	1.3927421024844868e-36
62	0	0.99999731360360833
62	1	2.6863923679484441e-06
62	2	4.0236778666525404e-12
62	3	4.4431835482546369e-18
62	4	4.6568265501220509e-24
62	5	3.9051144758406601e-30
62	6	2.5841180153834448e-36
64	0	0.99999756320296895
64	1	2.4367936852846615e-06
64	2	3.3457172126479232e-12
64	3	3.4169849122205297e-18
64	4	2.8955174944166235e-24
64	5	2.5574031664811373e-30
64	6	1.5723188799829434e-36
65	0	0.99999751960307615
65	1	2.4803934641546098e-06
65	2	3.4596522689405694e-12
65	3	3.583470308307196e-18
65	4	3.0753157806261291e-24
65	5	2.7425889374809119e-30
65	6	1.6976144948326535e-36

[frame_retry_cdf]
frame_id	retry_count	cumulative_probability
0	0	0.99999846720117469
0	1	0.99999999999858824
0	2	1
0	3	1
0	4	1
0	5	1
0	6	1
1	0	0.99999813600173726
1	1	0.99999999999797462
1	2	1
1	3	1
1	4	1
1	5	1
1	6	1
3	0	0.99999809640181181
3	1	0.99999999999753519
3	2	1
3	3	1
3	4	1
3	5	1
3	6	1
4	0	0.99999747800318017
4	1	0.99999999999642974
4	2	0.99999999999999989
4	3	0.99999999999999989
4	4	0.99999999999999989
4	5	0.99999999999999989
4	6	0.99999999999999989
4	7	1
5	0	0.99999743640328598
5	1	0.99999999999631761
5	2	1
5	3	1
5	4	1
5	5	1
5	6	1
6	0	0.99999946760014169
6	1	0.99999999999980571
6	2	0.99999999999999989
6	3	0.99999999999999989
6	4	0.99999999999999989
6	5	0.99999999999999989
6	6	1
7	0	0.99999941800016934
7	1	0.99999999999977318
7	2	0.99999999999999989
7	3	0.99999999999999989
7	4	0.99999999999999989
7	5	0.99999999999999989
7	6	1
9	0	0.9999996770000521
9	1	0.99999999999992395
9	2	0.99999999999999989
9	3	0.99999999999999989
9	4	0.99999999999999989
9	5	0.99999999999999989
9	6	1
10	0	0.99999963340006726
10	1	0.99999999999990585
10	2	1
10	3	1
10	4	1
10	5	1
12	0	0.99999934840021232
12	1	0.99999999999972344
12	2	1
12	3	1
12	4	1
12	5	1
14	0	0.99999930480024168
14	1	0.9999999999996898
14	2	1
14	3	1
14	4	1
14	5	1
16	0	0.99999827480148806
16	1	0.99999999999824507
16	2	0.99999999999999989
16	3	0.99999999999999989
16	4	0.99999999999999989
16	5	0.99999999999999989
16	6	0.99999999999999989
16	7	1
17	0	0.99999925920027444
17	1	0.99999999999965261
17	2	1
17	3	1
17	4	1
17	5	1
18	0	0.99999739680338839
18	1	0.99999999999620925
18	2	1
18	3	1
18	4	1
18	5	1
18	6	1
19	0	0.99999981980001618
19	1	0.99999999999997191
19	2	1
19	3	1
19	4	1
19	5	1
20	0	0.99999805080189963
20	1	0.99999999999743172
20	2	1
20	3	1
20	4	1
20	5	1
20	6	1
21	0	0.99999735520349753
21	1	0.99999999999609368
21	2	1
21	3	1
21	4	1
21	5	1
21	6	1
22	0	0.99999921760030619
22	1	0.99999999999961686
22	2	1
22	3	1
22	4	1
22	5	1
24	0	0.99999915600035616
24	1	0.99999999999956057
24	2	1
24	3	1
24	4	1
24	5	1
25	0	0.99999910840039752
25	1	0.99999999999951461
25	2	1
25	3	1
25	4	1
25	5	1
26	0	0.9999997662000274
26	1	0.99999999999995548
26	2	1
26	3	1
26	4	1
26	5	1
29	0	0.99999841360125841
29	1	0.99999999999849654
29	2	1
29	3	1
29	4	1
29	5	1
29	6	1
31	0	0.99999822320157838
31	1	0.9999999999981467
31	2	0.99999999999999989
31	3	0.99999999999999989
31	4	0.99999999999999989
31	5	0.99999999999999989
31	6	0.99999999999999989
31	7	1
32	0	0.99999836800133168
32	1	0.99999999999841593
32	2	1
32	3	1
32	4	1
32	5	1
32	6	1
33	0	0.99999958980008408
33	1	0.99999999999988565
33	2	1
33	3	1
33	4	1
33	5	1
34	0	0.99999905680044476
34	1	0.9999999999994621
34	2	0.99999999999999989
34	3	0.99999999999999989
34	4	0.99999999999999989
34	5	0.99999999999999989
34	6	1
35	0	0.99999901320048679
35	1	0.9999999999992788
35	2	1
35	3	1
35	4	1
35	5	1
36	0	0.99999801120197773
36	1	0.99999999999734024
36	2	1
36	3	1
36	4	1
36	5	1
36	6	1
37	0	0.99999894360055808
37	1	0.99999999999919131
37	2	1
37	3	1
37	4	1
37	5	1
40	0	0.99999875320077714
40	1	0.99999999999909972
40	2	0.99999999999999989
40	3	0.99999999999999989
40	4	0.99999999999999989
40	5	0.99999999999999989
40	6	1
41	0	0.99999817760166054
41	1	0.99999999999805766
41	2	1
41	3	1
41	4	1
41	5	1
41	6	1
42	0	0.99999796560206933
42	1	0.99999999999723277
42	2	1
42	3	1
42	4	1
42	5	1
42	6	1
44	0	0.99999731360360833
44	1	0.99999999999597633
44	2	1
44	3	1
44	4	1
44	5	1
44	6	1
45	0	0.99999773160257277
45	1	0.99999999999707645
45	2	1
45	3	1
45	4	1
45	5	1
45	6	1
47	0	0.99999972660003733
47	1	0.99999999999994249
47	2	1
47	3	1
47	4	1
47	5	1
48	0	0.99999870160084292
48	1	0.99999999999902911
48	2	1
48	3	1
48	4	1
48	5	1
49	0	0.99999769000266792
49	1	0.99999999999697464
49	2	0.99999999999999978
49	3	0.99999999999999978
49	4	0.99999999999999978
49	5	0.99999999999999978
49	6	0.99999999999999978
49	7	1
50	0	0.99999863200093575
50	1	0.99999999999885281
50	2	1
50	3	1
50	4	1
50	5	1
52	0	0.9999995462001029
52	1	0.99999999999986355
52	2	0.99999999999999989
52	3	0.99999999999999989
52	4	0.99999999999999989
52	5	0.99999999999999989
52	6	1
54	0	0.99999832640140052
54	1	0.99999999999834088
54	2	1
54	3	1
54	4	1
54	5	1
54	6	1
55	0	0.99999857040102191
55	1	0.99999999999875711
55	2	1
55	3	1
55	4	1
55	5	1
56	0	0.99999764440277439
56	1	0.9999999999968614
56	2	1
56	3	1
56	4	1
56	5	1
56	6	1
57	0	0.99999851880109691
57	1	0.99999999999867395
57	2	0.99999999999999989
57	3	0.99999999999999989
57	4	0.99999999999999989
57	5	0.99999999999999989
57	6	1
61	0	0.99999760280287331
61	1	0.99999999999675615
61	2	1
61	3	1
61	4	1
61	5	1
61	6	1
62	0	0.99999731360360833
62	1	0.99999999999597633
62	2	1
62	3	1
62	4	1
62	5	1
62	6	1
64	0	0.99999756320296895
64	1	0.99999999999665423
64	2	1
64	3	1
64	4	1
64	5	1
64	6	1
65	0	0.99999751960307615
65	1	0.99999999999654032
65	2	1
65	3	1
65	4	1
65	5	1
65	6	1

[frame_wcrt_distribution]
frame_id	response_time_ms	probability
0	1.5327999999999997	0.99999846720117469
0	1.6873999999999998	1.5327974135554635e-06
0	1.8419999999999996	1.4117061996347871e-12
0	1.9965999999999997	1.0183932398686982e-18
0	2.1669999999999998	3.048366916752272e-39
0	2.3057999999999996	1.5064184206319812e-31
0	2.3395999999999999	6.3579279433473528e-25
0	2.4941999999999998	3.3021024189451978e-31
0	2.6487999999999996	7.3930332084594834e-38
1	1.8640000000000001	0.99999813600173726
1	2.0186000000000002	1.8639962373333963e-06
1	2.3616000000000006	2.0254176167681101e-12
1	2.4982000000000006	1.0382104335251053e-39
1	2.5162000000000004	2.0649791998794727e-18
1	2.637	2.1455799980189376e-32
1	2.6708000000000003	1.6001784754908938e-24
1	2.7915999999999999	3.1630077554961735e-38
1	2.8254000000000001	1.0594503380565782e-30
1	2.9800000000000004	4.6140676584359038e-37
3	1.9036000000000004	0.99999809640181181
3	2.2466000000000004	1.9035957233770435e-06
3	2.4012000000000007	2.4647753615742989e-12
3	2.5378000000000007	8.1151147711214807e-40
3	2.5558000000000005	2.2641680464025842e-18
3	2.6766000000000005	2.0603392735436208e-32
3	2.7104000000000004	1.7314765921882416e-24
3	2.8312000000000004	3.661874313802734e-38
3	2.8650000000000002	1.1526221869482357e-30
3	3.0196000000000005	5.0800026820516985e-37
4	2.522000000000002	0.99999747800318017
4	2.6766000000000019	2.5219932496238374e-06
4	2.8312000000000022	3.5701330922248936e-12
4	2.9678000000000013	1.6430203687262489e-39
4	2.985800000000002	3.7472611674242569e-18
4	3.2792000000000012	3.2545228303662472e-24
4	3.2950000000000017	2.2121836644834645e-31
4	3.4338000000000015	2.7078404602506881e-30
4	3.449600000000002	2.7335203169440427e-37
4	3.5884000000000014	1.5575421176421485e-36
4	1000.1546	1.1102230246251565e-16
5	2.5636000000000014	0.99999743640328598
5	2.7182000000000013	2.5635930316319532e-06
5	2.8728000000000016	3.6823444613456464e-12
5	3.0094000000000012	1.0382104335251053e-39
5	3.0274000000000014	3.9159515595529975e-18
5	3.3208000000000011	3.4414233806408222e-24
5	3.3366000000000016	1.2063795925991978e-31
5	3.4754000000000014	3.0048250579758342e-30
5	3.4912000000000014	3.1706158496581456e-37
5	3.6300000000000012	1.7565178720929633e-36
6	0.53239999999999998	0.99999946760014169
6	0.63100000000000001	5.32399664055706e-07
6	0.72960000000000003	1.942193782974903e-13
6	0.82820000000000005	6.0863495222165913e-20
6	0.92680000000000007	1.765974702099546e-26
6	1.0254000000000001	4.9048945980417708e-33
6	10.098599999999999	1.1102230246251565e-16
7	0.58200000000000007	0.99999941800016934
7	0.68060000000000009	5.8199960389093502e-07
7	0.77920000000000011	2.2674702331865064e-13
7	0.87780000000000014	7.474161987177732e-20
7	0.97640000000000016	2.2573278051232554e-26
7	1.0750000000000002	6.4770194509121808e-33
7	10.098599999999999	1.1102230246251565e-16
9	0.32300000000000001	0.9999996770000521
9	0.39660000000000001	3.2299987189822527e-07
9	0.47020000000000001	7.593726429428984e-14
9	0.54380000000000006	1.5919500696306487e-20
9	0.61739999999999995	3.1673123043237801e-27
9	0.69100000000000006	6.1366763170447425e-34
9	2.0735999999999999	1.1102230246251565e-16
10	0.36660000000000004	0.99999963340006726
10	0.44020000000000004	3.6659983862271539e-07
10	0.51380000000000003	9.4179491610564891e-14
10	0.58740000000000003	2.1081855852514256e-20
10	0.66100000000000003	4.4114901137790698e-27
10	0.73460000000000003	8.8964070127621557e-34
12	0.65159999999999996	0.99999934840021232
12	0.75019999999999998	6.5159951116986352e-07
12	0.8488	2.7653880527376317e-13
12	0.94740000000000002	9.7475657787518302e-20
12	1.046	3.1071658371428415e-26
12	1.1446000000000001	9.3199669815931651e-33
14	0.69520000000000004	0.99999930480024168
14	0.79380000000000006	6.9519944815045861e-07
14	0.89240000000000008	3.101979631792143e-13
14	0.9910000000000001	1.1379033910038494e-19
14	1.1882000000000001	4.5180256739026431e-33
14	1.2283999999999999	3.7471344134345467e-26
14	1.327	1.2230451658212161e-32
16	1.7252000000000001	0.99999827480148806
16	1.8798000000000001	1.7251967569720852e-06
16	2.0344000000000002	1.7548698698891064e-12
16	2.3594000000000004	3.048366916752272e-39
16	2.3774000000000002	1.3777762360042189e-18
16	2.4981999999999998	1.0875943166737066e-31
16	2.532	1.1848623796434866e-24
16	2.6866000000000003	6.9011839281455147e-31
16	2.8412000000000002	2.433575083213313e-37
16	50.154600000000002	1.1102230246251565e-16
17	0.74080000000000001	0.99999925920027444
17	0.83940000000000003	7.4079937817274108e-07
17	0.93800000000000006	3.4743487410593595e-13
17	1.0366	1.3266968014920519e-19
17	1.2338	5.6481326516479977e-33
17	1.274	4.5155049845383514e-26
17	1.3726	1.4924733171219047e-32
18	2.6032000000000011	0.99999739680338839
18	2.7578000000000009	2.6031928209049384e-06
18	2.9124000000000012	3.7907687997488741e-12
18	3.0490000000000004	8.1151147711214807e-40
18	3.2058000000000009	4.0811489440984109e-18
18	3.3604000000000007	4.193147118361345e-24
18	3.3762000000000008	6.3935090472938299e-32
18	3.5150000000000006	3.3849623084147943e-30
18	3.530800000000001	1.9085682563469637e-37
18	3.6696000000000009	2.0454541480006472e-36
19	0.1802	0.99999981980001618
19	0.24580000000000002	1.8019995570684548e-07
19	0.31140000000000001	2.8057131263008013e-14
19	0.377	4.2686060240685695e-21
19	0.44259999999999999	6.5099489286273191e-28
19	0.50819999999999999	1.0016407982786766e-34
20	1.9492000000000005	0.99999805080189963
20	2.2922000000000007	1.9491955320488816e-06
20	2.446800000000001	2.5682596359746418e-12
20	2.583400000000001	1.6430203687262489e-39
20	2.6014000000000008	2.3975942931967736e-18
20	2.7222000000000004	2.5788254011728108e-32
20	2.7560000000000007	1.8603313150616835e-24
20	2.8768000000000002	4.1960406600519108e-38
20	2.9106000000000005	1.2512920048577593e-30
20	3.0652000000000008	5.5571102913318725e-37
21	2.6448000000000014	0.99999735520349753
21	2.7994000000000012	2.6447925961572431e-06
21	2.9540000000000015	3.9063580606012497e-12
21	3.0906000000000011	1.0382104335251053e-39
21	3.2474000000000012	4.2596102248873088e-18
21	3.402000000000001	4.4204615263792327e-24
21	3.4178000000000015	7.1071583965534592e-32
21	3.5566000000000013	3.6002993037857967e-30
21	3.5724000000000014	2.107654553952248e-37
21	3.7112000000000012	2.1900242073152738e-36
22	0.78239999999999987	0.99999921760030619
22	0.88099999999999989	7.8239931070590429e-07
22	0.97959999999999992	3.832191445983424e-13
22	1.2169999999999999	1.5159180280866424e-19
22	1.2753999999999999	3.2095904971668555e-33
22	1.3155999999999999	7.4169128624438406e-26
22	1.4141999999999999	2.4951214469506668e-32
24	0.84399999999999986	0.99999915600035616
24	0.94259999999999988	8.4399920444597445e-07
24	1.0411999999999999	4.393859425111189e-13
24	1.2786	1.8274602796744622e-19
24	1.337	4.7019799831028661e-33
24	1.3772	9.2155452739028561e-26
24	1.4758	3.1304166903824226e-32
25	0.89159999999999984	0.99999910840039752
25	0.99019999999999986	8.9159911713811681e-07
25	1.2275999999999998	4.8538644413923652e-13
25	1.3261999999999998	2.7688528168249627e-19
25	1.3845999999999998	5.1378820834716252e-33
25	1.4247999999999998	1.1940875070998373e-25
25	1.5233999999999999	4.0142761036419691e-32
26	0.23380000000000001	0.9999997662000274
26	0.30740000000000001	2.337999281298908e-07
26	0.38100000000000001	4.4538883030682307e-14
26	0.4546	8.0528928738207388e-21
26	0.5282	1.4355827339149336e-27
26	0.6018	2.5554758549084446e-34
29	1.5864	0.99999841360125841
29	1.7410000000000001	1.5863972380800047e-06
29	1.8956	1.5035870697976527e-12
29	2.0502000000000002	1.1113555400725377e-18
29	2.2206000000000001	1.3610212993976972e-38
29	2.3593999999999999	1.7172261148164648e-31
29	2.3932000000000002	7.0844806888058432e-25
29	2.5478000000000001	3.7142150037381787e-31
29	2.7023999999999999	8.2090278689466295e-38
31	1.7768000000000002	0.99999822320157838
31	1.9314000000000002	1.7767965682917932e-06
31	2.2744000000000004	1.8531981850812564e-12
31	2.4110000000000005	3.048366916752272e-39
31	2.4290000000000003	1.8358135993046845e-18
31	2.5498000000000003	1.0548875427448334e-31
31	2.5836000000000001	1.3842612553562177e-24
31	2.7382	8.0647492894111126e-31
31	2.8928000000000003	2.734271020963806e-37
31	50.154600000000002	1.1102230246251565e-16
32	1.6319999999999999	0.99999836800133168
32	1.7866	1.6319970842714042e-06
32	1.9411999999999998	1.584016125104918e-12
32	2.2662000000000004	1.6430203687262489e-39
32	2.2842000000000002	1.1947239890883513e-18
32	2.4049999999999998	8.3249977944182364e-32
32	2.4388000000000001	1.0000597481819391e-24
32	2.5933999999999999	5.7374269687334677e-31
32	2.7480000000000002	1.3405195286328109e-37
33	0.41020000000000001	0.99999958980008408
33	0.48380000000000001	4.1019980154528776e-07
33	0.55740000000000001	1.1432267627652262e-13
33	0.63100000000000001	2.7220923190258744e-20
33	0.7046	5.97877245295658e-27
33	0.7782	1.2536578700186485e-33
34	0.94319999999999982	0.99999905680044476
34	1.0417999999999998	9.4319901737475179e-07
34	1.2791999999999999	5.3781195203051123e-13
34	1.3777999999999999	3.1596898028963834e-19
34	1.4361999999999999	6.7658202913173352e-33
34	1.4763999999999999	1.4008879485996286e-25
34	1.575	4.770696893064649e-32
34	10.098599999999999	1.1102230246251565e-16
35	0.98679999999999979	0.99999901320048679
35	1.2241999999999997	9.8679879196017959e-07
35	1.3227999999999998	7.2115248605886117e-13
35	1.4213999999999998	3.7465301446249358e-19
35	1.4797999999999998	6.2206730710038508e-33
35	1.5199999999999998	1.6382685094690246e-25
35	1.6185999999999998	5.7976421203639627e-32
36	1.9888000000000003	0.99999801120197773
36	2.3318000000000003	1.9887953625215667e-06
36	2.4864000000000006	2.6598145066289922e-12
36	2.6230000000000007	8.1151147711214807e-40
36	2.6410000000000005	2.5175887139300994e-18
36	2.7618	2.4600326517310366e-32
36	2.7956000000000003	1.9779108325611177e-24
36	2.9164000000000003	4.8900572745306403e-38
36	2.9502000000000006	1.3484853957499324e-30
36	3.1048000000000004	6.1493915140968247e-37
37	1.0563999999999998	0.99999894360055808
37	1.2937999999999998	1.056398633230564e-06
37	1.3923999999999999	8.0877871385573547e-13
37	1.4909999999999999	4.3846772314280376e-19
37	1.5493999999999999	7.7976683037423234e-33
37	1.5895999999999999	1.9915196113986855e-25
37	1.6881999999999999	7.2919106173044605e-32
40	1.2467999999999997	0.99999875320077714
40	1.3453999999999997	1.2467983225564074e-06
40	1.4439999999999997	9.0018830012715716e-13
40	1.5425999999999997	4.9448318433765151e-19
40	1.6009999999999998	3.048366916752272e-39
40	1.6411999999999998	2.2965154103271064e-25
40	1.7397999999999998	9.5194569771244888e-32
40	10.098599999999999	1.1102230246251565e-16
41	1.8224000000000002	0.99999817760166054
41	1.9770000000000003	1.8223963971187617e-06
41	2.3200000000000007	1.9423094138369376e-12
41	2.4566000000000008	1.6430203687262489e-39
41	2.4746000000000006	1.9534532928158414e-18
41	2.5954000000000002	1.196713774930591e-31
41	2.6292000000000004	1.4942823432212396e-24
41	2.7838000000000003	8.778002837999378e-31
41	2.9384000000000006	3.0614800141202158e-37
42	2.0344000000000007	0.99999796560206933
42	2.3774000000000006	2.0343951634231894e-06
42	2.5320000000000009	2.7671838734815667e-12
42	2.6686000000000005	1.6430203687262489e-39
42	2.6866000000000008	2.6605979490466226e-18
42	2.8074000000000003	4.2930426296444148e-37
42	2.8412000000000006	2.1200673041670674e-24
42	2.9620000000000006	5.5679721037621602e-38
42	2.9958000000000009	1.4906594165769024e-30
42	3.1504000000000008	6.7030382636521044e-37
44	2.6864000000000012	0.99999731360360833
44	2.8410000000000011	2.6863923679484433e-06
44	2.9956000000000014	4.0236778666525396e-12
44	3.132200000000001	1.0382104335251053e-39
44	3.289000000000001	4.4431835482546338e-18
44	3.4436000000000009	4.6568265501220501e-24
44	3.4594000000000014	7.5582404693039091e-32
44	3.5982000000000012	3.829532070109411e-30
44	3.6140000000000012	2.335823377152003e-37
44	3.752800000000001	2.3505356776682445e-36
45	2.2684000000000011	0.99999773160257277
45	2.4230000000000009	2.2683945036734605e-06
45	2.5776000000000012	2.9235063843602387e-12
45	2.7142000000000008	3.6867414279053032e-39
45	2.7322000000000011	2.8222285157393908e-18
45	2.8868000000000009	2.2738260259383825e-24
45	3.0076000000000009	6.2824128470187135e-38
45	3.0414000000000012	1.6174515444434739e-30
45	3.1960000000000011	7.2643333792338935e-37
47	0.27339999999999998	0.99999972660003733
47	0.34699999999999998	2.7339990513021636e-07
47	0.42059999999999997	5.7495995817179008e-14
47	0.49419999999999997	1.1128907362759267e-20
47	0.56779999999999997	2.0853222951451913e-27
47	0.64139999999999997	3.8559629972432537e-34
48	1.2983999999999998	0.99999870160084292
48	1.3969999999999998	1.2983981861364677e-06
48	1.4955999999999998	9.709420678579593e-13
48	1.5941999999999998	5.4997401892672095e-19
48	1.6525999999999998	3.048366916752272e-39
48	1.6927999999999999	2.6243000033980284e-25
48	1.7913999999999999	1.1142864351170753e-31
49	2.3100000000000009	0.99999769000266792
49	2.4646000000000008	2.3099943067810154e-06
49	2.6192000000000011	3.025168076469403e-12
49	2.7558000000000007	1.0382104335251053e-39
49	2.7738000000000009	2.9621688629246283e-18
49	2.9284000000000008	2.4170779747302669e-24
49	3.0492000000000008	7.4317028817140608e-38
49	3.0830000000000011	4.7658024095296582e-31
49	3.2218000000000009	1.2625154683869089e-30
49	3.2376000000000009	4.7723653678952126e-37
49	3.3764000000000007	5.3851375956687584e-37
49	100.1546	2.2204460492503131e-16
50	1.3679999999999997	0.99999863200093575
50	1.5225999999999997	1.3679979170847844e-06
50	1.6771999999999996	1.1472028759097212e-12
50	1.8317999999999997	7.6505060129902338e-19
50	1.9863999999999997	4.4675982549440794e-25
50	2.0021999999999993	3.681662677637311e-37
50	2.1409999999999996	2.3953558960123711e-31
52	0.45379999999999998	0.9999995462001029
52	0.52739999999999998	4.5379976066594284e-07
52	0.60099999999999998	1.3636681804351789e-13
52	0.67459999999999998	3.441958438187383e-20
52	0.74819999999999998	7.9196508684915813e-27
52	0.82179999999999997	1.7248347415428168e-33
52	5.0735999999999999	1.1102230246251565e-16
54	1.6736	0.99999832640140052
54	1.8282	1.6735969403272773e-06
54	1.9827999999999999	1.6592037501275455e-12
54	2.3078000000000003	1.0382104335251053e-39
54	2.3258000000000001	1.2742980450234922e-18
54	2.4466000000000001	9.3301189211360127e-32
54	2.4803999999999999	1.0796985131715944e-24
54	2.6349999999999998	6.2432841377295178e-31
54	2.7896000000000001	2.2094763630753084e-37
55	1.4295999999999995	0.99999857040102191
55	1.5841999999999996	1.4295977352294731e-06
55	1.7387999999999995	1.2428920788573766e-12
55	1.8933999999999995	8.541757002648645e-19
55	2.0479999999999996	5.116727226233237e-25
55	2.0637999999999996	7.3913248160757259e-39
55	2.2025999999999994	2.8039805186033161e-31
56	2.3556000000000012	0.99999764440277439
56	2.5102000000000011	2.3555940869803003e-06
56	2.6648000000000014	3.1385930762660282e-12
56	2.801400000000001	1.6430203687262489e-39
56	2.8194000000000012	3.1207750242104923e-18
56	2.9740000000000011	2.5817364414200014e-24
56	3.0948000000000011	8.4399540861518818e-38
56	3.1286000000000014	5.1188255968555252e-31
56	3.2674000000000012	1.3688155784808294e-30
56	3.2832000000000012	5.2236254333059681e-37
56	3.422000000000001	5.8302806927242062e-37
57	1.4811999999999996	0.99999851880109691
57	1.6357999999999997	1.4811975770550198e-06
57	1.7903999999999995	1.3259678659850067e-12
57	1.9449999999999996	9.3390095522754103e-19
57	2.1154000000000002	3.048366916752272e-39
57	2.2541999999999995	1.3259134946211811e-31
57	2.2879999999999998	5.712302006302547e-25
57	2.4425999999999997	2.9374259914861869e-31
57	10.1546	1.1102230246251565e-16
61	2.3972000000000011	0.99999760280287331
61	2.551800000000001	2.3971938828328444e-06
61	2.7064000000000012	3.2438822607451737e-12
61	2.8430000000000009	1.0382104335251053e-39
61	2.8610000000000011	3.2702992271938762e-18
61	3.0156000000000009	2.7391317475325458e-24
61	3.1702000000000012	3.3058844441406225e-31
61	3.3090000000000011	1.6871657940674607e-30
61	3.3248000000000011	5.5987641733427331e-37
61	3.4636000000000009	8.3286568515021345e-37
62	2.6864000000000017	0.99999731360360833
62	2.8410000000000015	2.6863923679484441e-06
62	2.9956000000000018	4.0236778666525404e-12
62	3.132200000000001	1.0382104335251053e-39
62	3.289000000000001	4.4431835482546369e-18
62	3.4436000000000009	4.6568265501220509e-24
62	3.4594000000000014	7.5582404693039113e-32
62	3.5982000000000012	3.8295320701094103e-30
62	3.6140000000000017	2.3358233771520042e-37
62	3.752800000000001	2.3505356776682442e-36
64	2.4368000000000012	0.99999756320296895
64	2.591400000000001	2.4367936852846615e-06
64	2.7460000000000013	3.3457172126479232e-12
64	2.8826000000000009	8.1151147711214807e-40
64	2.9006000000000012	3.4169849122205297e-18
64	3.1940000000000008	2.8955174944166235e-24
64	3.2098000000000013	1.9292969541462862e-31
64	3.3486000000000011	2.3644734702549966e-30
64	3.3644000000000012	2.312042522777328e-37
64	3.503200000000001	1.3411146277052104e-36
65	2.4804000000000013	0.99999751960307615
65	2.6350000000000011	2.4803934641546098e-06
65	2.7896000000000014	3.4596522689405694e-12
65	2.9262000000000015	1.312959050936332e-39
65	2.9442000000000013	3.583470308307196e-18
65	3.2376000000000009	3.0753157806261291e-24
65	3.253400000000001	2.0841531558730081e-31
65	3.3922000000000008	2.5341736205806519e-30
65	3.4080000000000013	2.5149440984567903e-37
65	3.5468000000000011	1.4461200849869746e-36

[frame_wcrt_cdf]
frame_id	response_time_ms	cumulative_probability
0	1.5327999999999997	0.99999846720117469
0	1.6873999999999998	0.99999999999858824
0	1.8419999999999996	1
0	1.9965999999999997	1
0	2.1669999999999998	1
0	2.3057999999999996	1
0	2.3395999999999999	1
0	2.4941999999999998	1
0	2.6487999999999996	1
1	1.8640000000000001	0.99999813600173726
1	2.0186000000000002	0.99999999999797462
1	2.3616000000000006	1
1	2.4982000000000006	1
1	2.5162000000000004	1
1	2.637	1
1	2.6708000000000003	1
1	2.7915999999999999	1
1	2.8254000000000001	1
1	2.9800000000000004	1
3	1.9036000000000004	0.99999809640181181
3	2.2466000000000004	0.99999999999753519
3	2.4012000000000007	1
3	2.5378000000000007	1
3	2.5558000000000005	1
3	2.6766000000000005	1
3	2.7104000000000004	1
3	2.8312000000000004	1
3	2.8650000000000002	1
3	3.0196000000000005	1
4	2.522000000000002	0.99999747800318017
4	2.6766000000000019	0.99999999999642974
4	2.8312000000000022	0.99999999999999989
4	2.9678000000000013	0.99999999999999989
4	2.985800000000002	0.99999999999999989
4	3.2792000000000012	0.99999999999999989
4	3.2950000000000017	0.99999999999999989
4	3.4338000000000015	0.99999999999999989
4	3.449600000000002	0.99999999999999989
4	3.5884000000000014	0.99999999999999989
4	1000.1546	1
5	2.5636000000000014	0.99999743640328598
5	2.7182000000000013	0.99999999999631761
5	2.8728000000000016	1
5	3.0094000000000012	1
5	3.0274000000000014	1
5	3.3208000000000011	1
5	3.3366000000000016	1
5	3.4754000000000014	1
5	3.4912000000000014	1
5	3.6300000000000012	1
6	0.53239999999999998	0.99999946760014169
6	0.63100000000000001	0.99999999999980571
6	0.72960000000000003	0.99999999999999989
6	0.82820000000000005	0.99999999999999989
6	0.92680000000000007	0.99999999999999989
6	1.0254000000000001	0.99999999999999989
6	10.098599999999999	1
7	0.58200000000000007	0.99999941800016934
7	0.68060000000000009	0.99999999999977318
7	0.77920000000000011	0.99999999999999989
7	0.87780000000000014	0.99999999999999989
7	0.97640000000000016	0.99999999999999989
7	1.0750000000000002	0.99999999999999989
7	10.098599999999999	1
9	0.32300000000000001	0.9999996770000521
9	0.39660000000000001	0.99999999999992395
9	0.47020000000000001	0.99999999999999989
9	0.54380000000000006	0.99999999999999989
9	0.61739999999999995	0.99999999999999989
9	0.69100000000000006	0.99999999999999989
9	2.0735999999999999	1
10	0.36660000000000004	0.99999963340006726
10	0.44020000000000004	0.99999999999990585
10	0.51380000000000003	1
10	0.58740000000000003	1
10	0.66100000000000003	1
10	0.73460000000000003	1
12	0.65159999999999996	0.99999934840021232
12	0.75019999999999998	0.99999999999972344
12	0.8488	1
12	0.94740000000000002	1
12	1.046	1
12	1.1446000000000001	1
14	0.69520000000000004	0.99999930480024168
14	0.79380000000000006	0.9999999999996898
14	0.89240000000000008	1
14	0.9910000000000001	1
14	1.1882000000000001	1
14	1.2283999999999999	1
14	1.327	1
16	1.7252000000000001	0.99999827480148806
16	1.8798000000000001	0.99999999999824507
16	2.0344000000000002	0.99999999999999989
16	2.3594000000000004	0.99999999999999989
16	2.3774000000000002	0.99999999999999989
16	2.4981999999999998	0.99999999999999989
16	2.532	0.99999999999999989
16	2.6866000000000003	0.99999999999999989
16	2.8412000000000002	0.99999999999999989
16	50.154600000000002	1
17	0.74080000000000001	0.99999925920027444
17	0.83940000000000003	0.99999999999965261
17	0.93800000000000006	1
17	1.0366	1
17	1.2338	1
17	1.274	1
17	1.3726	1
18	2.6032000000000011	0.99999739680338839
18	2.7578000000000009	0.99999999999620925
18	2.9124000000000012	1
18	3.0490000000000004	1
18	3.2058000000000009	1
18	3.3604000000000007	1
18	3.3762000000000008	1
18	3.5150000000000006	1
18	3.530800000000001	1
18	3.6696000000000009	1
19	0.1802	0.99999981980001618
19	0.24580000000000002	0.99999999999997191
19	0.31140000000000001	1
19	0.377	1
19	0.44259999999999999	1
19	0.50819999999999999	1
20	1.9492000000000005	0.99999805080189963
20	2.2922000000000007	0.99999999999743172
20	2.446800000000001	1
20	2.583400000000001	1
20	2.6014000000000008	1
20	2.7222000000000004	1
20	2.7560000000000007	1
20	2.8768000000000002	1
20	2.9106000000000005	1
20	3.0652000000000008	1
21	2.6448000000000014	0.99999735520349753
21	2.7994000000000012	0.99999999999609368
21	2.9540000000000015	1
21	3.0906000000000011	1
21	3.2474000000000012	1
21	3.402000000000001	1
21	3.4178000000000015	1
21	3.5566000000000013	1
21	3.5724000000000014	1
21	3.7112000000000012	1
22	0.78239999999999987	0.99999921760030619
22	0.88099999999999989	0.99999999999961686
22	0.97959999999999992	1
22	1.2169999999999999	1
22	1.2753999999999999	1
22	1.3155999999999999	1
22	1.4141999999999999	1
24	0.84399999999999986	0.99999915600035616
24	0.94259999999999988	0.99999999999956057
24	1.0411999999999999	1
24	1.2786	1
24	1.337	1
24	1.3772	1
24	1.4758	1
25	0.89159999999999984	0.99999910840039752
25	0.99019999999999986	0.99999999999951461
25	1.2275999999999998	1
25	1.3261999999999998	1
25	1.3845999999999998	1
25	1.4247999999999998	1
25	1.5233999999999999	1
26	0.23380000000000001	0.9999997662000274
26	0.30740000000000001	0.99999999999995548
26	0.38100000000000001	1
26	0.4546	1
26	0.5282	1
26	0.6018	1
29	1.5864	0.99999841360125841
29	1.7410000000000001	0.99999999999849654
29	1.8956	1
29	2.0502000000000002	1
29	2.2206000000000001	1
29	2.3593999999999999	1
29	2.3932000000000002	1
29	2.5478000000000001	1
29	2.7023999999999999	1
31	1.7768000000000002	0.99999822320157838
31	1.9314000000000002	0.9999999999981467
31	2.2744000000000004	0.99999999999999989
31	2.4110000000000005	0.99999999999999989
31	2.4290000000000003	0.99999999999999989
31	2.5498000000000003	0.99999999999999989
31	2.5836000000000001	0.99999999999999989
31	2.7382	0.99999999999999989
31	2.8928000000000003	0.99999999999999989
31	50.154600000000002	1
32	1.6319999999999999	0.99999836800133168
32	1.7866	0.99999999999841593
32	1.9411999999999998	1
32	2.2662000000000004	1
32	2.2842000000000002	1
32	2.4049999999999998	1
32	2.4388000000000001	1
32	2.5933999999999999	1
32	2.7480000000000002	1
33	0.41020000000000001	0.99999958980008408
33	0.48380000000000001	0.99999999999988565
33	0.55740000000000001	1
33	0.63100000000000001	1
33	0.7046	1
33	0.7782	1
34	0.94319999999999982	0.99999905680044476
34	1.0417999999999998	0.9999999999994621
34	1.2791999999999999	0.99999999999999989
34	1.3777999999999999	0.99999999999999989
34	1.4361999999999999	0.99999999999999989
34	1.4763999999999999	0.99999999999999989
34	1.575	0.99999999999999989
34	10.098599999999999	1
35	0.98679999999999979	0.99999901320048679
35	1.2241999999999997	0.9999999999992788
35	1.3227999999999998	1
35	1.4213999999999998	1
35	1.4797999999999998	1
35	1.5199999999999998	1
35	1.6185999999999998	1
36	1.9888000000000003	0.99999801120197773
36	2.3318000000000003	0.99999999999734024
36	2.4864000000000006	1
36	2.6230000000000007	1
36	2.6410000000000005	1
36	2.7618	1
36	2.7956000000000003	1
36	2.9164000000000003	1
36	2.9502000000000006	1
36	3.1048000000000004	1
37	1.0563999999999998	0.99999894360055808
37	1.2937999999999998	0.99999999999919131
37	1.3923999999999999	1
37	1.4909999999999999	1
37	1.5493999999999999	1
37	1.5895999999999999	1
37	1.6881999999999999	1
40	1.2467999999999997	0.99999875320077714
40	1.3453999999999997	0.99999999999909972
40	1.4439999999999997	0.99999999999999989
40	1.5425999999999997	0.99999999999999989
40	1.6009999999999998	0.99999999999999989
40	1.6411999999999998	0.99999999999999989
40	1.7397999999999998	0.99999999999999989
40	10.098599999999999	1
41	1.8224000000000002	0.99999817760166054
41	1.9770000000000003	0.99999999999805766
41	2.3200000000000007	1
41	2.4566000000000008	1
41	2.4746000000000006	1
41	2.5954000000000002	1
41	2.6292000000000004	1
41	2.7838000000000003	1
41	2.9384000000000006	1
42	2.0344000000000007	0.99999796560206933
42	2.3774000000000006	0.99999999999723277
42	2.5320000000000009	1
42	2.6686000000000005	1
42	2.6866000000000008	1
42	2.8074000000000003	1
42	2.8412000000000006	1
42	2.9620000000000006	1
42	2.9958000000000009	1
42	3.1504000000000008	1
44	2.6864000000000012	0.99999731360360833
44	2.8410000000000011	0.99999999999597633
44	2.9956000000000014	1
44	3.132200000000001	1
44	3.289000000000001	1
44	3.4436000000000009	1
44	3.4594000000000014	1
44	3.5982000000000012	1
44	3.6140000000000012	1
44	3.752800000000001	1
45	2.2684000000000011	0.99999773160257277
45	2.4230000000000009	0.99999999999707645
45	2.5776000000000012	1
45	2.7142000000000008	1
45	2.7322000000000011	1
45	2.8868000000000009	1
45	3.0076000000000009	1
45	3.0414000000000012	1
45	3.1960000000000011	1
47	0.27339999999999998	0.99999972660003733
47	0.34699999999999998	0.99999999999994249
47	0.42059999999999997	1
47	0.49419999999999997	1
47	0.56779999999999997	1
47	0.64139999999999997	1
48	1.2983999999999998	0.99999870160084292
48	1.3969999999999998	0.99999999999902911
48	1.4955999999999998	1
48	1.5941999999999998	1
48	1.6525999999999998	1
48	1.6927999999999999	1
48	1.7913999999999999	1
49	2.3100000000000009	0.99999769000266792
49	2.4646000000000008	0.99999999999697464
49	2.6192000000000011	0.99999999999999978
49	2.7558000000000007	0.99999999999999978
49	2.7738000000000009	0.99999999999999978
49	2.9284000000000008	0.99999999999999978
49	3.0492000000000008	0.99999999999999978
49	3.0830000000000011	0.99999999999999978
49	3.2218000000000009	0.99999999999999978
49	3.2376000000000009	0.99999999999999978
49	3.3764000000000007	0.99999999999999978
49	100.1546	1
50	1.3679999999999997	0.99999863200093575
50	1.5225999999999997	0.99999999999885281
50	1.6771999999999996	1
50	1.8317999999999997	1
50	1.9863999999999997	1
50	2.0021999999999993	1
50	2.1409999999999996	1
52	0.45379999999999998	0.9999995462001029
52	0.52739999999999998	0.99999999999986355
52	0.60099999999999998	0.99999999999999989
52	0.67459999999999998	0.99999999999999989
52	0.74819999999999998	0.99999999999999989
52	0.82179999999999997	0.99999999999999989
52	5.0735999999999999	1
54	1.6736	0.99999832640140052
54	1.8282	0.99999999999834088
54	1.9827999999999999	1
54	2.3078000000000003	1
54	2.3258000000000001	1
54	2.4466000000000001	1
54	2.4803999999999999	1
54	2.6349999999999998	1
54	2.7896000000000001	1
55	1.4295999999999995	0.99999857040102191
55	1.5841999999999996	0.99999999999875711
55	1.7387999999999995	1
55	1.8933999999999995	1
55	2.0479999999999996	1
55	2.0637999999999996	1
55	2.2025999999999994	1
56	2.3556000000000012	0.99999764440277439
56	2.5102000000000011	0.9999999999968614
56	2.6648000000000014	1
56	2.801400000000001	1
56	2.8194000000000012	1
56	2.9740000000000011	1
56	3.0948000000000011	1
56	3.1286000000000014	1
56	3.2674000000000012	1
56	3.2832000000000012	1
56	3.422000000000001	1
57	1.4811999999999996	0.99999851880109691
57	1.6357999999999997	0.99999999999867395
57	1.7903999999999995	0.99999999999999989
57	1.9449999999999996	0.99999999999999989
57	2.1154000000000002	0.99999999999999989
57	2.2541999999999995	0.99999999999999989
57	2.2879999999999998	0.99999999999999989
57	2.4425999999999997	0.99999999999999989
57	10.1546	1
61	2.3972000000000011	0.99999760280287331
61	2.551800000000001	0.99999999999675615
61	2.7064000000000012	1
61	2.8430000000000009	1
61	2.8610000000000011	1
61	3.0156000000000009	1
61	3.1702000000000012	1
61	3.3090000000000011	1
61	3.3248000000000011	1
61	3.4636000000000009	1
62	2.6864000000000017	0.99999731360360833
62	2.8410000000000015	0.99999999999597633
62	2.9956000000000018	1
62	3.132200000000001	1
62	3.289000000000001	1
62	3.4436000000000009	1
62	3.4594000000000014	1
62	3.5982000000000012	1
62	3.6140000000000017	1
62	3.752800000000001	1
64	2.4368000000000012	0.99999756320296895
64	2.591400000000001	0.99999999999665423
64	2.7460000000000013	1
64	2.8826000000000009	1
64	2.9006000000000012	1
64	3.1940000000000008	1
64	3.2098000000000013	1
64	3.3486000000000011	1
64	3.3644000000000012	1
64	3.503200000000001	1
65	2.4804000000000013	0.99999751960307615
65	2.6350000000000011	0.99999999999654032
65	2.7896000000000014	1
65	2.9262000000000015	1
65	2.9442000000000013	1
65	3.2376000000000009	1
65	3.253400000000001	1
65	3.3922000000000008	1
65	3.4080000000000013	1
65	3.5468000000000011	1

[frame_distribution_quantiles]
frame_id	retry_q50	retry_q90	retry_q95	retry_q99	wcrt_q50_ms	wcrt_q90_ms	wcrt_q95_ms	wcrt_q99_ms
0	0	0	0	0	1.5327999999999997	1.5327999999999997	1.5327999999999997	1.5327999999999997
1	0	0	0	0	1.8640000000000001	1.8640000000000001	1.8640000000000001	1.8640000000000001
3	0	0	0	0	1.9036000000000004	1.9036000000000004	1.9036000000000004	1.9036000000000004
4	0	0	0	0	2.522000000000002	2.522000000000002	2.522000000000002	2.522000000000002
5	0	0	0	0	2.5636000000000014	2.5636000000000014	2.5636000000000014	2.5636000000000014
6	0	0	0	0	0.53239999999999998	0.53239999999999998	0.53239999999999998	0.53239999999999998
7	0	0	0	0	0.58200000000000007	0.58200000000000007	0.58200000000000007	0.58200000000000007
9	0	0	0	0	0.32300000000000001	0.32300000000000001	0.32300000000000001	0.32300000000000001
10	0	0	0	0	0.36660000000000004	0.36660000000000004	0.36660000000000004	0.36660000000000004
12	0	0	0	0	0.65159999999999996	0.65159999999999996	0.65159999999999996	0.65159999999999996
14	0	0	0	0	0.69520000000000004	0.69520000000000004	0.69520000000000004	0.69520000000000004
16	0	0	0	0	1.7252000000000001	1.7252000000000001	1.7252000000000001	1.7252000000000001
17	0	0	0	0	0.74080000000000001	0.74080000000000001	0.74080000000000001	0.74080000000000001
18	0	0	0	0	2.6032000000000011	2.6032000000000011	2.6032000000000011	2.6032000000000011
19	0	0	0	0	0.1802	0.1802	0.1802	0.1802
20	0	0	0	0	1.9492000000000005	1.9492000000000005	1.9492000000000005	1.9492000000000005
21	0	0	0	0	2.6448000000000014	2.6448000000000014	2.6448000000000014	2.6448000000000014
22	0	0	0	0	0.78239999999999987	0.78239999999999987	0.78239999999999987	0.78239999999999987
24	0	0	0	0	0.84399999999999986	0.84399999999999986	0.84399999999999986	0.84399999999999986
25	0	0	0	0	0.89159999999999984	0.89159999999999984	0.89159999999999984	0.89159999999999984
26	0	0	0	0	0.23380000000000001	0.23380000000000001	0.23380000000000001	0.23380000000000001
29	0	0	0	0	1.5864	1.5864	1.5864	1.5864
31	0	0	0	0	1.7768000000000002	1.7768000000000002	1.7768000000000002	1.7768000000000002
32	0	0	0	0	1.6319999999999999	1.6319999999999999	1.6319999999999999	1.6319999999999999
33	0	0	0	0	0.41020000000000001	0.41020000000000001	0.41020000000000001	0.41020000000000001
34	0	0	0	0	0.94319999999999982	0.94319999999999982	0.94319999999999982	0.94319999999999982
35	0	0	0	0	0.98679999999999979	0.98679999999999979	0.98679999999999979	0.98679999999999979
36	0	0	0	0	1.9888000000000003	1.9888000000000003	1.9888000000000003	1.9888000000000003
37	0	0	0	0	1.0563999999999998	1.0563999999999998	1.0563999999999998	1.0563999999999998
40	0	0	0	0	1.2467999999999997	1.2467999999999997	1.2467999999999997	1.2467999999999997
41	0	0	0	0	1.8224000000000002	1.8224000000000002	1.8224000000000002	1.8224000000000002
42	0	0	0	0	2.0344000000000007	2.0344000000000007	2.0344000000000007	2.0344000000000007
44	0	0	0	0	2.6864000000000012	2.6864000000000012	2.6864000000000012	2.6864000000000012
45	0	0	0	0	2.2684000000000011	2.2684000000000011	2.2684000000000011	2.2684000000000011
47	0	0	0	0	0.27339999999999998	0.27339999999999998	0.27339999999999998	0.27339999999999998
48	0	0	0	0	1.2983999999999998	1.2983999999999998	1.2983999999999998	1.2983999999999998
49	0	0	0	0	2.3100000000000009	2.3100000000000009	2.3100000000000009	2.3100000000000009
50	0	0	0	0	1.3679999999999997	1.3679999999999997	1.3679999999999997	1.3679999999999997
52	0	0	0	0	0.45379999999999998	0.45379999999999998	0.45379999999999998	0.45379999999999998
54	0	0	0	0	1.6736	1.6736	1.6736	1.6736
55	0	0	0	0	1.4295999999999995	1.4295999999999995	1.4295999999999995	1.4295999999999995
56	0	0	0	0	2.3556000000000012	2.3556000000000012	2.3556000000000012	2.3556000000000012
57	0	0	0	0	1.4811999999999996	1.4811999999999996	1.4811999999999996	1.4811999999999996
61	0	0	0	0	2.3972000000000011	2.3972000000000011	2.3972000000000011	2.3972000000000011
62	0	0	0	0	2.6864000000000017	2.6864000000000017	2.6864000000000017	2.6864000000000017
64	0	0	0	0	2.4368000000000012	2.4368000000000012	2.4368000000000012	2.4368000000000012
65	0	0	0	0	2.4804000000000013	2.4804000000000013	2.4804000000000013	2.4804000000000013

[signal_summary]
code	frame_id	period_ms	level	type	p_timeout	expected_wcrt_ms	wcrt_p95_ms	threshold_wcrt_ms	expected_retry_count	p_threshold
49467399	16	100	0	0	1.1102230246251565e-16	1.7252002667159667	1.7252000000000001	1.7252000000000001	1.7252002674931145e-06	1
61596051	6	10	2	0	1.1102230246251565e-16	0.53240005249464617	0.53239999999999998	0.63100000000000001	5.3240005316077909e-07	2.7777777777777779e-13
92224236	50	20	0	0	0	1.3680002114928322	1.3679999999999997	1.3679999999999997	1.3680002114928314e-06	1
130812397	31	100	0	0	1.1102230246251565e-16	1.7768002746936771	1.7768000000000002	1.7768000000000002	1.776800275470827e-06	1
132913552	50	20	0	0	0	1.3680002114928322	1.3679999999999997	1.3679999999999997	1.3680002114928314e-06	1
150072699	25	10	0	0	0	0.89160008791183598	0.89159999999999984	0.89159999999999984	8.9160008791183569e-07	1
229584727	21	1000	0	0	0	2.6448004088861445	2.6448000000000014	2.6448000000000014	2.6448004088861429e-06	1
244025583	40	20	0	0	1.1102230246251565e-16	1.2468001229344927	1.2467999999999997	1.2467999999999997	1.2468001236006249e-06	1
248778393	56	100	0	0	0	2.3556003641758174	2.3556000000000012	2.3556000000000012	2.3556003641758152e-06	1
455483662	29	20	3	0	0	1.5864002452574781	1.5864	1.8956	1.5864002452574784e-06	5.5555555555555561e-14
574196620	26	1	0	0	0	0.23380001720768126	0.23380000000000001	0.23380000000000001	2.3380001720768104e-07	1
709123573	22	20	0	0	0	0.78240007714464754	0.78239999999999987	0.78239999999999987	7.8240007714464822e-07	1
740923300	55	10	0	0	0	1.4296002210161938	1.4295999999999995	1.4295999999999995	1.4296002210161933e-06	1
744942475	48	10	0	0	0	1.2984001280222524	1.2983999999999998	1.2983999999999998	1.2984001280222534e-06	1
809330550	55	10	2	0	0	1.4296002210161938	1.4295999999999995	1.7387999999999995	1.4296002210161933e-06	2.7777777777777779e-13
830638243	6	20	0	0	1.1102230246251565e-16	0.53240005249464617	0.53239999999999998	0.53239999999999998	5.3240005316077909e-07	1
859029944	61	100	0	0	0	2.3972003706071785	2.3972000000000011	2.3972000000000011	2.3972003706071769e-06	1
902374145	49	100	0	0	2.2204460492503131e-16	2.3100003571260781	2.3100000000000009	2.3100000000000009	2.3100003586803671e-06	1
916857225	52	5	0	0	1.1102230246251565e-16	0.45380003339968294	0.45379999999999998	0.45379999999999998	4.5380003406581601e-07	1
930609953	18	1000	2	0	0	2.6032004024547835	2.6032000000000011	2.7578000000000009	2.6032004024547812e-06	2.7777777777777777e-11
936103271	17	10	0	0	0	0.7408000730428872	0.74080000000000001	0.74080000000000001	7.4080007304288731e-07	1
937312896	22	10	2	0	0	0.78240007714464754	0.78239999999999987	0.97959999999999992	7.8240007714464822e-07	2.7777777777777779e-13
944917096	50	10	0	0	0	1.3680002114928322	1.3679999999999997	1.3679999999999997	1.3680002114928314e-06	1
993787669	50	20	0	0	0	1.3680002114928322	1.3679999999999997	1.3679999999999997	1.3680002114928314e-06	1
1020797981	9	2	0	0	1.1102230246251565e-16	0.32300002377280196	0.32300000000000001	0.32300000000000001	3.2300002443893544e-07	1
1097579643	35	10	0	0	0	0.98680023426627517	0.98679999999999979	0.98679999999999979	9.8680023426627563e-07	1
1120798081	48	10	0	1	0	1.2984001280222524	1.2983999999999998	1.2983999999999998	1.2984001280222534e-06	1
1204133494	25	10	0	0	0	0.89160008791183598	0.89159999999999984	0.89159999999999984	8.9160008791183569e-07	1
1235721762	57	10	0	0	1.1102230246251565e-16	1.481200228993556	1.4811999999999996	1.4811999999999996	1.4812002296596872e-06	1
1395171918	65	100	0	0	0	2.4804003834699002	2.4804000000000013	2.4804000000000013	2.4804003834698981e-06	1
1423874360	26	1	0	0	0	0.23380001720768126	0.23380000000000001	0.23380000000000001	2.3380001720768104e-07	1
1425166813	5	1000	2	0	0	2.5636003963326228	2.5636000000000014	2.7182000000000013	2.563600396332624e-06	2.7777777777777777e-11
1466865318	6	20	0	0	1.1102230246251565e-16	0.53240005249464617	0.53239999999999998	0.53239999999999998	5.3240005316077909e-07	1
1552307811	45	100	0	0	0	2.2684003506946953	2.2684000000000011	2.2684000000000011	2.2684003506946957e-06	1
1572508921	55	20	0	0	0	1.4296002210161938	1.4295999999999995	1.4295999999999995	1.4296002210161933e-06	1
1647391280	34	20	0	0	1.1102230246251565e-16	0.94320009299960483	0.94319999999999982	0.94319999999999982	9.4320009366573756e-07	1
1667081680	20	100	0	0	0	1.9492006685753458	1.9492000000000005	1.9492000000000005	1.9492006685753461e-06	1
1690789345	10	10	0	0	0	0.36660002698176203	0.36660000000000004	0.36660000000000004	3.6660002698176185e-07	1
1696056703	6	20	0	0	1.1102230246251565e-16	0.53240005249464617	0.53239999999999998	0.53239999999999998	5.3240005316077909e-07	1
1744617430	26	1	0	0	0	0.23380001720768126	0.23380000000000001	0.23380000000000001	2.3380001720768104e-07	1
1746079893	36	100	0	0	0	1.9888006821581332	1.9888000000000003	1.9888000000000003	1.9888006821581326e-06	1
1772318196	25	20	0	0	0	0.89160008791183598	0.89159999999999984	0.89159999999999984	8.9160008791183569e-07	1
1787653095	40	10	0	0	1.1102230246251565e-16	1.2468001229344927	1.2467999999999997	1.2467999999999997	1.2468001236006249e-06	1
1795749805	37	20	0	0	0	1.0564002507893071	1.0563999999999998	1.0563999999999998	1.0564002507893072e-06	1
1811943579	12	10	2	0	0	0.65160006424776629	0.65159999999999996	0.75019999999999998	6.5160006424776651e-07	2.7777777777777779e-13
1812485973	25	20	3	0	0	0.89160008791183598	0.89159999999999984	1.2275999999999998	8.9160008791183569e-07	5.5555555555555561e-14
1821819596	26	2	0	0	0	0.23380001720768126	0.23380000000000001	0.23380000000000001	2.3380001720768104e-07	1
1834385548	52	10	0	0	1.1102230246251565e-16	0.45380003339968294	0.45379999999999998	0.45379999999999998	4.5380003406581601e-07	1
1834997025	19	1	0	0	0	0.18020001182112078	0.1802	0.1802	1.8020001182112083e-07	1
1852393579	40	20	0	0	1.1102230246251565e-16	1.2468001229344927	1.2467999999999997	1.2467999999999997	1.2468001236006249e-06	1
1884467277	3	100	0	0	0	1.9036006529345597	1.9036000000000004	1.9036000000000004	1.9036006529345593e-06	1
1904102273	40	20	0	0	1.1102230246251565e-16	1.2468001229344927	1.2467999999999997	1.2467999999999997	1.2468001236006249e-06	1
1924601041	31	100	0	0	1.1102230246251565e-16	1.7768002746936771	1.7768000000000002	1.7768000000000002	1.776800275470827e-06	1
1926683310	24	20	0	0	0	0.84400008321840803	0.84399999999999986	0.84399999999999986	8.4400008321840773e-07	1
1930831270	24	20	0	0	0	0.84400008321840803	0.84399999999999986	0.84399999999999986	8.4400008321840773e-07	1
1954037492	55	20	0	0	0	1.4296002210161938	1.4295999999999995	1.4295999999999995	1.4296002210161933e-06	1
1955673151	34	20	0	0	1.1102230246251565e-16	0.94320009299960483	0.94319999999999982	0.94319999999999982	9.4320009366573756e-07	1
1974092304	19	2	3	0	0	0.18020001182112078	0.1802	0.31140000000000001	1.8020001182112083e-07	5.5555555555555552e-15
2020741204	48	10	0	0	0	1.2984001280222524	1.2983999999999998	1.2983999999999998	1.2984001280222534e-06	1
2031254879	24	20	1	0	0	0.84400008321840803	0.84399999999999986	0.94259999999999988	8.4400008321840773e-07	5.5555555555555559e-13
2057799093	24	10	0	0	0	0.84400008321840803	0.84399999999999986	0.84399999999999986	8.4400008321840773e-07	1
2092446167	12	20	0	0	0	0.65160006424776629	0.65159999999999996	0.65159999999999996	6.5160006424776651e-07	1
2115903928	12	20	2	0	0	0.65160006424776629	0.65159999999999996	0.75019999999999998	6.5160006424776651e-07	5.5555555555555559e-13
2191384332	45	100	3	0	0	2.2684003506946953	2.2684000000000011	2.5776000000000012	2.2684003506946957e-06	2.7777777777777779e-13
2243645258	9	2	3	0	1.1102230246251565e-16	0.32300002377280196	0.32300000000000001	0.47020000000000001	3.2300002443893544e-07	5.5555555555555552e-15
2284557539	57	10	0	0	1.1102230246251565e-16	1.481200228993556	1.4811999999999996	1.4811999999999996	1.4812002296596872e-06	1
2298669441	37	10	2	0	0	1.0564002507893071	1.0563999999999998	1.3923999999999999	1.0564002507893072e-06	2.7777777777777779e-13
2332117613	16	100	0	0	1.1102230246251565e-16	1.7252002667159667	1.7252000000000001	1.7252000000000001	1.7252002674931145e-06	1
2520895123	35	10	0	0	0	0.98680023426627517	0.98679999999999979	0.98679999999999979	9.8680023426627563e-07	1
2530514799	12	10	0	0	0	0.65160006424776629	0.65159999999999996	0.65159999999999996	6.5160006424776651e-07	1
2557076137	6	10	0	0	1.1102230246251565e-16	0.53240005249464617	0.53239999999999998	0.53239999999999998	5.3240005316077909e-07	1
2587144711	54	20	0	0	0	1.6736002587386001	1.6736	1.6736	1.6736002587386005e-06	1
2615112693	64	100	1	0	0	2.4368003767293391	2.4368000000000012	2.7460000000000013	2.4368003767293375e-06	2.7777777777777777e-12
2618631339	34	10	2	0	1.1102230246251565e-16	0.94320009299960483	0.94319999999999982	1.2791999999999999	9.4320009366573756e-07	2.7777777777777779e-13
2652381937	6	20	0	0	1.1102230246251565e-16	0.53240005249464617	0.53239999999999998	0.53239999999999998	5.3240005316077909e-07	1
2689684108	31	100	0	0	1.1102230246251565e-16	1.7768002746936771	1.7768000000000002	1.7768000000000002	1.776800275470827e-06	1
2720331530	47	1	1	0	0	0.27340002012224146	0.27339999999999998	0.42059999999999997	2.7340002012224138e-07	2.7777777777777774e-14
2746031399	6	20	1	0	1.1102230246251565e-16	0.53240005249464617	0.53239999999999998	0.63100000000000001	5.3240005316077909e-07	5.5555555555555559e-13
2757835999	34	10	0	0	1.1102230246251565e-16	0.94320009299960483	0.94319999999999982	0.94319999999999982	9.4320009366573756e-07	1
2907904522	0	20	0	0	0	1.5328002369709162	1.5327999999999997	1.5327999999999997	1.5328002369709181e-06	1
2922731781	48	10	0	0	0	1.2984001280222524	1.2983999999999998	1.2983999999999998	1.2984001280222534e-06	1
2936621318	55	20	0	0	0	1.4296002210161938	1.4295999999999995	1.4295999999999995	1.4296002210161933e-06	1
2944614537	32	20	0	0	0	1.6320002523072388	1.6319999999999999	1.6319999999999999	1.6320002523072386e-06	1
2963153969	48	10	0	0	0	1.2984001280222524	1.2983999999999998	1.2983999999999998	1.2984001280222534e-06	1
3001262132	17	10	3	0	0	0.7408000730428872	0.74080000000000001	0.93800000000000006	7.4080007304288731e-07	2.7777777777777781e-14
3081590104	65	100	0	0	0	2.4804003834699002	2.4804000000000013	2.4804000000000013	2.4804003834698981e-06	1
3090350760	42	100	0	0	0	2.0344006977989184	2.0344000000000007	2.0344000000000007	2.0344006977989179e-06	1
3117568263	50	10	0	0	0	1.3680002114928322	1.3679999999999997	1.3679999999999997	1.3680002114928314e-06	1
3129531126	44	1000	0	0	0	2.6864004153175052	2.6864000000000012	2.6864000000000012	2.6864004153175062e-06	1
3171279933	55	10	2	0	0	1.4296002210161938	1.4295999999999995	1.7387999999999995	1.4296002210161933e-06	2.7777777777777779e-13
3198084241	33	5	0	0	0	0.41020003019072221	0.41020000000000001	0.41020000000000001	4.1020003019072197e-07	1
3240120916	50	20	0	0	0	1.3680002114928322	1.3679999999999997	1.3679999999999997	1.3680002114928314e-06	1
3248800134	6	10	0	0	1.1102230246251565e-16	0.53240005249464617	0.53239999999999998	0.53239999999999998	5.3240005316077909e-07	1
3358554645	45	100	2	0	0	2.2684003506946953	2.2684000000000011	2.5776000000000012	2.2684003506946957e-06	2.7777777777777777e-12
3391601809	57	20	1	0	1.1102230246251565e-16	1.481200228993556	1.4811999999999996	1.7903999999999995	1.4812002296596872e-06	5.5555555555555559e-13
3416953472	37	10	2	0	0	1.0564002507893071	1.0563999999999998	1.3923999999999999	1.0564002507893072e-06	2.7777777777777779e-13
3465611675	12	10	1	0	0	0.65160006424776629	0.65159999999999996	0.75019999999999998	6.5160006424776651e-07	2.7777777777777779e-13
3471285740	42	100	0	0	0	2.0344006977989184	2.0344000000000007	2.0344000000000007	2.0344006977989179e-06	1
3591196321	56	100	0	0	0	2.3556003641758174	2.3556000000000012	2.3556000000000012	2.3556003641758152e-06	1
3707067062	31	50	0	0	1.1102230246251565e-16	1.7768002746936771	1.7768000000000002	1.7768000000000002	1.776800275470827e-06	1
3746223878	41	100	1	0	0	1.8224002817434497	1.8224000000000002	1.9770000000000003	1.8224002817434499e-06	2.7777777777777777e-12
3764403704	14	20	0	0	0	0.69520006854672678	0.69520000000000004	0.69520000000000004	6.9520006854672627e-07	1
3817569982	16	100	1	0	1.1102230246251565e-16	1.7252002667159667	1.7252000000000001	1.8798000000000001	1.7252002674931145e-06	2.7777777777777777e-12
3821024545	33	5	0	0	0	0.41020003019072221	0.41020000000000001	0.41020000000000001	4.1020003019072197e-07	1
3847764338	10	5	0	0	0	0.36660002698176203	0.36660000000000004	0.36660000000000004	3.6660002698176185e-07	1
3908445400	1	100	1	0	0	1.8640002881748263	1.8640000000000001	2.0186000000000002	1.8640002881748247e-06	2.7777777777777777e-12
3916511993	50	10	0	0	0	1.3680002114928322	1.3679999999999997	1.3679999999999997	1.3680002114928314e-06	1
3937908908	37	10	0	0	0	1.0564002507893071	1.0563999999999998	1.0563999999999998	1.0564002507893072e-06	1
3948524634	56	100	0	0	0	2.3556003641758174	2.3556000000000012	2.3556000000000012	2.3556003641758152e-06	1
3962595415	16	50	0	0	1.1102230246251565e-16	1.7252002667159667	1.7252000000000001	1.7252000000000001	1.7252002674931145e-06	1
3991004666	4	1000	0	0	1.1102230246251565e-16	2.5220003899013732	2.522000000000002	2.522000000000002	2.5220003906784197e-06	1
3992859174	37	20	1	0	0	1.0564002507893071	1.0563999999999998	1.3923999999999999	1.0564002507893072e-06	5.5555555555555559e-13
4048651684	14	10	1	0	0	0.69520006854672678	0.69520000000000004	0.89240000000000008	6.9520006854672627e-07	2.7777777777777779e-13
4082918094	0	20	0	0	0	1.5328002369709162	1.5327999999999997	1.5327999999999997	1.5328002369709181e-06	1
4101194837	62	1000	0	0	0	2.6864004153175056	2.6864000000000017	2.6864000000000017	2.6864004153175071e-06	1
4101871384	0	20	0	0	0	1.5328002369709162	1.5327999999999997	1.5327999999999997	1.5328002369709181e-06	1
4155485626	7	20	0	0	1.1102230246251565e-16	0.58200005738520677	0.58200000000000007	0.58200000000000007	5.8200005805133972e-07	1
4239459078	41	50	1	0	0	1.8224002817434497	1.8224000000000002	2.3200000000000007	1.8224002817434499e-06	1.3888888888888889e-12
4251313187	50	20	0	0	0	1.3680002114928322	1.3679999999999997	1.3679999999999997	1.3680002114928314e-06	1
4284617294	7	10	0	0	1.1102230246251565e-16	0.58200005738520677	0.58200000000000007	0.58200000000000007	5.8200005805133972e-07	1
