base_bandwidth_utilization	0.38896559999999997
expected_bandwidth_utilization	0.38896590664378039

rounded_expected_bandwidth_utilization	0.77793120000000027

bandwidth_utilization_p99	0.38896560000000013

[frame_summary]
frame_id	priority	period_ms	deadline_ms	trans_time_ms	expected_retry_count	expected_tx_count	rounded_expected_retry_count	rounded_expected_tx_count	retry_p99	tx_count_p99	expected_wcrt_ms	p_timeout	wcrt_p95_ms
0	31	20	20	0.0436	1.792200160581135e-06	1.0000017922001605	1	2	0	1	1.7922001605811342	0	1.7922
2	68	1000	1000	0.041599999999999998	3.8068005885331417e-06	1.0000038068005885	1	2	0	1	3.8068005885331426	0	3.8068000000000013
3	9	10	10	0.045600000000000002	5.8460004068816241e-07	1.0000005846000406	1	2	0	1	0.58460004068816274	0	0.58460000000000001
4	10	10	10	0.049600000000000005	6.3420004414032271e-07	1.000000634200044	1	2	0	1	0.63420004414032305	0	0.63419999999999999
5	11	10	10	0.047600000000000003	6.8180004745328401e-07	1.0000006818000475	1	2	0	1	0.68180004745328326	0	0.68179999999999996
6	32	20	20	0.041599999999999998	1.8338001643084954e-06	1.0000018338001644	1	2	0	1	1.8338001643084949	0	1.8338000000000001
7	33	20	20	0.041599999999999998	1.8754001680362908e-06	1.000001875400168	1	2	0	1	1.8754001680362904	0	1.8754
8	47	50	50	0.041599999999999998	2.7118002429773014e-06	1.000002711800243	1	2	0	1	2.7118002429773034	0	2.7118000000000015
9	50	100	100	0.039600000000000003	2.8386002543385842e-06	1.0000028386002544	1	2	0	1	2.8386002543385849	0	2.8386000000000013
11	0	1	1	0.049600000000000005	1.8420001282032082e-07	1.0000001842000128	1	2	0	1	0.18420001282032089	0	0.1842
12	51	100	100	0.041599999999999998	2.8802002580667486e-06	1.0000028802002581	1	2	0	1	2.8802002580667487	0	2.8802000000000016
13	12	10	10	0.0516	7.3340005251144381e-07	1.0000007334000525	1	2	0	1	0.73340005251144369	0	0.73339999999999994
14	5	5	5	0.047600000000000003	4.0820002841072253e-07	1.0000004082000284	1	2	0	1	0.408200028410722	0	0.40820000000000001
15	52	100	100	0.041599999999999998	2.9218002617941304e-06	1.0000029218002617	1	2	0	1	2.9218002617941319	0	2.921800000000002
16	13	10	10	0.0516	7.850000568721372e-07	1.000000785000057	1	2	0	1	0.7850000562060051	1.1102230246251565e-16	0.78499999999999992
17	69	1000	1000	0.039600000000000003	3.8464005946553438e-06	1.0000038464005947	1	2	0	1	3.8464005946553388	0	3.8464000000000009
18	14	10	10	0.041599999999999998	8.2660005918456451e-07	1.0000008266000593	1	2	0	1	0.82660005918456403	0	0.82659999999999989
19	53	100	100	0.039600000000000003	2.9614008055000751e-06	1.0000029614008055	1	2	0	1	2.961400805500074	0	2.9614000000000016
20	34	20	20	0.053600000000000002	1.9290001728388746e-06	1.0000019290001729	1	2	0	1	1.929000172838875	0	1.929
21	54	100	100	0.045600000000000002	3.0070008179032536e-06	1.0000030070008179	1	2	0	1	3.0070008179032501	0	3.0070000000000014
22	15	10	10	0.053600000000000002	8.8020006478272544e-07	1.0000008802000648	1	2	0	1	0.88020006478272472	0	0.88019999999999998
23	55	100	100	0.0436	3.2330002896768279e-06	1.0000032330002897	1	2	0	1	3.2330002896768271	0	3.233000000000001
26	6	5	5	0.039600000000000003	4.4780003116688252e-07	1.0000004478000311	1	2	0	1	0.44780003116688222	0	0.44779999999999998
27	16	10	10	0.045600000000000002	9.2580006813897632e-07	1.0000009258000682	1	2	0	1	0.92580006813897553	0	0.92579999999999996
28	56	100	100	0.041599999999999998	3.2746002934041881e-06	1.0000032746002934	1	2	0	1	3.2746002934041876	0	3.2746000000000008
29	70	1000	1000	0.039600000000000003	3.8860014790101251e-06	1.000003886001479	1	2	0	1	3.8860014790101229	0	3.886000000000001
32	48	50	50	0.0436	2.7554002468838634e-06	1.0000027554002469	1	2	0	1	2.7554002468838639	0	2.7554000000000012
34	35	20	20	0.0516	1.9806006250769726e-06	1.0000019806006251	1	2	0	1	1.9806006250769728	0	1.9806000000000001
35	17	10	10	0.039600000000000003	9.6540024714233293e-07	1.0000009654002471	1	2	0	1	0.96540024714233297	0	0.96539999999999981
36	18	10	10	0.0516	1.0170002603519242e-06	1.0000010170002605	1	2	0	1	1.0170002603519246	0	1.0169999999999997
39	1	1	1	0.041599999999999998	2.2580001571568143e-07	1.0000002258000158	1	2	0	1	0.22580001571568109	0	0.2258
41	19	10	10	0.069599999999999995	1.2690001137024094e-06	1.0000012690001137	1	2	0	1	1.2690001137024101	0	1.2689999999999997
42	57	100	100	0.1346	3.3532005184047969e-06	1.0000033532005184	1	2	0	1	3.3532005184048006	0	3.3532000000000006
43	49	50	50	0.0436	2.7990002507904237e-06	1.0000027990002507	1	2	0	1	2.7990002507904244	0	2.7990000000000013
44	20	10	10	0.045600000000000002	1.3146001184543043e-06	1.0000013146001185	1	2	0	1	1.3146001177881712	1.1102230246251565e-16	1.3145999999999995
45	21	10	10	0.039600000000000003	1.3542001213363301e-06	1.0000013542001214	1	2	0	1	1.3542001213363304	0	1.3541999999999994
46	36	20	20	0.039600000000000003	2.0202006375747155e-06	1.0000020202006377	1	2	0	1	2.0202006375747166	0	2.0202000000000004
47	37	20	20	0.041599999999999998	2.2878002049868995e-06	1.0000022878002051	1	2	0	1	2.2878002049868997	0	2.2878000000000007
48	58	100	100	0.039600000000000003	3.3928005245269635e-06	1.0000033928005245	1	2	0	1	3.3928005245269621	0	3.3928000000000007
51	59	100	100	0.039600000000000003	3.4324005306491258e-06	1.0000034324005307	1	2	0	1	3.4324005306491228	0	3.4324000000000008
52	71	1000	1000	0.039600000000000003	3.9256014948590039e-06	1.0000039256014948	1	2	0	1	3.925601494081961	1.1102230246251565e-16	3.9256000000000011
54	38	20	20	0.0436	2.3314002096706155e-06	1.0000023314002098	1	2	0	1	2.3314002088934611	1.1102230246251565e-16	2.3314000000000004
55	4	2	2	0.0436	3.6060002509776208e-07	1.0000003606000252	1	2	0	1	0.36060002509776173	0	0.36060000000000003
56	39	20	20	0.045600000000000002	2.3770002137563781e-06	1.0000023770002138	1	2	0	1	2.377000212979222	1.1102230246251565e-16	2.3770000000000007
57	22	10	10	0.0436	1.3978001252428908e-06	1.0000013978001252	1	2	0	1	1.3978001252428907	0	1.3977999999999995
58	40	20	20	0.041599999999999998	2.4186002167065804e-06	1.0000024186002168	1	2	0	1	2.4186002167065803	0	2.418600000000001
59	41	20	20	0.045600000000000002	2.464200220792343e-06	1.0000024642002208	1	2	0	1	2.4642002207923408	0	2.4642000000000008
60	23	10	10	0.0436	1.441400129815585e-06	1.0000014414001299	1	2	0	1	1.441400129149452	1.1102230246251565e-16	1.4413999999999996
61	24	10	10	0.045600000000000002	1.4870001339013456e-06	1.0000014870001339	1	2	0	1	1.4870001332352123	1.1102230246251565e-16	1.4869999999999994
62	25	10	10	0.0436	1.5306001371417727e-06	1.0000015306001371	1	2	0	1	1.5306001371417717	0	1.5305999999999995
63	60	100	100	0.039600000000000003	3.4720005367712792e-06	1.0000034720005369	1	2	0	1	3.4720005367712843	0	3.4720000000000004
64	61	100	100	0.045600000000000002	3.5176005445981987e-06	1.0000035176005446	1	2	0	1	3.5176005438210556	1.1102230246251565e-16	3.5176000000000007
66	62	100	100	0.039600000000000003	3.5572005499432036e-06	1.0000035572005499	1	2	0	1	3.557200549943206	0	3.5572000000000008
67	26	10	10	0.0436	1.5742001410483316e-06	1.0000015742001411	1	2	0	1	1.5742001410483322	0	1.5741999999999994
68	72	1000	1000	0.039600000000000003	3.9652015099307308e-06	1.00000396520151	1	2	0	1	3.9652015091536885	1.1102230246251565e-16	3.9652000000000012
70	7	5	5	0.045600000000000002	4.9340003434064227e-07	1.0000004934000344	1	2	0	1	0.49340003434064239	0	0.49340000000000006
71	27	10	10	0.0516	1.6258001463378262e-06	1.0000016258001463	1	2	0	1	1.625800145671694	1.1102230246251565e-16	1.6257999999999997
72	42	20	20	0.045600000000000002	2.5098002248781013e-06	1.000002509800225	1	2	0	1	2.5098002248781013	0	2.5098000000000011
73	28	10	10	0.041599999999999998	1.6674001493990511e-06	1.0000016674001495	1	2	0	1	1.6674001493990531	0	1.6673999999999995
74	2	1	1	0.045600000000000002	2.7140001888944158e-07	1.0000002714000189	1	2	0	1	0.27140001888944126	0	0.27139999999999997
75	8	5	5	0.045600000000000002	5.3900003751440244e-07	1.0000005390000375	1	2	0	1	0.53900003751440262	0	0.53900000000000003
76	63	100	100	0.045600000000000002	3.6028005577701239e-06	1.0000036028005577	1	2	0	1	3.6028005569929777	1.1102230246251565e-16	3.6028000000000007
77	64	100	100	0.041599999999999998	3.6444005634243265e-06	1.0000036444005633	1	2	0	1	3.6444005634243282	0	3.644400000000001
79	29	10	10	0.039600000000000003	1.7070001529472129e-06	1.000001707000153	1	2	0	1	1.7070001529472139	0	1.7069999999999999
80	3	1	1	0.045600000000000002	3.1700002272933578e-07	1.0000003170000227	1	2	0	1	0.31700002206320166	1.1102230246251565e-16	0.317
81	43	20	20	0.039600000000000003	2.5494002284262618e-06	1.0000025494002285	1	2	0	1	2.5494002284262618	0	2.5494000000000008
82	44	20	20	0.039600000000000003	2.5890002319744231e-06	1.000002589000232	1	2	0	1	2.5890002319744223	0	2.5890000000000009
83	45	20	20	0.041599999999999998	2.6306002357017824e-06	1.0000026306002356	1	2	0	1	2.6306002357017824	0	2.6306000000000012
84	65	100	100	0.078600000000000003	3.6860005706328506e-06	1.0000036860005705	1	2	0	1	3.6860005698556999	1.1102230246251565e-16	3.6860000000000008
85	66	100	100	0.039600000000000003	3.7256005759778509e-06	1.000003725600576	1	2	0	1	3.7256005759778503	0	3.7256000000000009
86	73	1000	1000	0.041599999999999998	3.9652015091535747e-06	1.0000039652015091	1	2	0	1	3.9652015091535775	0	3.9652000000000007
88	46	20	20	0.039600000000000003	2.6702002392499454e-06	1.0000026702002391	1	2	0	1	2.6702002392499429	0	2.6702000000000012
89	30	10	10	0.041599999999999998	1.7486001574517306e-06	1.0000017486001576	1	2	0	1	1.7486001566745748	1.1102230246251565e-16	1.7485999999999999
91	67	100	100	0.039600000000000003	3.7652005828789006e-06	1.0000037652005829	1	2	0	1	3.7652005821017558	1.1102230246251565e-16	3.765200000000001

[frame_retry_distribution]
frame_id	retry_count	probability
0	0	0.99999820780160598
0	1	1.7921966274412139e-06
0	2	1.7665680573843004e-12
0	3	1.2687913609708446e-18
0	4	1.0295147164966012e-24
0	5	6.0210214422467598e-31
0	6	7.9453114879254193e-38
2	0	0.99999619320724586
2	1	3.8067849197723498e-06
2	2	7.8343603831333725e-12
2	3	1.3341931663209857e-17
2	4	1.683395583004875e-23
2	5	1.7902654766893252e-29
2	6	1.646656254679212e-35
3	0	0.99999941540017079
3	1	5.8459961755480464e-07
3	2	2.1156658686804931e-13
3	3	6.1332632868003165e-20
3	4	1.5655955623746145e-26
3	5	3.6851813237272931e-33
4	0	0.9999993658002011
4	1	6.3419955365019675e-07
4	2	2.4524495032748254e-13
4	3	7.5115535977576578e-20
4	4	2.0084267310125063e-26
4	5	4.9186321375976942e-33
5	0	0.99999931820023247
5	1	6.8179948769567316e-07
5	2	2.7987867021951807e-13
5	3	9.0130284371266398e-20
5	4	2.5149562996245285e-26
5	5	6.3897948361516425e-33
6	0	0.99999816620168147
6	1	1.8337964728724728e-06
6	2	1.8457159845699845e-12
6	3	1.3511794357212341e-18
6	4	1.1103374547105053e-24
6	5	6.580574463451799e-31
6	6	8.8676740960453054e-38
7	0	0.99999812460175863
7	1	1.875396314842621e-06
7	2	1.9265940262046541e-12
7	3	1.8724613235495816e-18
7	4	1.2839802156722844e-24
7	5	7.3582537290406251e-31
7	6	2.4046777969418183e-37
8	0	0.99999728820367695
8	1	2.7117924031741204e-06
8	2	3.9198955675655419e-12
8	3	4.0152492143050265e-18
8	4	3.2699793054122188e-24
8	5	2.8491961037814941e-30
8	6	1.6221904851958881e-36
9	0	0.99999716140402906
9	1	2.838591688023651e-06
9	2	4.2831506142885878e-12
9	3	4.5682077064415843e-18
9	4	4.6979731422652991e-24
9	5	3.6155757682652645e-30
9	6	2.0652231786532967e-36
11	0	0.99999981580001696
11	1	1.8419995325004588e-07
11	2	2.9785130367487304e-14
11	3	4.7415824365577402e-21
11	4	7.597926159556546e-28
11	5	1.2314241739946275e-34
12	0	0.99999711980414796
12	1	2.8801914463947433e-06
12	2	4.4058276571647665e-12
12	3	5.5637140549014742e-18
12	4	5.0899830539797082e-24
12	5	3.8727365278130121e-30
12	6	2.2695682979865646e-36
13	0	0.99999926660026894
13	1	7.3339940961323768e-07
13	2	3.2144893821773756e-13
13	3	1.0989783716415463e-19
13	4	3.2409642754724885e-26
13	5	8.6715163376741301e-33
14	0	0.99999959180008335
14	1	4.0819980496208712e-07
14	2	1.1172427884211326e-13
14	3	2.5899525653321169e-20
14	4	5.505196913944992e-27
14	5	1.1123415737901593e-33
15	0	0.99999707820426853
15	1	2.9217912013047289e-06
15	2	4.5302360253986292e-12
15	3	5.7835840364728228e-18
15	4	5.3503399402944793e-24
15	5	4.1149136809320215e-30
15	6	2.5054296458948065e-36
16	0	0.99999921500030808
16	1	7.8499932756928735e-07
16	2	3.6431816183972535e-13
16	3	1.3078087447854978e-19
16	4	4.022655087058718e-26
16	5	1.8502687262953148e-32
16	6	1.1102230246251565e-16
17	0	0.99999615360739735
17	1	3.8463846105843926e-06
17	2	7.9920149021108175e-12
17	3	1.3715764795569329e-17
17	4	1.7439092715054963e-23
17	5	1.8682519446971456e-29
17	6	1.7322979445380892e-35
18	0	0.99999917340034161
18	1	8.2659925754821371e-07
18	2	4.0081795128656239e-13
18	3	1.494096903749759e-19
18	4	7.4738708428403727e-26
18	5	2.6662595706633739e-32
19	0	0.99999703860438494
19	1	2.9613904246247234e-06
19	2	5.1904285321773489e-12
19	3	6.095821637202283e-18
19	4	5.6256432877446674e-24
19	5	4.360103447747844e-30
19	6	2.6924382669757889e-36
20	0	0.99999807100186056
20	1	1.9289961061245297e-06
20	2	2.0333541537391944e-12
20	3	2.0124836695961709e-18
20	4	1.4060042274450111e-24
20	5	8.20430791588718e-31
20	6	2.6893781367617787e-37
21	0	0.99999699300452105
21	1	3.00699014006317e-06
21	2	5.3389105153157586e-12
21	3	6.3508731961390258e-18
21	4	5.9331539456995307e-24
21	5	4.6523033244594124e-30
21	6	2.8810338133686153e-36
22	0	0.99999911980038736
22	1	8.8019916046564099e-07
22	2	4.5215827545234943e-13
22	3	1.7782965847326991e-19
22	4	9.1870751744612964e-26
22	5	3.3991118721046457e-32
23	0	0.99999676700522622
23	1	3.2329892580520476e-06
23	2	5.5158024789466881e-12
23	3	6.6074762410525433e-18
23	4	6.2399949486658784e-24
23	5	4.9463648342346578e-30
23	6	3.1116074747013965e-36
26	0	0.99999955220010039
26	1	4.477997683083403e-07
26	2	1.3142922285102401e-13
26	3	3.2176167234455064e-20
26	4	7.1456421945160308e-27
26	5	1.4966432429339635e-33
27	0	0.99999907420042855
27	1	9.2579907475594304e-07
27	2	4.9669107645363168e-13
27	3	2.9345308378859286e-19
27	4	1.2201203418741277e-25
27	5	4.2952633320359203e-32
28	0	0.99999672540536155
28	1	3.2745889836092123e-06
28	2	5.6548872091168446e-12
28	3	6.852449283250867e-18
28	4	6.5424683682034268e-24
28	5	5.2403573371514935e-30
28	6	3.3461410489368516e-36
29	0	0.99999611400755051
29	1	3.8859834200277727e-06
29	2	9.0294696788204275e-12
29	3	1.4331483794953095e-17
29	4	1.8129992345299256e-23
29	5	1.9511302602392389e-29
29	6	1.8246546974391401e-35
32	0	0.99999724460379624
32	1	2.7553921608981525e-06
32	2	4.0429865554342591e-12
32	3	4.2000369236384651e-18
32	4	3.4661242257710965e-24
32	5	3.0501673247707972e-30
32	6	1.7558278652033988e-36
34	0	0.99999801940196131
34	1	1.9805954521515013e-06
34	2	2.5864593692178822e-12
34	3	2.2443015502850726e-18
34	4	1.5496976867772983e-24
34	5	9.1275188547373968e-31
34	6	3.0959998472871301e-37
35	0	0.99999903460046602
35	1	9.6539882086115983e-07
35	2	7.1314005648302983e-13
35	3	3.5337489922278161e-19
35	4	1.4263620000100111e-25
35	5	5.0355928687287641e-32
36	0	0.99999898300051715
36	1	1.0169987053598234e-06
36	2	7.7749545302391723e-13
36	3	3.9824921030606939e-19
36	4	1.6575875537092089e-25
36	5	6.0186095546999162e-32
39	0	0.9999997742000255
39	1	2.2579993329869017e-07
39	2	4.1208484958900331e-14
39	3	7.1080740321637086e-21
39	4	1.2059269501827482e-27
39	5	2.0397862702329183e-34
41	0	0.99999873100080527
41	1	1.2689982759377703e-06
41	2	9.1888156927474867e-13
41	3	5.0016053051254496e-19
41	4	2.2789385169556262e-25
41	5	9.19096044602228e-32
42	0	0.99999664680562206
42	1	3.3531882376656666e-06
42	2	6.1403573515140535e-12
42	3	8.1423706729784969e-18
42	4	8.7527192224015311e-24
42	5	8.0998602968445701e-30
42	6	6.3903544032110505e-36
43	0	0.99999720100391731
43	1	2.7989919148202785e-06
43	2	4.1679784869079997e-12
43	3	4.3904023561510896e-18
43	4	4.4717639748946153e-24
43	5	3.4070509763497398e-30
43	6	1.9054004633125575e-36
44	0	0.99999868540086401
44	1	1.3145981540399761e-06
44	2	9.8187327327660858e-13
44	3	5.4931691340691015e-19
44	4	2.5648943597898918e-25
44	5	1.0573694711168989e-31
44	6	1.1102230246251565e-16
45	0	0.99999864580091702
45	1	1.3541980448074507e-06
45	2	1.0382635479254535e-12
45	3	5.9452195039009184e-19
45	4	2.8342531829489982e-25
45	5	1.1904545276099089e-31
46	0	0.99999797980204064
46	1	2.0201952812223507e-06
46	2	2.6781726443521929e-12
46	3	2.3587256484575305e-18
46	4	1.6518298293965733e-24
46	5	9.8585762896552021e-31
46	6	3.5333753017651423e-37
47	0	0.99999771220261713
47	1	2.2877945609907466e-06
47	2	2.821994338131385e-12
47	3	2.4922480457385075e-18
47	4	1.7663373810630172e-24
47	5	1.0680043640906969e-30
47	6	4.7047939500841362e-37
48	0	0.99999660720575556
48	1	3.3927879644026302e-06
48	2	6.2800495512135323e-12
48	3	8.410358878942083e-18
48	4	9.1236417848673397e-24
48	5	8.5146888624746988e-30
48	6	8.6525559270378654e-36
51	0	0.99999656760589073
51	1	3.4323876880032854e-06
51	2	6.4213098939819619e-12
51	3	8.68415236938232e-18
51	4	9.5062054937942603e-24
51	5	1.1094712834782586e-29
51	6	9.7136027324951937e-36
52	0	0.9999960744077051
52	1	3.9255830956176754e-06
52	2	9.199210004072513e-12
52	3	1.4721515895561436e-17
52	4	1.8768352765898854e-23
52	5	2.0345854187836329e-29
52	6	1.9167471734294766e-35
52	7	1.1102230246251565e-16
54	0	0.99999766860271766
54	1	2.3313943556874331e-06
54	2	2.9265990724711497e-12
54	3	2.6271079605276656e-18
54	4	1.8904463204470288e-24
54	5	1.1594140977202734e-30
54	6	5.1863114537960549e-37
54	7	1.1102230246251565e-16
55	0	0.99999963940006498
55	1	3.6059984486991369e-07
55	2	9.0113894961064167e-14
55	3	1.9485392141014558e-20
55	4	3.9202772079170634e-27
55	5	7.5761542862725979e-34
56	0	0.99999762300282502
56	1	2.3769941368990338e-06
56	2	3.0380359341626287e-12
56	3	2.7732613975419626e-18
56	4	2.0271191658791026e-24
56	5	1.2615966880085283e-30
56	6	5.7333862877813051e-37
56	7	1.1102230246251565e-16
57	0	0.99999860220097692
57	1	1.3977979209138258e-06
57	2	1.1021635618866909e-12
57	3	6.470767818756012e-19
57	4	3.1546773683560916e-25
57	5	1.3520776866108022e-31
58	0	0.99999758140292483
58	1	2.4185939336750886e-06
58	2	3.1415113789711447e-12
58	3	2.9112282485106965e-18
58	4	2.1581381405026347e-24
58	5	1.360974428165572e-30
58	6	6.3550761533532782e-37
59	0	0.99999753580303619
59	1	2.4641937069340786e-06
59	2	3.2569245306343278e-12
59	3	3.0676286084595711e-18
59	4	2.3089338847668273e-24
59	5	1.4769923805456587e-30
59	6	6.9837198749952066e-37
60	0	0.9999985586010387
60	1	1.4413977932182889e-06
60	2	1.1679645271951524e-12
60	3	7.0262941757147514e-19
60	4	3.5014282938448756e-25
60	5	1.5307285676523863e-31
60	6	1.1102230246251565e-16
61	0	0.99999851300110554
61	1	1.486997655597648e-06
61	2	1.2388176358803353e-12
61	3	7.6402759563250234e-19
61	4	3.8937716090386343e-25
61	5	1.7372121312599091e-31
61	6	1.1102230246251565e-16
62	0	0.99999846940117132
62	1	1.5305975201238893e-06
62	2	1.3085077027116175e-12
62	3	8.2597158958138523e-19
62	4	4.2987829794210324e-25
62	5	1.9548422557660336e-31
63	0	0.99999652800602767
63	1	3.4719874084676283e-06
63	2	6.5641383796330295e-12
63	3	8.9638132425010806e-18
63	4	9.9006552755648562e-24
63	5	1.1632775675940074e-29
63	6	1.0268032785988017e-35
64	0	0.99999648240618666
64	1	3.5175870826929957e-06
64	2	6.7305500834816611e-12
64	3	9.2931960114784312e-18
64	4	1.0369908079830068e-23
64	5	1.2277855421295383e-29
64	6	1.093418246997725e-35
64	7	1.1102230246251565e-16
66	0	0.99999644280632694
66	1	3.5571867964095429e-06
66	2	6.8767524516729251e-12
66	3	9.5856911767249475e-18
66	4	1.0790754128461389e-23
66	5	1.2860849838681733e-29
66	6	1.1565768308789806e-35
67	0	0.9999984258012391
67	1	1.5741973808482179e-06
67	2	1.3800987201327806e-12
67	3	8.9116583354651944e-19
67	4	4.7344959855249511e-25
67	5	2.1936851995093947e-31
68	0	0.99999603480786137
68	1	3.965182768071282e-06
68	2	9.3705184688238094e-12
68	3	1.5118543180844403e-17
68	4	1.9423396927410178e-23
68	5	2.1208680970228412e-29
68	6	2.012652517308111e-35
68	7	1.1102230246251565e-16
70	0	0.99999950660012171
70	1	4.9339972221587805e-07
70	2	1.5606232127494433e-13
70	3	4.0547981536530709e-20
70	4	9.4515250771630062e-27
70	5	2.0607609605817292e-33
71	0	0.99999837420132154
71	1	1.6257972111050716e-06
71	2	1.4672818515538675e-12
71	3	9.7263548929772221e-19
71	4	5.2918966229789405e-25
71	5	2.505835468785149e-31
71	6	1.1102230246251565e-16
72	0	0.99999749020314954
72	1	2.50979347603436e-06
72	2	3.3744170261804206e-12
72	3	3.2295255190959285e-18
72	4	2.4674872770094901e-24
72	5	1.6007806453074503e-30
72	6	7.7129165370002803e-37
73	0	0.99999833260139026
73	1	1.6673970703807715e-06
73	2	1.5395075771426839e-12
73	3	1.0418090781233074e-18
73	4	5.7758695508690418e-25
73	5	2.7824523329113218e-31
74	0	0.99999972860003683
74	1	2.7139990745261607e-07
74	2	5.5718397122021528e-14
74	3	1.0430441600634089e-20
74	4	1.8793712088142945e-27
74	5	3.3289952827004476e-34
75	0	0.99999946100014525
75	1	5.3899967196469971e-07
75	2	1.8277477604210486e-13
75	3	5.0235197227438801e-20
75	4	1.2265381715978539e-26
75	5	2.7803640776127303e-33
76	0	0.99999639720649003
76	1	3.6027864628647138e-06
76	2	7.0470492318894963e-12
76	3	9.9300160869161478e-18
76	4	1.3535244696380007e-23
76	5	1.4159774293443142e-29
76	6	1.2386458572640077e-35
76	7	1.1102230246251565e-16
77	0	0.99999635560664091
77	1	3.6443861549506981e-06
77	2	7.2042214373338249e-12
77	3	1.0251231986590044e-17
77	4	1.4079226114678693e-23
77	5	1.484232542488096e-29
77	6	1.321840404165477e-35
79	0	0.99999829300145704
79	1	1.7069969332065542e-06
79	2	1.6098686634628664e-12
79	3	1.1106248202053154e-18
79	4	6.2666263762411451e-25
79	5	4.4841525509118922e-31
79	6	6.4213730504970045e-38
80	0	0.99999968300005015
80	1	3.1699987744782412e-07
80	2	7.2307667013234934e-14
80	3	1.4606593633184433e-20
80	4	2.7878811334487567e-27
80	5	5.1661184214361558e-34
80	6	1.1102230246251565e-16
81	0	0.99999745060324985
81	1	2.5493932721422785e-06
81	2	3.4781369295426326e-12
81	3	3.3746530414154064e-18
81	4	2.6116746495630043e-24
81	5	1.7148820943986162e-30
81	6	8.5032965769446283e-37
82	0	0.9999974110033516
82	1	2.5889930651138902e-06
82	2	3.5834249803492475e-12
82	3	3.5240594213885919e-18
82	4	2.7620832629200275e-24
82	5	1.8353913178827413e-30
82	6	9.2423967310322646e-37
83	0	0.99999736940346007
83	1	2.6305928442516138e-06
83	2	3.6957195557526083e-12
83	3	3.6856880568698925e-18
83	4	2.9269817938246527e-24
83	5	1.9691792239804743e-30
83	6	1.3155380227325296e-36
84	0	0.99999631400679323
84	1	3.685985843575591e-06
84	2	7.3631241827875184e-12
84	3	1.0579289771615915e-17
84	4	1.46393368583239e-23
84	5	1.5550838706423154e-29
84	6	1.3990750315585855e-35
84	7	1.1102230246251565e-16
85	0	0.99999627440694006
85	1	3.7255855439549277e-06
85	2	7.5159951144017447e-12
85	3	1.0897997744943883e-17
85	4	1.5187790565007825e-23
85	5	1.6250076931191622e-29
85	6	1.4752695822181499e-35
86	0	0.99999603480786148
86	1	3.965182768071282e-06
86	2	9.3705184688238045e-12
86	3	1.5118543180844379e-17
86	4	1.9423396927410137e-23
86	5	2.1208680920996456e-29
86	6	2.0202546416289884e-35
88	0	0.99999732980356515
88	1	2.6701926307922126e-06
88	2	3.8042231002312663e-12
88	3	3.8440624713171354e-18
88	4	3.0907009710250445e-24
88	5	2.1036670810883437e-30
88	6	1.4284503674022439e-36
89	0	0.99999825140152876
89	1	1.7485967857264347e-06
89	2	1.6854722907433915e-12
89	3	1.1861029348428624e-18
89	4	6.8150936164471302e-25
89	5	4.932651704953333e-31
89	6	7.1342073909733253e-38
89	7	1.1102230246251565e-16
91	0	0.99999623480708832
91	1	3.765185241197967e-06
91	2	7.6704324540013572e-12
91	3	1.295655034341302e-17
91	4	1.6215306219885572e-23
91	5	1.7111620283958069e-29
91	6	1.5621762556313613e-35
91	7	1.1102230246251565e-16

[frame_retry_cdf]
frame_id	retry_count	cumulative_probability
0	0	0.99999820780160598
0	1	0.99999999999823341
0	2	1
0	3	1
0	4	1
0	5	1
0	6	1
2	0	0.99999619320724586
2	1	0.9999999999921656
2	2	1
2	3	1
2	4	1
2	5	1
2	6	1
3	0	0.99999941540017079
3	1	0.99999999999978839
3	2	1
3	3	1
3	4	1
3	5	1
4	0	0.9999993658002011
4	1	0.99999999999975475
4	2	1
4	3	1
4	4	1
4	5	1
5	0	0.99999931820023247
5	1	0.99999999999972011
5	2	1
5	3	1
5	4	1
5	5	1
6	0	0.99999816620168147
6	1	0.99999999999815437
6	2	1
6	3	1
6	4	1
6	5	1
6	6	1
7	0	0.99999812460175863
7	1	0.99999999999807343
7	2	1
7	3	1
7	4	1
7	5	1
7	6	1
8	0	0.99999728820367695
8	1	0.99999999999608014
8	2	1
8	3	1
8	4	1
8	5	1
8	6	1
9	0	0.99999716140402906
9	1	0.99999999999571709
9	2	1
9	3	1
9	4	1
9	5	1
9	6	1
11	0	0.99999981580001696
11	1	0.99999999999997025
11	2	1
11	3	1
11	4	1
11	5	1
12	0	0.99999711980414796
12	1	0.9999999999955943
12	2	1
12	3	1
12	4	1
12	5	1
12	6	1
13	0	0.99999926660026894
13	1	0.99999999999967859
13	2	1
13	3	1
13	4	1
13	5	1
14	0	0.99999959180008335
14	1	0.99999999999988831
14	2	1
14	3	1
14	4	1
14	5	1
15	0	0.99999707820426853
15	1	0.99999999999546985
15	2	1
15	3	1
15	4	1
15	5	1
15	6	1
16	0	0.99999921500030808
16	1	0.99999999999963562
16	2	0.99999999999999989
16	3	0.99999999999999989
16	4	0.99999999999999989
16	5	0.99999999999999989
16	6	1
17	0	0.99999615360739735
17	1	0.99999999999200795
17	2	1
17	3	1
17	4	1
17	5	1
17	6	1
18	0	0.99999917340034161
18	1	0.99999999999959921
18	2	1
18	3	1
18	4	1
18	5	1
19	0	0.99999703860438494
19	1	0.9999999999948096
19	2	1
19	3	1
19	4	1
19	5	1
19	6	1
20	0	0.99999807100186056
20	1	0.99999999999796663
20	2	1
20	3	1
20	4	1
20	5	1
20	6	1
21	0	0.99999699300452105
21	1	0.99999999999466116
21	2	1
21	3	1
21	4	1
21	5	1
21	6	1
22	0	0.99999911980038736
22	1	0.99999999999954781
22	2	1
22	3	1
22	4	1
22	5	1
23	0	0.99999676700522622
23	1	0.9999999999944843
23	2	1
23	3	1
23	4	1
23	5	1
23	6	1
26	0	0.99999955220010039
26	1	0.99999999999986866
26	2	1
26	3	1
26	4	1
26	5	1
27	0	0.99999907420042855
27	1	0.99999999999950329
27	2	1
27	3	1
27	4	1
27	5	1
28	0	0.99999672540536155
28	1	0.99999999999434519
28	2	1
28	3	1
28	4	1
28	5	1
28	6	1
29	0	0.99999611400755051
29	1	0.99999999999097056
29	2	1
29	3	1
29	4	1
29	5	1
29	6	1
32	0	0.99999724460379624
32	1	0.99999999999595712
32	2	1
32	3	1
32	4	1
32	5	1
32	6	1
34	0	0.99999801940196131
34	1	0.99999999999741351
34	2	1
34	3	1
34	4	1
34	5	1
34	6	1
35	0	0.99999903460046602
35	1	0.9999999999992869
35	2	1
35	3	1
35	4	1
35	5	1
36	0	0.99999898300051715
36	1	0.99999999999922251
36	2	1
36	3	1
36	4	1
36	5	1
39	0	0.9999997742000255
39	1	0.99999999999995881
39	2	1
39	3	1
39	4	1
39	5	1
41	0	0.99999873100080527
41	1	0.99999999999908118
41	2	1
41	3	1
41	4	1
41	5	1
42	0	0.99999664680562206
42	1	0.99999999999385969
42	2	1
42	3	1
42	4	1
42	5	1
42	6	1
43	0	0.99999720100391731
43	1	0.99999999999583211
43	2	1
43	3	1
43	4	1
43	5	1
43	6	1
44	0	0.99999868540086401
44	1	0.99999999999901801
44	2	0.99999999999999989
44	3	0.99999999999999989
44	4	0.99999999999999989
44	5	0.99999999999999989
44	6	1
45	0	0.99999864580091702
45	1	0.99999999999896183
45	2	1
45	3	1
45	4	1
45	5	1
46	0	0.99999797980204064
46	1	0.99999999999732181
46	2	1
46	3	1
46	4	1
46	5	1
46	6	1
47	0	0.99999771220261713
47	1	0.99999999999717815
47	2	1
47	3	1
47	4	1
47	5	1
47	6	1
48	0	0.99999660720575556
48	1	0.99999999999371991
48	2	1
48	3	1
48	4	1
48	5	1
48	6	1
51	0	0.99999656760589073
51	1	0.99999999999357869
51	2	1
51	3	1
51	4	1
51	5	1
51	6	1
52	0	0.9999960744077051
52	1	0.99999999999080069
52	2	0.99999999999999989
52	3	0.99999999999999989
52	4	0.99999999999999989
52	5	0.99999999999999989
52	6	0.99999999999999989
52	7	1
54	0	0.99999766860271766
54	1	0.99999999999707334
54	2	0.99999999999999989
54	3	0.99999999999999989
54	4	0.99999999999999989
54	5	0.99999999999999989
54	6	0.99999999999999989
54	7	1
55	0	0.99999963940006498
55	1	0.99999999999990985
55	2	1
55	3	1
55	4	1
55	5	1
56	0	0.99999762300282502
56	1	0.99999999999696187
56	2	0.99999999999999989
56	3	0.99999999999999989
56	4	0.99999999999999989
56	5	0.99999999999999989
56	6	0.99999999999999989
56	7	1
57	0	0.99999860220097692
57	1	0.99999999999889788
57	2	1
57	3	1
57	4	1
57	5	1
58	0	0.99999758140292483
58	1	0.99999999999685851
58	2	1
58	3	1
58	4	1
58	5	1
58	6	1
59	0	0.99999753580303619
59	1	0.99999999999674316
59	2	1
59	3	1
59	4	1
59	5	1
59	6	1
60	0	0.9999985586010387
60	1	0.99999999999883193
60	2	0.99999999999999989
60	3	0.99999999999999989
60	4	0.99999999999999989
60	5	0.99999999999999989
60	6	1
61	0	0.99999851300110554
61	1	0.9999999999987611
61	2	0.99999999999999989
61	3	0.99999999999999989
61	4	0.99999999999999989
61	5	0.99999999999999989
61	6	1
62	0	0.99999846940117132
62	1	0.99999999999869149
62	2	1
62	3	1
62	4	1
62	5	1
63	0	0.99999652800602767
63	1	0.99999999999343614
63	2	1
63	3	1
63	4	1
63	5	1
63	6	1
64	0	0.99999648240618666
64	1	0.99999999999326938
64	2	0.99999999999999989
64	3	0.99999999999999989
64	4	0.99999999999999989
64	5	0.99999999999999989
64	6	0.99999999999999989
64	7	1
66	0	0.99999644280632694
66	1	0.99999999999312339
66	2	1
66	3	1
66	4	1
66	5	1
66	6	1
67	0	0.9999984258012391
67	1	0.99999999999861999
67	2	1
67	3	1
67	4	1
67	5	1
68	0	0.99999603480786137
68	1	0.99999999999062938
68	2	0.99999999999999989
68	3	0.99999999999999989
68	4	0.99999999999999989
68	5	0.99999999999999989
68	6	0.99999999999999989
68	7	1
70	0	0.99999950660012171
70	1	0.9999999999998439
70	2	1
70	3	1
70	4	1
70	5	1
71	0	0.99999837420132154
71	1	0.99999999999853262
71	2	0.99999999999999989
71	3	0.99999999999999989
71	4	0.99999999999999989
71	5	0.99999999999999989
71	6	1
72	0	0.99999749020314954
72	1	0.99999999999662559
72	2	1
72	3	1
72	4	1
72	5	1
72	6	1
73	0	0.99999833260139026
73	1	0.99999999999846068
73	2	1
73	3	1
73	4	1
73	5	1
74	0	0.99999972860003683
74	1	0.99999999999994427
74	2	1
74	3	1
74	4	1
74	5	1
75	0	0.99999946100014525
75	1	0.99999999999981726
75	2	1
75	3	1
75	4	1
75	5	1
76	0	0.99999639720649003
76	1	0.99999999999295286
76	2	0.99999999999999989
76	3	0.99999999999999989
76	4	0.99999999999999989
76	5	0.99999999999999989
76	6	0.99999999999999989
76	7	1
77	0	0.99999635560664091
77	1	0.99999999999279587
77	2	1
77	3	1
77	4	1
77	5	1
77	6	1
79	0	0.99999829300145704
79	1	0.99999999999839029
79	2	1
79	3	1
79	4	1
79	5	1
79	6	1
80	0	0.99999968300005015
80	1	0.99999999999992761
80	2	0.99999999999999989
80	3	0.99999999999999989
80	4	0.99999999999999989
80	5	0.99999999999999989
80	6	1
81	0	0.99999745060324985
81	1	0.999999999996522
81	2	1
81	3	1
81	4	1
81	5	1
81	6	1
82	0	0.9999974110033516
82	1	0.99999999999641676
82	2	1
82	3	1
82	4	1
82	5	1
82	6	1
83	0	0.99999736940346007
83	1	0.99999999999630429
83	2	1
83	3	1
83	4	1
83	5	1
83	6	1
84	0	0.99999631400679323
84	1	0.99999999999263678
84	2	0.99999999999999989
84	3	0.99999999999999989
84	4	0.99999999999999989
84	5	0.99999999999999989
84	6	0.99999999999999989
84	7	1
85	0	0.99999627440694006
85	1	0.99999999999248401
85	2	1
85	3	1
85	4	1
85	5	1
85	6	1
86	0	0.99999603480786148
86	1	0.9999999999906295
86	2	1
86	3	1
86	4	1
86	5	1
86	6	1
88	0	0.99999732980356515
88	1	0.99999999999619593
88	2	1
88	3	1
88	4	1
88	5	1
88	6	1
89	0	0.99999825140152876
89	1	0.99999999999831446
89	2	0.99999999999999989
89	3	0.99999999999999989
89	4	0.99999999999999989
89	5	0.99999999999999989
89	6	0.99999999999999989
89	7	1
91	0	0.99999623480708832
91	1	0.99999999999232947
91	2	0.99999999999999989
91	3	0.99999999999999989
91	4	0.99999999999999989
91	5	0.99999999999999989
91	6	0.99999999999999989
91	7	1

[frame_wcrt_distribution]
frame_id	response_time_ms	probability
0	1.7922	0.99999820780160598
0	1.8817999999999999	1.7921966274412139e-06
0	1.9714	1.7665680573843004e-12
0	2.0578000000000007	1.312959050936332e-39
0	2.2402000000000002	1.0339398880701193e-31
0	2.2870000000000004	1.2687913609708446e-18
0	2.3766000000000003	1.0295147164966012e-24
0	2.4662000000000002	4.9870815410470492e-31
0	2.5558000000000001	7.9453114879254193e-38
2	3.8068000000000013	0.99999619320724586
2	3.9614000000000011	3.8067849197723498e-06
2	3.9890000000000008	1.0382104335251053e-39
2	4.3420000000000014	7.8343603831333725e-12
2	4.4966000000000017	1.3341931663209857e-17
2	4.5798000000000014	4.7834077882125958e-32
2	4.651200000000002	1.683395583004875e-23
2	4.7344000000000008	1.5628730184775989e-36
2	4.8058000000000014	1.7854820687972913e-29
2	4.9604000000000017	1.4903689528314522e-35
3	0.58460000000000001	0.99999941540017079
3	0.6542	5.8459961755480464e-07
3	0.7238	2.1156658686804931e-13
3	0.79340000000000011	6.1332632868003165e-20
3	0.86299999999999999	1.5655955623746145e-26
3	0.9326000000000001	3.6851813237272931e-33
4	0.63419999999999999	0.9999993658002011
4	0.70379999999999998	6.3419955365019675e-07
4	0.77339999999999998	2.4524495032748254e-13
4	0.84299999999999997	7.5115535977576578e-20
4	0.91260000000000008	2.0084267310125063e-26
4	0.98219999999999996	4.9186321375976942e-33
5	0.68179999999999996	0.99999931820023247
5	0.75139999999999996	6.8179948769567316e-07
5	0.82099999999999995	2.7987867021951807e-13
5	0.89060000000000006	9.0130284371266398e-20
5	0.96019999999999994	2.5149562996245285e-26
5	1.0298	6.3897948361516425e-33
6	1.8338000000000001	0.99999816620168147
6	1.9234	1.8337964728724728e-06
6	2.0129999999999999	1.8457159845699845e-12
6	2.0994000000000006	1.0382104335251053e-39
6	2.2818000000000001	1.1628491817412704e-31
6	2.3286000000000007	1.3511794357212341e-18
6	2.4182000000000006	1.1103374547105053e-24
6	2.5078000000000005	5.4177252713284232e-31
6	2.5974000000000004	8.8676740960453054e-38
7	1.8754	0.99999812460175863
7	1.9649999999999999	1.875396314842621e-06
7	2.1410000000000005	1.0382104335251053e-39
7	2.2806000000000002	1.9265940262046541e-12
7	2.3233999999999999	1.7212407875113333e-32
7	2.3702000000000005	1.8724613235495816e-18
7	2.4129999999999998	2.8169585061516657e-38
7	2.4598000000000004	1.2839802156722844e-24
7	2.5494000000000003	7.1861296399073864e-31
7	2.6390000000000002	2.1229819463266517e-37
8	2.7118000000000015	0.99999728820367695
8	2.7514000000000012	1.0382104335251053e-39
8	2.8014000000000014	2.7117924031741204e-06
8	2.8910000000000013	3.9198955675655419e-12
8	2.9806000000000017	4.0152492143050265e-18
8	3.1598000000000015	1.8162856248678704e-31
8	3.2494000000000014	2.8576626256942829e-37
8	3.252600000000001	3.2699793054122188e-24
8	3.3422000000000009	2.6675675402564969e-30
8	3.4318000000000008	1.3364242226264599e-36
9	2.8386000000000013	0.99999716140402906
9	2.8782000000000005	8.1151147711214807e-40
9	2.9282000000000012	2.838591688023651e-06
9	3.0178000000000011	4.2831506142885878e-12
9	3.2866000000000013	1.6983976348832511e-31
9	3.2898000000000009	4.5682077064415843e-18
9	3.3762000000000012	2.5924353760876561e-37
9	3.3794000000000008	4.6979731422652991e-24
9	3.4690000000000007	3.4457360039654278e-30
9	3.5586000000000007	1.805979641044531e-36
11	0.1842	0.99999981580001696
11	0.25380000000000003	1.8419995325004588e-07
11	0.32340000000000002	2.9785130367487304e-14
11	0.39300000000000002	4.7415824365577402e-21
11	0.46260000000000001	7.597926159556546e-28
11	0.53220000000000001	1.2314241739946275e-34
12	2.8802000000000016	0.99999711980414796
12	2.9198000000000008	1.0382104335251053e-39
12	2.9698000000000015	2.8801914463947433e-06
12	3.2418000000000009	4.4058276571647665e-12
12	3.3282000000000016	7.8857068540432584e-32
12	3.3314000000000012	5.5637140549014742e-18
12	3.4178000000000015	2.8610044233103039e-37
12	3.4210000000000012	5.0899830539797082e-24
12	3.5106000000000011	3.7938794582343688e-30
12	3.600200000000001	1.9834678556555343e-36
13	0.73339999999999994	0.99999926660026894
13	0.80499999999999994	7.3339940961323768e-07
13	0.87659999999999993	3.2144893821773756e-13
13	0.94819999999999993	1.0989783716415463e-19
13	1.0198	3.2409642754724885e-26
13	1.0913999999999999	8.6715163376741301e-33
14	0.40820000000000001	0.99999959180008335
14	0.4778	4.0819980496208712e-07
14	0.5474	1.1172427884211326e-13
14	0.61699999999999999	2.5899525653321169e-20
14	0.6866000000000001	5.505196913944992e-27
14	0.75619999999999998	1.1123415737901593e-33
15	2.921800000000002	0.99999707820426853
15	2.9614000000000011	1.0382104335251053e-39
15	3.0114000000000019	2.9217912013047289e-06
15	3.2834000000000012	4.5302360253986292e-12
15	3.3698000000000019	8.3819669619584254e-32
15	3.3730000000000016	5.7835840364728228e-18
15	3.4594000000000018	3.167717030001651e-37
15	3.4626000000000015	5.3503399402944793e-24
15	3.5522000000000014	4.0310940102742267e-30
15	3.6418000000000013	2.1886579428946421e-36
16	0.78499999999999992	0.99999921500030808
16	0.85659999999999992	7.8499932756928735e-07
16	0.92819999999999991	3.6431816183972535e-13
16	0.99979999999999991	1.3078087447854978e-19
16	1.1429999999999998	4.7953634478409388e-33
16	1.2538	4.022655087058718e-26
16	1.3253999999999999	1.3707323815112209e-32
16	10.0716	1.1102230246251565e-16
17	3.8464000000000009	0.99999615360739735
17	4.0010000000000012	3.8463846105843926e-06
17	4.0286000000000008	8.1151147711214807e-40
17	4.3816000000000015	7.9920149021108175e-12
17	4.5362000000000018	1.3715764795569329e-17
17	4.6194000000000006	4.797777716240746e-32
17	4.6908000000000021	1.7439092715054963e-23
17	4.7740000000000009	1.6801703004836027e-36
17	4.8454000000000015	1.8634541668997539e-29
17	5.0000000000000018	1.5642809144897287e-35
18	0.82659999999999989	0.99999917340034161
18	0.89819999999999989	8.2659925754821371e-07
18	0.96979999999999988	4.0081795128656239e-13
18	1.1845999999999999	3.6899284108770019e-33
18	1.2237999999999998	1.494096903749759e-19
18	1.2953999999999997	7.4738708428403727e-26
18	1.3669999999999995	2.2972667295756736e-32
19	2.9614000000000016	0.99999703860438494
19	3.0010000000000008	8.1151147711214807e-40
19	3.2334000000000009	2.9613904246247234e-06
19	3.3230000000000008	5.1904285321773489e-12
19	3.4094000000000015	7.8435552533068775e-32
19	3.4126000000000012	6.095821637202283e-18
19	3.4990000000000014	3.5013543023387439e-37
19	3.5022000000000011	5.6256432877446674e-24
19	3.591800000000001	4.2816678944032633e-30
19	3.6814000000000009	2.3423028367419141e-36
20	1.929	0.99999807100186056
20	2.0186000000000002	1.9289961061245297e-06
20	2.1946000000000008	3.6867414279053032e-39
20	2.3342000000000001	2.0333541537391944e-12
20	2.3770000000000002	2.4562384741694777e-32
20	2.4238000000000004	2.0124836695961709e-18
20	2.4666000000000001	3.2704573786797026e-38
20	2.5134000000000003	1.4060042274450111e-24
20	2.6030000000000002	7.9586840316028189e-31
20	2.6926000000000001	2.3623323988938081e-37
21	3.0070000000000014	0.99999699300452105
21	3.0466000000000006	1.6430203687262489e-39
21	3.2790000000000008	3.00699014006317e-06
21	3.3686000000000007	5.3389105153157586e-12
21	3.4550000000000014	9.6349249257815503e-32
21	3.4582000000000011	6.3508731961390258e-18
21	3.5446000000000013	3.8456633542530525e-37
21	3.547800000000001	5.9331539456995307e-24
21	3.6374000000000009	4.555954073558577e-30
21	3.7270000000000008	2.4964674779433102e-36
22	0.88019999999999998	0.99999911980038736
22	0.95379999999999998	8.8019916046564099e-07
22	1.0274000000000001	4.5215827545234943e-13
22	1.2482	5.0933924564967173e-33
22	1.2833999999999999	1.7782965847326991e-19
22	1.3569999999999998	9.1870751744612964e-26
22	1.4305999999999996	2.8897726264549744e-32
23	3.0902000000000007	1.312959050936332e-39
23	3.233000000000001	0.99999676700522622
23	3.3226000000000009	3.2329892580520476e-06
23	3.4122000000000008	5.5158024789466881e-12
23	3.4986000000000015	9.8320788395534304e-32
23	3.5018000000000011	6.6074762410525433e-18
23	3.5882000000000014	4.2766426302573434e-37
23	3.591400000000001	6.2399949486658784e-24
23	3.6810000000000009	4.8480440445261644e-30
23	3.7706000000000008	2.6839432116756623e-36
26	0.44779999999999998	0.99999955220010039
26	0.51739999999999997	4.477997683083403e-07
26	0.58699999999999997	1.3142922285102401e-13
26	0.65660000000000007	3.2176167234455064e-20
26	0.72619999999999996	7.1456421945160308e-27
26	0.79580000000000006	1.4966432429339635e-33
27	0.92579999999999996	0.99999907420042855
27	0.99939999999999996	9.2579907475594304e-07
27	1.2553999999999998	4.9669107645363168e-13
27	1.2938000000000001	5.9763096998426541e-33
27	1.3289999999999997	2.9345308378859286e-19
27	1.4025999999999998	1.2201203418741277e-25
27	1.4762	3.6976323620516551e-32
28	3.1318000000000006	1.0382104335251053e-39
28	3.2746000000000008	0.99999672540536155
28	3.3642000000000007	3.2745889836092123e-06
28	3.4538000000000006	5.6548872091168446e-12
28	3.5402000000000013	9.9822893886946756e-32
28	3.543400000000001	6.852449283250867e-18
28	3.6298000000000012	4.7256381874715289e-37
28	3.6330000000000009	6.5424683682034268e-24
28	3.7226000000000008	5.1405344422263364e-30
28	3.8122000000000007	2.8735772301896986e-36
29	3.886000000000001	0.99999611400755051
29	4.0682000000000009	8.1151147711214807e-40
29	4.2666000000000022	3.8859834200277727e-06
29	4.4212000000000016	9.0294696788204275e-12
29	4.5758000000000019	1.4331483794953095e-17
29	4.6590000000000007	6.5916865476831852e-33
29	4.7304000000000022	1.8129992345299256e-23
29	4.813600000000001	1.8058821509683982e-36
29	4.8850000000000016	1.9504710915033196e-29
29	5.0396000000000019	1.6440664823423002e-35
32	2.7554000000000012	0.99999724460379624
32	2.7950000000000008	1.312959050936332e-39
32	2.8450000000000011	2.7553921608981525e-06
32	2.934600000000001	4.0429865554342591e-12
32	3.0242000000000013	4.2000369236384651e-18
32	3.2034000000000011	1.940614463355165e-31
32	3.293000000000001	3.1286309242405602e-37
32	3.2962000000000007	3.4661242257710965e-24
32	3.3858000000000006	2.8561058771223221e-30
32	3.4754000000000005	1.4429647727793424e-36
34	1.9806000000000001	0.99999801940196131
34	2.2462000000000009	3.048366916752272e-39
34	2.2962000000000002	1.9805954521515013e-06
34	2.3858000000000001	2.5864593692178822e-12
34	2.4286000000000003	2.6027317552167469e-32
34	2.4754000000000005	2.2443015502850726e-18
34	2.5182000000000002	3.9430061781632527e-38
34	2.5650000000000004	1.5496976867772983e-24
34	2.6546000000000003	8.867245648732053e-31
34	2.7442000000000002	2.7016992294708047e-37
35	0.96539999999999981	0.99999903460046602
35	1.2213999999999996	9.6539882086115983e-07
35	1.2949999999999997	7.1314005648302983e-13
35	1.3333999999999997	5.6676663926388272e-33
35	1.3685999999999998	3.5337489922278161e-19
35	1.4421999999999997	1.4263620000100111e-25
35	1.5157999999999996	4.4688262294648826e-32
36	1.0169999999999997	0.99999898300051715
36	1.2729999999999997	1.0169987053598234e-06
36	1.3465999999999996	7.7749545302391723e-13
36	1.3849999999999998	6.9880334333020014e-33
36	1.4201999999999995	3.9824921030606939e-19
36	1.4937999999999996	1.6575875537092089e-25
36	1.5673999999999997	5.3198062113697148e-32
39	0.2258	0.9999997742000255
39	0.2954	2.2579993329869017e-07
39	0.36499999999999999	4.1208484958900331e-14
39	0.43460000000000004	7.1080740321637086e-21
39	0.50419999999999998	1.2059269501827482e-27
39	0.57380000000000009	2.0397862702329183e-34
41	1.2689999999999997	0.99999873100080527
41	1.3585999999999996	1.2689982759377703e-06
41	1.4481999999999997	9.1888156927474867e-13
41	1.5345999999999997	1.3610212993976972e-38
41	1.5377999999999996	5.0016053051254496e-19
41	1.6273999999999997	2.2789385169556262e-25
41	1.7169999999999996	9.1909590850009805e-32
42	3.3532000000000006	0.99999664680562206
42	3.5078000000000005	3.3531882376656666e-06
42	3.5354000000000001	3.681662677637311e-37
42	3.6624000000000008	6.1403573515140535e-12
42	3.8170000000000006	8.1423706729784969e-18
42	3.9438000000000013	3.8248937828620054e-32
42	3.9716000000000005	8.7527192224015311e-24
42	4.0984000000000016	6.4437110136758612e-37
42	4.1262000000000008	8.0616109908496822e-30
42	4.280800000000001	5.7459833018434637e-36
43	2.7990000000000013	0.99999720100391731
43	2.8386000000000005	1.312959050936332e-39
43	2.8886000000000012	2.7989919148202785e-06
43	2.9782000000000011	4.1679784869079997e-12
43	3.2470000000000012	1.6835072536970872e-31
43	3.2502000000000009	4.3904023561510896e-18
43	3.3366000000000011	2.3213733960840431e-37
43	3.3398000000000008	4.4717639748946153e-24
43	3.4294000000000007	3.2387002496670722e-30
43	3.5190000000000006	1.6732631237041532e-36
44	1.3145999999999995	0.99999868540086401
44	1.4041999999999994	1.3145981540399761e-06
44	1.4937999999999996	9.8187327327660858e-13
44	1.5801999999999996	1.6430203687262489e-39
44	1.5833999999999995	5.4931691340691015e-19
44	1.6729999999999996	2.5648943597898918e-25
44	1.7625999999999995	1.057369454686695e-31
44	10.089600000000001	1.1102230246251565e-16
45	1.3541999999999994	0.99999864580091702
45	1.4437999999999993	1.3541980448074507e-06
45	1.5333999999999994	1.0382635479254535e-12
45	1.6197999999999995	8.1151147711214807e-40
45	1.6229999999999993	5.9452195039009184e-19
45	1.7125999999999995	2.8342531829489982e-25
45	1.8021999999999994	1.1904545194947938e-31
46	2.0202000000000004	0.99999797980204064
46	2.2858000000000009	8.1151147711214807e-40
46	2.3358000000000003	2.0201952812223507e-06
46	2.4254000000000002	2.6781726443521929e-12
46	2.4682000000000004	2.1968013551873875e-32
46	2.5150000000000006	2.3587256484575305e-18
46	2.5578000000000003	4.6956386147397924e-38
46	2.6046000000000005	1.6518298293965733e-24
46	2.6942000000000004	9.6388961460213477e-31
46	2.7838000000000003	3.0638114402911629e-37
47	2.2878000000000007	0.99999771220261713
47	2.3274000000000012	1.0382104335251053e-39
47	2.3774000000000006	2.2877945609907466e-06
47	2.4670000000000005	2.821994338131385e-12
47	2.5098000000000007	2.3920411824067901e-32
47	2.5566000000000009	2.4922480457385075e-18
47	2.5994000000000006	5.3512614549453991e-38
47	2.6462000000000008	1.7663373810630172e-24
47	2.7358000000000007	1.0440839512284187e-30
47	2.8254000000000006	4.1696678045895962e-37
48	3.3928000000000007	0.99999660720575556
48	3.5474000000000006	3.3927879644026302e-06
48	3.5750000000000002	8.1151147711214807e-40
48	3.7020000000000008	6.2800495512135323e-12
48	3.8566000000000007	8.410358878942083e-18
48	4.0112000000000005	9.1236417848673397e-24
48	4.1380000000000017	6.8683672263283003e-37
48	4.1658000000000008	5.9309629558439509e-31
48	4.3204000000000011	3.8398163644103849e-36
48	4.3918000000000017	7.9215925660787907e-30
48	4.546400000000002	4.125902839994654e-36
51	3.4324000000000008	0.99999656760589073
51	3.5870000000000006	3.4323876880032854e-06
51	3.6146000000000003	8.1151147711214807e-40
51	3.7416000000000009	6.4213098939819619e-12
51	3.8962000000000008	8.68415236938232e-18
51	4.1776000000000018	7.4671848200089194e-37
51	4.2054000000000009	2.2605512344951485e-31
51	4.2768000000000015	9.5062054937942603e-24
51	4.3600000000000012	3.7155051945392113e-36
51	4.4314000000000018	1.0868657710521561e-29
51	4.5860000000000021	5.2513790559550886e-36
52	3.9256000000000011	0.9999960744077051
52	4.107800000000001	8.1151147711214807e-40
52	4.3062000000000022	3.9255830956176754e-06
52	4.4608000000000017	9.199210004072513e-12
52	4.6154000000000019	1.4721515895561436e-17
52	4.6986000000000008	6.7927076618647477e-33
52	4.7700000000000022	1.8768352765898854e-23
52	4.8532000000000011	1.9393456643095177e-36
52	4.9246000000000016	2.0339061479362955e-29
52	5.0792000000000019	1.722812606998525e-35
52	1000.1546	1.1102230246251565e-16
54	2.3314000000000004	0.99999766860271766
54	2.3710000000000009	1.312959050936332e-39
54	2.4210000000000003	2.3313943556874331e-06
54	2.5106000000000002	2.9265990724711497e-12
54	2.5534000000000003	2.7305946692526149e-32
54	2.6002000000000005	2.6271079605276656e-18
54	2.6430000000000002	6.1204309626520465e-38
54	2.6898000000000004	1.8904463204470288e-24
54	2.7794000000000003	1.1321081497147878e-30
54	2.8690000000000002	4.5742683575308504e-37
54	20.089600000000001	1.1102230246251565e-16
55	0.36060000000000003	0.99999963940006498
55	0.43020000000000003	3.6059984486991369e-07
55	0.49980000000000002	9.0113894961064167e-14
55	0.56940000000000013	1.9485392141014558e-20
55	0.63900000000000001	3.9202772079170634e-27
55	0.70860000000000012	7.5761542862725979e-34
56	2.3770000000000007	0.99999762300282502
56	2.4166000000000012	1.6430203687262489e-39
56	2.4666000000000006	2.3769941368990338e-06
56	2.5562000000000005	3.0380359341626287e-12
56	2.6458000000000008	2.7732613975419626e-18
56	2.6886000000000005	7.0233183446419685e-38
56	2.7354000000000007	2.0271191658791026e-24
56	2.8250000000000006	1.261596686365508e-30
56	2.9146000000000005	5.0310544533171082e-37
56	20.089600000000001	1.1102230246251565e-16
57	1.3977999999999995	0.99999860220097692
57	1.4873999999999994	1.3977979209138258e-06
57	1.5769999999999995	1.1021635618866909e-12
57	1.6633999999999995	1.312959050936332e-39
57	1.6665999999999994	6.470767818756012e-19
57	1.7561999999999995	3.1546773683560916e-25
57	1.8457999999999994	1.3520776734812119e-31
58	2.418600000000001	0.99999758140292483
58	2.4582000000000015	1.0382104335251053e-39
58	2.5082000000000009	2.4185939336750886e-06
58	2.5978000000000008	3.1415113789711447e-12
58	2.6874000000000011	2.9112282485106965e-18
58	2.7302000000000008	8.0837247082263697e-38
58	2.777000000000001	2.1581381405026347e-24
58	2.8666000000000009	1.3609744271273615e-30
58	2.9562000000000008	5.5467036825306412e-37
59	2.4642000000000008	0.99999753580303619
59	2.5038000000000014	1.6430203687262489e-39
59	2.5538000000000007	2.4641937069340786e-06
59	2.6434000000000006	3.2569245306343278e-12
59	2.733000000000001	3.0676286084595711e-18
59	2.8226000000000009	2.3089338847668273e-24
59	2.9122000000000008	1.4769923789026384e-30
59	3.0018000000000007	6.9837198749952066e-37
60	1.4413999999999996	0.9999985586010387
60	1.5309999999999995	1.4413977932182889e-06
60	1.6205999999999996	1.1679645271951524e-12
60	1.7069999999999996	1.312959050936332e-39
60	1.7101999999999995	7.0262941757147514e-19
60	1.7997999999999996	3.5014282938448756e-25
60	1.8893999999999995	1.5307285545227956e-31
60	10.089600000000001	1.1102230246251565e-16
61	1.4869999999999994	0.99999851300110554
61	1.5765999999999993	1.486997655597648e-06
61	1.6661999999999995	1.2388176358803353e-12
61	1.7525999999999997	1.6430203687262489e-39
61	1.7557999999999994	7.6402759563250234e-19
61	1.8453999999999995	3.8937716090386343e-25
61	1.9349999999999994	1.7372121148297054e-31
61	10.089600000000001	1.1102230246251565e-16
62	1.5305999999999995	0.99999846940117132
62	1.6201999999999994	1.5305975201238893e-06
62	1.7097999999999995	1.3085077027116175e-12
62	1.7961999999999998	1.312959050936332e-39
62	1.7993999999999994	8.2597158958138523e-19
62	1.8889999999999996	4.2987829794210324e-25
62	1.9785999999999995	1.954842242636443e-31
63	3.4720000000000004	0.99999652800602767
63	3.6266000000000003	3.4719874084676283e-06
63	3.6542000000000003	8.1151147711214807e-40
63	3.7812000000000006	6.5641383796330295e-12
63	3.9358000000000004	8.9638132425010806e-18
63	4.2172000000000009	8.1089619478322862e-37
63	4.2450000000000001	2.3178495616449107e-31
63	4.3164000000000016	9.9006552755648562e-24
63	4.3996000000000004	1.9856315387558234e-36
63	4.471000000000001	1.1400990718964072e-29
63	4.6256000000000013	7.4715050524489646e-36
64	3.5176000000000007	0.99999648240618666
64	3.6722000000000006	3.5175870826929957e-06
64	3.6998000000000006	1.6430203687262489e-39
64	3.8268000000000009	6.7305500834816611e-12
64	3.9814000000000007	9.2931960114784312e-18
64	4.2628000000000013	7.9452335736711392e-37
64	4.2906000000000004	2.7734919676352218e-31
64	4.3620000000000019	1.0369908079830068e-23
64	4.4452000000000007	2.1173039377408243e-36
64	4.5166000000000013	1.200050622288884e-29
64	4.6712000000000016	8.0223551748693117e-36
64	100.1546	1.1102230246251565e-16
66	3.5572000000000008	0.99999644280632694
66	3.7118000000000007	3.5571867964095429e-06
66	3.7394000000000007	8.1151147711214807e-40
66	3.8664000000000009	6.8767524516729251e-12
66	4.0210000000000008	9.5856911767249475e-18
66	4.3024000000000013	8.7302060382783684e-37
66	4.3302000000000005	2.7057561891092208e-31
66	4.401600000000002	1.0790754128461389e-23
66	4.4848000000000008	2.2324524032524439e-36
66	4.5562000000000014	1.2590274218959296e-29
66	4.7108000000000017	8.4602953017095249e-36
67	1.5741999999999994	0.9999984258012391
67	1.6637999999999993	1.5741973808482179e-06
67	1.7533999999999994	1.3800987201327806e-12
67	1.8397999999999999	1.312959050936332e-39
67	1.8429999999999993	8.9116583354651944e-19
67	1.9325999999999994	4.7344959855249511e-25
67	2.0221999999999993	2.1936851863798039e-31
68	3.9652000000000012	0.99999603480786137
68	4.1474000000000011	8.1151147711214807e-40
68	4.3458000000000023	3.965182768071282e-06
68	4.5004000000000017	9.3705184688238094e-12
68	4.655000000000002	1.5118543180844403e-17
68	4.7382000000000009	6.9981768104590312e-33
68	4.8096000000000023	1.9423396927410178e-23
68	4.8928000000000011	2.0809390309793427e-36
68	4.9642000000000017	2.1201682792606442e-29
68	5.118800000000002	1.8045586142101774e-35
68	1000.1546	1.1102230246251565e-16
70	0.49340000000000006	0.99999950660012171
70	0.56300000000000006	4.9339972221587805e-07
70	0.63260000000000005	1.5606232127494433e-13
70	0.70220000000000016	4.0547981536530709e-20
70	0.77180000000000004	9.4515250771630062e-27
70	0.84140000000000015	2.0607609605817292e-33
71	1.6257999999999997	0.99999837420132154
71	1.7153999999999996	1.6257972111050716e-06
71	1.8049999999999997	1.4672818515538675e-12
71	1.8914000000000002	3.048366916752272e-39
71	1.8945999999999996	9.7263548929772221e-19
71	1.9841999999999997	5.2918966229789405e-25
71	2.0737999999999999	2.5058354383014795e-31
71	10.089600000000001	1.1102230246251565e-16
72	2.5098000000000011	0.99999749020314954
72	2.5494000000000012	1.6430203687262489e-39
72	2.599400000000001	2.50979347603436e-06
72	2.6890000000000009	3.3744170261804206e-12
72	2.7786000000000013	3.2295255190959285e-18
72	2.8682000000000012	2.4674872770094901e-24
72	2.9578000000000011	1.60078064366443e-30
72	3.047400000000001	7.7129165370002803e-37
73	1.6673999999999995	0.99999833260139026
73	1.7569999999999995	1.6673970703807715e-06
73	1.8465999999999996	1.5395075771426839e-12
73	1.9330000000000001	1.0382104335251053e-39
73	1.9361999999999995	1.0418090781233074e-18
73	2.0257999999999994	5.7758695508690418e-25
73	2.1153999999999997	2.7824523225292175e-31
74	0.27139999999999997	0.99999972860003683
74	0.34099999999999997	2.7139990745261607e-07
74	0.41059999999999997	5.5718397122021528e-14
74	0.48020000000000002	1.0430441600634089e-20
74	0.54980000000000007	1.8793712088142945e-27
74	0.61939999999999995	3.3289952827004476e-34
75	0.53900000000000003	0.99999946100014525
75	0.60860000000000003	5.3899967196469971e-07
75	0.67820000000000003	1.8277477604210486e-13
75	0.74780000000000002	5.0235197227438801e-20
75	0.81740000000000013	1.2265381715978539e-26
75	0.88700000000000001	2.7803640776127303e-33
76	3.6028000000000007	0.99999639720649003
76	3.7574000000000005	3.6027864628647138e-06
76	3.7850000000000001	1.6430203687262489e-39
76	3.9120000000000008	7.0470492318894963e-12
76	4.292600000000002	9.9300160869161478e-18
76	4.3480000000000008	9.4633405775514262e-37
76	4.3758000000000008	4.643765692855166e-32
76	4.4472000000000014	1.3535244696380007e-23
76	4.5304000000000002	2.3430132497509116e-36
76	4.6018000000000017	1.411333663487157e-29
76	4.7564000000000011	9.0971112651340237e-36
76	100.1546	1.1102230246251565e-16
77	3.644400000000001	0.99999635560664091
77	3.7990000000000008	3.6443861549506981e-06
77	3.8266000000000009	1.0382104335251053e-39
77	3.9536000000000011	7.2042214373338249e-12
77	4.3342000000000018	1.0251231986590044e-17
77	4.4174000000000007	5.6361181686515035e-32
77	4.4888000000000021	1.4079226114678693e-23
77	4.572000000000001	1.2714220391241005e-36
77	4.6434000000000015	1.4785964242156234e-29
77	4.7980000000000018	1.1946982002530668e-35
79	1.7069999999999999	0.99999829300145704
79	1.7965999999999998	1.7069969332065542e-06
79	1.8861999999999999	1.6098686634628664e-12
79	1.9726000000000004	8.1151147711214807e-40
79	1.9757999999999998	1.1106248202053154e-18
79	2.1549999999999998	1.4183981708273311e-31
79	2.2913999999999999	6.2666263762411451e-25
79	2.3810000000000002	3.0657543719694449e-31
79	2.4706000000000001	6.4213730504970045e-38
80	0.317	0.99999968300005015
80	0.3866	3.1699987744782412e-07
80	0.45620000000000005	7.2307667013234934e-14
80	0.52580000000000005	1.4606593633184433e-20
80	0.59540000000000004	2.7878811334487567e-27
80	0.66500000000000004	5.1661184214361558e-34
80	1.0696000000000001	1.1102230246251565e-16
81	2.5494000000000008	0.99999745060324985
81	2.5890000000000013	8.1151147711214807e-40
81	2.6390000000000007	2.5493932721422785e-06
81	2.7286000000000006	3.4781369295426326e-12
81	2.8182000000000009	3.3746530414154064e-18
81	2.9078000000000008	2.6116746495630043e-24
81	2.9974000000000007	1.7148820935871046e-30
81	3.0870000000000006	8.5032965769446283e-37
82	2.5890000000000009	0.9999974110033516
82	2.6286000000000009	8.1151147711214807e-40
82	2.6786000000000008	2.5889930651138902e-06
82	2.7682000000000007	3.5834249803492475e-12
82	2.857800000000001	3.5240594213885919e-18
82	2.9474000000000009	2.7620832629200275e-24
82	3.0370000000000008	1.8353913170712301e-30
82	3.1266000000000007	9.2423967310322646e-37
83	2.6306000000000012	0.99999736940346007
83	2.6702000000000012	1.0382104335251053e-39
83	2.7202000000000011	2.6305928442516138e-06
83	2.809800000000001	3.6957195557526083e-12
83	2.8994000000000013	3.6856880568698925e-18
83	2.9890000000000012	2.9269817938246527e-24
83	3.0786000000000011	3.3480617676860177e-31
83	3.168200000000001	5.2043364963794175e-37
83	3.2610000000000006	1.6343730461736618e-30
83	3.3506000000000005	7.9510437309458796e-37
84	3.6860000000000008	0.99999631400679323
84	3.8406000000000007	3.685985843575591e-06
84	3.8682000000000007	2.4999507328886841e-38
84	3.995200000000001	7.3631241827875184e-12
84	4.3758000000000017	1.0579289771615915e-17
84	4.4590000000000005	7.8891192108984857e-32
84	4.530400000000002	1.46393368583239e-23
84	4.6136000000000008	1.3810307463534269e-36
84	4.6850000000000014	1.5471947489314662e-29
84	4.8396000000000017	1.2609719569232426e-35
84	100.1546	1.1102230246251565e-16
85	3.7256000000000009	0.99999627440694006
85	3.8802000000000008	3.7255855439549277e-06
85	3.9078000000000008	8.1151147711214807e-40
85	4.0348000000000006	7.5159951144017447e-12
85	4.4154000000000018	1.0897997744943883e-17
85	4.4986000000000006	5.7112262148173976e-32
85	4.5700000000000021	1.5187790565007825e-23
85	4.6532000000000009	1.4718002071786116e-36
85	4.7246000000000015	1.6192964668231939e-29
85	4.8792000000000018	1.3280895615002889e-35
86	3.9652000000000007	0.99999603480786148
86	4.1474000000000002	1.0382104335251053e-39
86	4.3458000000000014	3.965182768071282e-06
86	4.5004000000000008	9.3705184688238045e-12
86	4.6550000000000011	1.5118543180844379e-17
86	4.7382000000000009	7.6534295940158402e-33
86	4.8096000000000014	1.9423396927410137e-23
86	4.8928000000000011	2.0821840471900582e-36
86	4.9642000000000008	2.1201027490364231e-29
86	5.1188000000000011	1.8120362369099827e-35
88	2.6702000000000012	0.99999732980356515
88	2.7098000000000013	8.1151147711214807e-40
88	2.7598000000000011	2.6701926307922126e-06
88	2.849400000000001	3.8042231002312663e-12
88	2.9390000000000014	3.8440624713171354e-18
88	3.0286000000000013	3.0907009710250445e-24
88	3.1182000000000012	3.426257307379776e-31
88	3.2078000000000011	5.6560096639835793e-37
88	3.3006000000000006	1.7610413495388546e-30
88	3.3902000000000005	8.62849401003886e-37
89	1.7485999999999999	0.99999825140152876
89	1.8381999999999998	1.7485967857264347e-06
89	1.9278	1.6854722907433915e-12
89	2.0142000000000007	1.0382104335251053e-39
89	2.0173999999999999	1.1861029348428624e-18
89	2.1966000000000001	1.5756320596781464e-31
89	2.3330000000000002	6.8150936164471302e-25
89	2.4226000000000001	3.3570196348930815e-31
89	2.5122	7.1342073909733253e-38
89	10.089600000000001	1.1102230246251565e-16
91	3.765200000000001	0.99999623480708832
91	3.9198000000000008	3.765185241197967e-06
91	3.9474000000000009	8.1151147711214807e-40
91	4.3004000000000016	7.6704324540013572e-12
91	4.4550000000000018	1.295655034341302e-17
91	4.5382000000000007	4.6543678892853729e-32
91	4.6096000000000021	1.6215306219885572e-23
91	4.692800000000001	1.4451150495300539e-36
91	4.7642000000000015	1.7065076604253704e-29
91	4.9188000000000018	1.4176647506783559e-35
91	100.1546	1.1102230246251565e-16

[frame_wcrt_cdf]
frame_id	response_time_ms	cumulative_probability
0	1.7922	0.99999820780160598
0	1.8817999999999999	0.99999999999823341
0	1.9714	1
0	2.0578000000000007	1
0	2.2402000000000002	1
0	2.2870000000000004	1
0	2.3766000000000003	1
0	2.4662000000000002	1
0	2.5558000000000001	1
2	3.8068000000000013	0.99999619320724586
2	3.9614000000000011	0.9999999999921656
2	3.9890000000000008	0.9999999999921656
2	4.3420000000000014	1
2	4.4966000000000017	1
2	4.5798000000000014	1
2	4.651200000000002	1
2	4.7344000000000008	1
2	4.8058000000000014	1
2	4.9604000000000017	1
3	0.58460000000000001	0.99999941540017079
3	0.6542	0.99999999999978839
3	0.7238	1
3	0.79340000000000011	1
3	0.86299999999999999	1
3	0.9326000000000001	1
4	0.63419999999999999	0.9999993658002011
4	0.70379999999999998	0.99999999999975475
4	0.77339999999999998	1
4	0.84299999999999997	1
4	0.91260000000000008	1
4	0.98219999999999996	1
5	0.68179999999999996	0.99999931820023247
5	0.75139999999999996	0.99999999999972011
5	0.82099999999999995	1
5	0.89060000000000006	1
5	0.96019999999999994	1
5	1.0298	1
6	1.8338000000000001	0.99999816620168147
6	1.9234	0.99999999999815437
6	2.0129999999999999	1
6	2.0994000000000006	1
6	2.2818000000000001	1
6	2.3286000000000007	1
6	2.4182000000000006	1
6	2.5078000000000005	1
6	2.5974000000000004	1
7	1.8754	0.99999812460175863
7	1.9649999999999999	0.99999999999807343
7	2.1410000000000005	0.99999999999807343
7	2.2806000000000002	1
7	2.3233999999999999	1
7	2.3702000000000005	1
7	2.4129999999999998	1
7	2.4598000000000004	1
7	2.5494000000000003	1
7	2.6390000000000002	1
8	2.7118000000000015	0.99999728820367695
8	2.7514000000000012	0.99999728820367695
8	2.8014000000000014	0.99999999999608014
8	2.8910000000000013	1
8	2.9806000000000017	1
8	3.1598000000000015	1
8	3.2494000000000014	1
8	3.252600000000001	1
8	3.3422000000000009	1
8	3.4318000000000008	1
9	2.8386000000000013	0.99999716140402906
9	2.8782000000000005	0.99999716140402906
9	2.9282000000000012	0.99999999999571709
9	3.0178000000000011	1
9	3.2866000000000013	1
9	3.2898000000000009	1
9	3.3762000000000012	1
9	3.3794000000000008	1
9	3.4690000000000007	1
9	3.5586000000000007	1
11	0.1842	0.99999981580001696
11	0.25380000000000003	0.99999999999997025
11	0.32340000000000002	1
11	0.39300000000000002	1
11	0.46260000000000001	1
11	0.53220000000000001	1
12	2.8802000000000016	0.99999711980414796
12	2.9198000000000008	0.99999711980414796
12	2.9698000000000015	0.9999999999955943
12	3.2418000000000009	1
12	3.3282000000000016	1
12	3.3314000000000012	1
12	3.4178000000000015	1
12	3.4210000000000012	1
12	3.5106000000000011	1
12	3.600200000000001	1
13	0.73339999999999994	0.99999926660026894
13	0.80499999999999994	0.99999999999967859
13	0.87659999999999993	1
13	0.94819999999999993	1
13	1.0198	1
13	1.0913999999999999	1
14	0.40820000000000001	0.99999959180008335
14	0.4778	0.99999999999988831
14	0.5474	1
14	0.61699999999999999	1
14	0.6866000000000001	1
14	0.75619999999999998	1
15	2.921800000000002	0.99999707820426853
15	2.9614000000000011	0.99999707820426853
15	3.0114000000000019	0.99999999999546985
15	3.2834000000000012	1
15	3.3698000000000019	1
15	3.3730000000000016	1
15	3.4594000000000018	1
15	3.4626000000000015	1
15	3.5522000000000014	1
15	3.6418000000000013	1
16	0.78499999999999992	0.99999921500030808
16	0.85659999999999992	0.99999999999963562
16	0.92819999999999991	0.99999999999999989
16	0.99979999999999991	0.99999999999999989
16	1.1429999999999998	0.99999999999999989
16	1.2538	0.99999999999999989
16	1.3253999999999999	0.99999999999999989
16	10.0716	1
17	3.8464000000000009	0.99999615360739735
17	4.0010000000000012	0.99999999999200795
17	4.0286000000000008	0.99999999999200795
17	4.3816000000000015	1
17	4.5362000000000018	1
17	4.6194000000000006	1
17	4.6908000000000021	1
17	4.7740000000000009	1
17	4.8454000000000015	1
17	5.0000000000000018	1
18	0.82659999999999989	0.99999917340034161
18	0.89819999999999989	0.99999999999959921
18	0.96979999999999988	1
18	1.1845999999999999	1
18	1.2237999999999998	1
18	1.2953999999999997	1
18	1.3669999999999995	1
19	2.9614000000000016	0.99999703860438494
19	3.0010000000000008	0.99999703860438494
19	3.2334000000000009	0.9999999999948096
19	3.3230000000000008	1
19	3.4094000000000015	1
19	3.4126000000000012	1
19	3.4990000000000014	1
19	3.5022000000000011	1
19	3.591800000000001	1
19	3.6814000000000009	1
20	1.929	0.99999807100186056
20	2.0186000000000002	0.99999999999796663
20	2.1946000000000008	0.99999999999796663
20	2.3342000000000001	1
20	2.3770000000000002	1
20	2.4238000000000004	1
20	2.4666000000000001	1
20	2.5134000000000003	1
20	2.6030000000000002	1
20	2.6926000000000001	1
21	3.0070000000000014	0.99999699300452105
21	3.0466000000000006	0.99999699300452105
21	3.2790000000000008	0.99999999999466116
21	3.3686000000000007	1
21	3.4550000000000014	1
21	3.4582000000000011	1
21	3.5446000000000013	1
21	3.547800000000001	1
21	3.6374000000000009	1
21	3.7270000000000008	1
22	0.88019999999999998	0.99999911980038736
22	0.95379999999999998	0.99999999999954781
22	1.0274000000000001	1
22	1.2482	1
22	1.2833999999999999	1
22	1.3569999999999998	1
22	1.4305999999999996	1
23	3.0902000000000007	1.312959050936332e-39
23	3.233000000000001	0.99999676700522622
23	3.3226000000000009	0.9999999999944843
23	3.4122000000000008	1
23	3.4986000000000015	1
23	3.5018000000000011	1
23	3.5882000000000014	1
23	3.591400000000001	1
23	3.6810000000000009	1
23	3.7706000000000008	1
26	0.44779999999999998	0.99999955220010039
26	0.51739999999999997	0.99999999999986866
26	0.58699999999999997	1
26	0.65660000000000007	1
26	0.72619999999999996	1
26	0.79580000000000006	1
27	0.92579999999999996	0.99999907420042855
27	0.99939999999999996	0.99999999999950329
27	1.2553999999999998	1
27	1.2938000000000001	1
27	1.3289999999999997	1
27	1.4025999999999998	1
27	1.4762	1
28	3.1318000000000006	1.0382104335251053e-39
28	3.2746000000000008	0.99999672540536155
28	3.3642000000000007	0.99999999999434519
28	3.4538000000000006	1
28	3.5402000000000013	1
28	3.543400000000001	1
28	3.6298000000000012	1
28	3.6330000000000009	1
28	3.7226000000000008	1
28	3.8122000000000007	1
29	3.886000000000001	0.99999611400755051
29	4.0682000000000009	0.99999611400755051
29	4.2666000000000022	0.99999999999097056
29	4.4212000000000016	1
29	4.5758000000000019	1
29	4.6590000000000007	1
29	4.7304000000000022	1
29	4.813600000000001	1
29	4.8850000000000016	1
29	5.0396000000000019	1
32	2.7554000000000012	0.99999724460379624
32	2.7950000000000008	0.99999724460379624
32	2.8450000000000011	0.99999999999595712
32	2.934600000000001	1
32	3.0242000000000013	1
32	3.2034000000000011	1
32	3.293000000000001	1
32	3.2962000000000007	1
32	3.3858000000000006	1
32	3.4754000000000005	1
34	1.9806000000000001	0.99999801940196131
34	2.2462000000000009	0.99999801940196131
34	2.2962000000000002	0.99999999999741351
34	2.3858000000000001	1
34	2.4286000000000003	1
34	2.4754000000000005	1
34	2.5182000000000002	1
34	2.5650000000000004	1
34	2.6546000000000003	1
34	2.7442000000000002	1
35	0.96539999999999981	0.99999903460046602
35	1.2213999999999996	0.9999999999992869
35	1.2949999999999997	1
35	1.3333999999999997	1
35	1.3685999999999998	1
35	1.4421999999999997	1
35	1.5157999999999996	1
36	1.0169999999999997	0.99999898300051715
36	1.2729999999999997	0.99999999999922251
36	1.3465999999999996	1
36	1.3849999999999998	1
36	1.4201999999999995	1
36	1.4937999999999996	1
36	1.5673999999999997	1
39	0.2258	0.9999997742000255
39	0.2954	0.99999999999995881
39	0.36499999999999999	1
39	0.43460000000000004	1
39	0.50419999999999998	1
39	0.57380000000000009	1
41	1.2689999999999997	0.99999873100080527
41	1.3585999999999996	0.99999999999908118
41	1.4481999999999997	1
41	1.5345999999999997	1
41	1.5377999999999996	1
41	1.6273999999999997	1
41	1.7169999999999996	1
42	3.3532000000000006	0.99999664680562206
42	3.5078000000000005	0.99999999999385969
42	3.5354000000000001	0.99999999999385969
42	3.6624000000000008	1
42	3.8170000000000006	1
42	3.9438000000000013	1
42	3.9716000000000005	1
42	4.0984000000000016	1
42	4.1262000000000008	1
42	4.280800000000001	1
43	2.7990000000000013	0.99999720100391731
43	2.8386000000000005	0.99999720100391731
43	2.8886000000000012	0.99999999999583211
43	2.9782000000000011	1
43	3.2470000000000012	1
43	3.2502000000000009	1
43	3.3366000000000011	1
43	3.3398000000000008	1
43	3.4294000000000007	1
43	3.5190000000000006	1
44	1.3145999999999995	0.99999868540086401
44	1.4041999999999994	0.99999999999901801
44	1.4937999999999996	0.99999999999999989
44	1.5801999999999996	0.99999999999999989
44	1.5833999999999995	0.99999999999999989
44	1.6729999999999996	0.99999999999999989
44	1.7625999999999995	0.99999999999999989
44	10.089600000000001	1
45	1.3541999999999994	0.99999864580091702
45	1.4437999999999993	0.99999999999896183
45	1.5333999999999994	1
45	1.6197999999999995	1
45	1.6229999999999993	1
45	1.7125999999999995	1
45	1.8021999999999994	1
46	2.0202000000000004	0.99999797980204064
46	2.2858000000000009	0.99999797980204064
46	2.3358000000000003	0.99999999999732181
46	2.4254000000000002	1
46	2.4682000000000004	1
46	2.5150000000000006	1
46	2.5578000000000003	1
46	2.6046000000000005	1
46	2.6942000000000004	1
46	2.7838000000000003	1
47	2.2878000000000007	0.99999771220261713
47	2.3274000000000012	0.99999771220261713
47	2.3774000000000006	0.99999999999717815
47	2.4670000000000005	1
47	2.5098000000000007	1
47	2.5566000000000009	1
47	2.5994000000000006	1
47	2.6462000000000008	1
47	2.7358000000000007	1
47	2.8254000000000006	1
48	3.3928000000000007	0.99999660720575556
48	3.5474000000000006	0.99999999999371991
48	3.5750000000000002	0.99999999999371991
48	3.7020000000000008	1
48	3.8566000000000007	1
48	4.0112000000000005	1
48	4.1380000000000017	1
48	4.1658000000000008	1
48	4.3204000000000011	1
48	4.3918000000000017	1
48	4.546400000000002	1
51	3.4324000000000008	0.99999656760589073
51	3.5870000000000006	0.99999999999357869
51	3.6146000000000003	0.99999999999357869
51	3.7416000000000009	1
51	3.8962000000000008	1
51	4.1776000000000018	1
51	4.2054000000000009	1
51	4.2768000000000015	1
51	4.3600000000000012	1
51	4.4314000000000018	1
51	4.5860000000000021	1
52	3.9256000000000011	0.9999960744077051
52	4.107800000000001	0.9999960744077051
52	4.3062000000000022	0.99999999999080069
52	4.4608000000000017	0.99999999999999989
52	4.6154000000000019	0.99999999999999989
52	4.6986000000000008	0.99999999999999989
52	4.7700000000000022	0.99999999999999989
52	4.8532000000000011	0.99999999999999989
52	4.9246000000000016	0.99999999999999989
52	5.0792000000000019	0.99999999999999989
52	1000.1546	1
54	2.3314000000000004	0.99999766860271766
54	2.3710000000000009	0.99999766860271766
54	2.4210000000000003	0.99999999999707334
54	2.5106000000000002	0.99999999999999989
54	2.5534000000000003	0.99999999999999989
54	2.6002000000000005	0.99999999999999989
54	2.6430000000000002	0.99999999999999989
54	2.6898000000000004	0.99999999999999989
54	2.7794000000000003	0.99999999999999989
54	2.8690000000000002	0.99999999999999989
54	20.089600000000001	1
55	0.36060000000000003	0.99999963940006498
55	0.43020000000000003	0.99999999999990985
55	0.49980000000000002	1
55	0.56940000000000013	1
55	0.63900000000000001	1
55	0.70860000000000012	1
56	2.3770000000000007	0.99999762300282502
56	2.4166000000000012	0.99999762300282502
56	2.4666000000000006	0.99999999999696187
56	2.5562000000000005	0.99999999999999989
56	2.6458000000000008	0.99999999999999989
56	2.6886000000000005	0.99999999999999989
56	2.7354000000000007	0.99999999999999989
56	2.8250000000000006	0.99999999999999989
56	2.9146000000000005	0.99999999999999989
56	20.089600000000001	1
57	1.3977999999999995	0.99999860220097692
57	1.4873999999999994	0.99999999999889788
57	1.5769999999999995	1
57	1.6633999999999995	1
57	1.6665999999999994	1
57	1.7561999999999995	1
57	1.8457999999999994	1
58	2.418600000000001	0.99999758140292483
58	2.4582000000000015	0.99999758140292483
58	2.5082000000000009	0.99999999999685851
58	2.5978000000000008	1
58	2.6874000000000011	1
58	2.7302000000000008	1
58	2.777000000000001	1
58	2.8666000000000009	1
58	2.9562000000000008	1
59	2.4642000000000008	0.99999753580303619
59	2.5038000000000014	0.99999753580303619
59	2.5538000000000007	0.99999999999674316
59	2.6434000000000006	1
59	2.733000000000001	1
59	2.8226000000000009	1
59	2.9122000000000008	1
59	3.0018000000000007	1
60	1.4413999999999996	0.9999985586010387
60	1.5309999999999995	0.99999999999883193
60	1.6205999999999996	0.99999999999999989
60	1.7069999999999996	0.99999999999999989
60	1.7101999999999995	0.99999999999999989
60	1.7997999999999996	0.99999999999999989
60	1.8893999999999995	0.99999999999999989
60	10.089600000000001	1
61	1.4869999999999994	0.99999851300110554
61	1.5765999999999993	0.9999999999987611
61	1.6661999999999995	0.99999999999999989
61	1.7525999999999997	0.99999999999999989
61	1.7557999999999994	0.99999999999999989
61	1.8453999999999995	0.99999999999999989
61	1.9349999999999994	0.99999999999999989
61	10.089600000000001	1
62	1.5305999999999995	0.99999846940117132
62	1.6201999999999994	0.99999999999869149
62	1.7097999999999995	1
62	1.7961999999999998	1
62	1.7993999999999994	1
62	1.8889999999999996	1
62	1.9785999999999995	1
63	3.4720000000000004	0.99999652800602767
63	3.6266000000000003	0.99999999999343614
63	3.6542000000000003	0.99999999999343614
63	3.7812000000000006	1
63	3.9358000000000004	1
63	4.2172000000000009	1
63	4.2450000000000001	1
63	4.3164000000000016	1
63	4.3996000000000004	1
63	4.471000000000001	1
63	4.6256000000000013	1
64	3.5176000000000007	0.99999648240618666
64	3.6722000000000006	0.99999999999326938
64	3.6998000000000006	0.99999999999326938
64	3.8268000000000009	0.99999999999999989
64	3.9814000000000007	0.99999999999999989
64	4.2628000000000013	0.99999999999999989
64	4.2906000000000004	0.99999999999999989
64	4.3620000000000019	0.99999999999999989
64	4.4452000000000007	0.99999999999999989
64	4.5166000000000013	0.99999999999999989
64	4.6712000000000016	0.99999999999999989
64	100.1546	1
66	3.5572000000000008	0.99999644280632694
66	3.7118000000000007	0.99999999999312339
66	3.7394000000000007	0.99999999999312339
66	3.8664000000000009	1
66	4.0210000000000008	1
66	4.3024000000000013	1
66	4.3302000000000005	1
66	4.401600000000002	1
66	4.4848000000000008	1
66	4.5562000000000014	1
66	4.7108000000000017	1
67	1.5741999999999994	0.9999984258012391
67	1.6637999999999993	0.99999999999861999
67	1.7533999999999994	1
67	1.8397999999999999	1
67	1.8429999999999993	1
67	1.9325999999999994	1
67	2.0221999999999993	1
68	3.9652000000000012	0.99999603480786137
68	4.1474000000000011	0.99999603480786137
68	4.3458000000000023	0.99999999999062938
68	4.5004000000000017	0.99999999999999989
68	4.655000000000002	0.99999999999999989
68	4.7382000000000009	0.99999999999999989
68	4.8096000000000023	0.99999999999999989
68	4.8928000000000011	0.99999999999999989
68	4.9642000000000017	0.99999999999999989
68	5.118800000000002	0.99999999999999989
68	1000.1546	1
70	0.49340000000000006	0.99999950660012171
70	0.56300000000000006	0.9999999999998439
70	0.63260000000000005	1
70	0.70220000000000016	1
70	0.77180000000000004	1
70	0.84140000000000015	1
71	1.6257999999999997	0.99999837420132154
71	1.7153999999999996	0.99999999999853262
71	1.8049999999999997	0.99999999999999989
71	1.8914000000000002	0.99999999999999989
71	1.8945999999999996	0.99999999999999989
71	1.9841999999999997	0.99999999999999989
71	2.0737999999999999	0.99999999999999989
71	10.089600000000001	1
72	2.5098000000000011	0.99999749020314954
72	2.5494000000000012	0.99999749020314954
72	2.599400000000001	0.99999999999662559
72	2.6890000000000009	1
72	2.7786000000000013	1
72	2.8682000000000012	1
72	2.9578000000000011	1
72	3.047400000000001	1
73	1.6673999999999995	0.99999833260139026
73	1.7569999999999995	0.99999999999846068
73	1.8465999999999996	1
73	1.9330000000000001	1
73	1.9361999999999995	1
73	2.0257999999999994	1
73	2.1153999999999997	1
74	0.27139999999999997	0.99999972860003683
74	0.34099999999999997	0.99999999999994427
74	0.41059999999999997	1
74	0.48020000000000002	1
74	0.54980000000000007	1
74	0.61939999999999995	1
75	0.53900000000000003	0.99999946100014525
75	0.60860000000000003	0.99999999999981726
75	0.67820000000000003	1
75	0.74780000000000002	1
75	0.81740000000000013	1
75	0.88700000000000001	1
76	3.6028000000000007	0.99999639720649003
76	3.7574000000000005	0.99999999999295286
76	3.7850000000000001	0.99999999999295286
76	3.9120000000000008	0.99999999999999989
76	4.292600000000002	0.99999999999999989
76	4.3480000000000008	0.99999999999999989
76	4.3758000000000008	0.99999999999999989
76	4.4472000000000014	0.99999999999999989
76	4.5304000000000002	0.99999999999999989
76	4.6018000000000017	0.99999999999999989
76	4.7564000000000011	0.99999999999999989
76	100.1546	1
77	3.644400000000001	0.99999635560664091
77	3.7990000000000008	0.99999999999279587
77	3.8266000000000009	0.99999999999279587
77	3.9536000000000011	1
77	4.3342000000000018	1
77	4.4174000000000007	1
77	4.4888000000000021	1
77	4.572000000000001	1
77	4.6434000000000015	1
77	4.7980000000000018	1
79	1.7069999999999999	0.99999829300145704
79	1.7965999999999998	0.99999999999839029
79	1.8861999999999999	1
79	1.9726000000000004	1
79	1.9757999999999998	1
79	2.1549999999999998	1
79	2.2913999999999999	1
79	2.3810000000000002	1
79	2.4706000000000001	1
80	0.317	0.99999968300005015
80	0.3866	0.99999999999992761
80	0.45620000000000005	0.99999999999999989
80	0.52580000000000005	0.99999999999999989
80	0.59540000000000004	0.99999999999999989
80	0.66500000000000004	0.99999999999999989
80	1.0696000000000001	1
81	2.5494000000000008	0.99999745060324985
81	2.5890000000000013	0.99999745060324985
81	2.6390000000000007	0.999999999996522
81	2.7286000000000006	1
81	2.8182000000000009	1
81	2.9078000000000008	1
81	2.9974000000000007	1
81	3.0870000000000006	1
82	2.5890000000000009	0.9999974110033516
82	2.6286000000000009	0.9999974110033516
82	2.6786000000000008	0.99999999999641676
82	2.7682000000000007	1
82	2.857800000000001	1
82	2.9474000000000009	1
82	3.0370000000000008	1
82	3.1266000000000007	1
83	2.6306000000000012	0.99999736940346007
83	2.6702000000000012	0.99999736940346007
83	2.7202000000000011	0.99999999999630429
83	2.809800000000001	1
83	2.8994000000000013	1
83	2.9890000000000012	1
83	3.0786000000000011	1
83	3.168200000000001	1
83	3.2610000000000006	1
83	3.3506000000000005	1
84	3.6860000000000008	0.99999631400679323
84	3.8406000000000007	0.99999999999263678
84	3.8682000000000007	0.99999999999263678
84	3.995200000000001	0.99999999999999989
84	4.3758000000000017	0.99999999999999989
84	4.4590000000000005	0.99999999999999989
84	4.530400000000002	0.99999999999999989
84	4.6136000000000008	0.99999999999999989
84	4.6850000000000014	0.99999999999999989
84	4.8396000000000017	0.99999999999999989
84	100.1546	1
85	3.7256000000000009	0.99999627440694006
85	3.8802000000000008	0.99999999999248401
85	3.9078000000000008	0.99999999999248401
85	4.0348000000000006	1
85	4.4154000000000018	1
85	4.4986000000000006	1
85	4.5700000000000021	1
85	4.6532000000000009	1
85	4.7246000000000015	1
85	4.8792000000000018	1
86	3.9652000000000007	0.99999603480786148
86	4.1474000000000002	0.99999603480786148
86	4.3458000000000014	0.9999999999906295
86	4.5004000000000008	1
86	4.6550000000000011	1
86	4.7382000000000009	1
86	4.8096000000000014	1
86	4.8928000000000011	1
86	4.9642000000000008	1
86	5.1188000000000011	1
88	2.6702000000000012	0.99999732980356515
88	2.7098000000000013	0.99999732980356515
88	2.7598000000000011	0.99999999999619593
88	2.849400000000001	1
88	2.9390000000000014	1
88	3.0286000000000013	1
88	3.1182000000000012	1
88	3.2078000000000011	1
88	3.3006000000000006	1
88	3.3902000000000005	1
89	1.7485999999999999	0.99999825140152876
89	1.8381999999999998	0.99999999999831446
89	1.9278	0.99999999999999989
89	2.0142000000000007	0.99999999999999989
89	2.0173999999999999	0.99999999999999989
89	2.1966000000000001	0.99999999999999989
89	2.3330000000000002	0.99999999999999989
89	2.4226000000000001	0.99999999999999989
89	2.5122	0.99999999999999989
89	10.089600000000001	1
91	3.765200000000001	0.99999623480708832
91	3.9198000000000008	0.99999999999232947
91	3.9474000000000009	0.99999999999232947
91	4.3004000000000016	0.99999999999999989
91	4.4550000000000018	0.99999999999999989
91	4.5382000000000007	0.99999999999999989
91	4.6096000000000021	0.99999999999999989
91	4.692800000000001	0.99999999999999989
91	4.7642000000000015	0.99999999999999989
91	4.9188000000000018	0.99999999999999989
91	100.1546	1

[frame_distribution_quantiles]
frame_id	retry_q50	retry_q90	retry_q95	retry_q99	wcrt_q50_ms	wcrt_q90_ms	wcrt_q95_ms	wcrt_q99_ms
0	0	0	0	0	1.7922	1.7922	1.7922	1.7922
2	0	0	0	0	3.8068000000000013	3.8068000000000013	3.8068000000000013	3.8068000000000013
3	0	0	0	0	0.58460000000000001	0.58460000000000001	0.58460000000000001	0.58460000000000001
4	0	0	0	0	0.63419999999999999	0.63419999999999999	0.63419999999999999	0.63419999999999999
5	0	0	0	0	0.68179999999999996	0.68179999999999996	0.68179999999999996	0.68179999999999996
6	0	0	0	0	1.8338000000000001	1.8338000000000001	1.8338000000000001	1.8338000000000001
7	0	0	0	0	1.8754	1.8754	1.8754	1.8754
8	0	0	0	0	2.7118000000000015	2.7118000000000015	2.7118000000000015	2.7118000000000015
9	0	0	0	0	2.8386000000000013	2.8386000000000013	2.8386000000000013	2.8386000000000013
11	0	0	0	0	0.1842	0.1842	0.1842	0.1842
12	0	0	0	0	2.8802000000000016	2.8802000000000016	2.8802000000000016	2.8802000000000016
13	0	0	0	0	0.73339999999999994	0.73339999999999994	0.73339999999999994	0.73339999999999994
14	0	0	0	0	0.40820000000000001	0.40820000000000001	0.40820000000000001	0.40820000000000001
15	0	0	0	0	2.921800000000002	2.921800000000002	2.921800000000002	2.921800000000002
16	0	0	0	0	0.78499999999999992	0.78499999999999992	0.78499999999999992	0.78499999999999992
17	0	0	0	0	3.8464000000000009	3.8464000000000009	3.8464000000000009	3.8464000000000009
18	0	0	0	0	0.82659999999999989	0.82659999999999989	0.82659999999999989	0.82659999999999989
19	0	0	0	0	2.9614000000000016	2.9614000000000016	2.9614000000000016	2.9614000000000016
20	0	0	0	0	1.929	1.929	1.929	1.929
21	0	0	0	0	3.0070000000000014	3.0070000000000014	3.0070000000000014	3.0070000000000014
22	0	0	0	0	0.88019999999999998	0.88019999999999998	0.88019999999999998	0.88019999999999998
23	0	0	0	0	3.233000000000001	3.233000000000001	3.233000000000001	3.233000000000001
26	0	0	0	0	0.44779999999999998	0.44779999999999998	0.44779999999999998	0.44779999999999998
27	0	0	0	0	0.92579999999999996	0.92579999999999996	0.92579999999999996	0.92579999999999996
28	0	0	0	0	3.2746000000000008	3.2746000000000008	3.2746000000000008	3.2746000000000008
29	0	0	0	0	3.886000000000001	3.886000000000001	3.886000000000001	3.886000000000001
32	0	0	0	0	2.7554000000000012	2.7554000000000012	2.7554000000000012	2.7554000000000012
34	0	0	0	0	1.9806000000000001	1.9806000000000001	1.9806000000000001	1.9806000000000001
35	0	0	0	0	0.96539999999999981	0.96539999999999981	0.96539999999999981	0.96539999999999981
36	0	0	0	0	1.0169999999999997	1.0169999999999997	1.0169999999999997	1.0169999999999997
39	0	0	0	0	0.2258	0.2258	0.2258	0.2258
41	0	0	0	0	1.2689999999999997	1.2689999999999997	1.2689999999999997	1.2689999999999997
42	0	0	0	0	3.3532000000000006	3.3532000000000006	3.3532000000000006	3.3532000000000006
43	0	0	0	0	2.7990000000000013	2.7990000000000013	2.7990000000000013	2.7990000000000013
44	0	0	0	0	1.3145999999999995	1.3145999999999995	1.3145999999999995	1.3145999999999995
45	0	0	0	0	1.3541999999999994	1.3541999999999994	1.3541999999999994	1.3541999999999994
46	0	0	0	0	2.0202000000000004	2.0202000000000004	2.0202000000000004	2.0202000000000004
47	0	0	0	0	2.2878000000000007	2.2878000000000007	2.2878000000000007	2.2878000000000007
48	0	0	0	0	3.3928000000000007	3.3928000000000007	3.3928000000000007	3.3928000000000007
51	0	0	0	0	3.4324000000000008	3.4324000000000008	3.4324000000000008	3.4324000000000008
52	0	0	0	0	3.9256000000000011	3.9256000000000011	3.9256000000000011	3.9256000000000011
54	0	0	0	0	2.3314000000000004	2.3314000000000004	2.3314000000000004	2.3314000000000004
55	0	0	0	0	0.36060000000000003	0.36060000000000003	0.36060000000000003	0.36060000000000003
56	0	0	0	0	2.3770000000000007	2.3770000000000007	2.3770000000000007	2.3770000000000007
57	0	0	0	0	1.3977999999999995	1.3977999999999995	1.3977999999999995	1.3977999999999995
58	0	0	0	0	2.418600000000001	2.418600000000001	2.418600000000001	2.418600000000001
59	0	0	0	0	2.4642000000000008	2.4642000000000008	2.4642000000000008	2.4642000000000008
60	0	0	0	0	1.4413999999999996	1.4413999999999996	1.4413999999999996	1.4413999999999996
61	0	0	0	0	1.4869999999999994	1.4869999999999994	1.4869999999999994	1.4869999999999994
62	0	0	0	0	1.5305999999999995	1.5305999999999995	1.5305999999999995	1.5305999999999995
63	0	0	0	0	3.4720000000000004	3.4720000000000004	3.4720000000000004	3.4720000000000004
64	0	0	0	0	3.5176000000000007	3.5176000000000007	3.5176000000000007	3.5176000000000007
66	0	0	0	0	3.5572000000000008	3.5572000000000008	3.5572000000000008	3.5572000000000008
67	0	0	0	0	1.5741999999999994	1.5741999999999994	1.5741999999999994	1.5741999999999994
68	0	0	0	0	3.9652000000000012	3.9652000000000012	3.9652000000000012	3.9652000000000012
70	0	0	0	0	0.49340000000000006	0.49340000000000006	0.49340000000000006	0.49340000000000006
71	0	0	0	0	1.6257999999999997	1.6257999999999997	1.6257999999999997	1.6257999999999997
72	0	0	0	0	2.5098000000000011	2.5098000000000011	2.5098000000000011	2.5098000000000011
73	0	0	0	0	1.6673999999999995	1.6673999999999995	1.6673999999999995	1.6673999999999995
74	0	0	0	0	0.27139999999999997	0.27139999999999997	0.27139999999999997	0.27139999999999997
75	0	0	0	0	0.53900000000000003	0.53900000000000003	0.53900000000000003	0.53900000000000003
76	0	0	0	0	3.6028000000000007	3.6028000000000007	3.6028000000000007	3.6028000000000007
77	0	0	0	0	3.644400000000001	3.644400000000001	3.644400000000001	3.644400000000001
79	0	0	0	0	1.7069999999999999	1.7069999999999999	1.7069999999999999	1.7069999999999999
80	0	0	0	0	0.317	0.317	0.317	0.317
81	0	0	0	0	2.5494000000000008	2.5494000000000008	2.5494000000000008	2.5494000000000008
82	0	0	0	0	2.5890000000000009	2.5890000000000009	2.5890000000000009	2.5890000000000009
83	0	0	0	0	2.6306000000000012	2.6306000000000012	2.6306000000000012	2.6306000000000012
84	0	0	0	0	3.6860000000000008	3.6860000000000008	3.6860000000000008	3.6860000000000008
85	0	0	0	0	3.7256000000000009	3.7256000000000009	3.7256000000000009	3.7256000000000009
86	0	0	0	0	3.9652000000000007	3.9652000000000007	3.9652000000000007	3.9652000000000007
88	0	0	0	0	2.6702000000000012	2.6702000000000012	2.6702000000000012	2.6702000000000012
89	0	0	0	0	1.7485999999999999	1.7485999999999999	1.7485999999999999	1.7485999999999999
91	0	0	0	0	3.765200000000001	3.765200000000001	3.765200000000001	3.765200000000001

[signal_summary]
code	frame_id	period_ms	level	type	p_timeout	expected_wcrt_ms	wcrt_p95_ms	threshold_wcrt_ms	expected_retry_count	p_threshold
29575961	5	10	2	0	0	0.68180004745328326	0.68179999999999996	0.82099999999999995	6.8180004745328401e-07	2.7777777777777779e-13
40153825	8	50	0	0	0	2.7118002429773034	2.7118000000000015	2.7118000000000015	2.7118002429773014e-06	1
93183687	9	100	0	0	0	2.8386002543385849	2.8386000000000013	2.8386000000000013	2.8386002543385842e-06	1
101621499	46	20	0	0	0	2.0202006375747166	2.0202000000000004	2.0202000000000004	2.0202006375747155e-06	1
240620454	71	10	0	0	1.1102230246251565e-16	1.625800145671694	1.6257999999999997	1.6257999999999997	1.6258001463378262e-06	1
321676576	91	100	0	0	1.1102230246251565e-16	3.7652005821017558	3.765200000000001	3.765200000000001	3.7652005828789006e-06	1
322396837	14	10	0	0	0	0.408200028410722	0.40820000000000001	0.40820000000000001	4.0820002841072253e-07	1
374707469	3	10	0	0	0	0.58460004068816274	0.58460000000000001	0.58460000000000001	5.8460004068816241e-07	1
440650848	84	100	0	0	1.1102230246251565e-16	3.6860005698556999	3.6860000000000008	3.6860000000000008	3.6860005706328506e-06	1
442624874	13	10	0	0	0	0.73340005251144369	0.73339999999999994	0.73339999999999994	7.3340005251144381e-07	1
456015653	55	2	0	0	0	0.36060002509776173	0.36060000000000003	0.36060000000000003	3.6060002509776208e-07	1
495907759	29	1000	0	0	0	3.8860014790101229	3.886000000000001	3.886000000000001	3.8860014790101251e-06	1
514152665	44	10	0	0	1.1102230246251565e-16	1.3146001177881712	1.3145999999999995	1.3145999999999995	1.3146001184543043e-06	1
518258857	36	10	3	0	0	1.0170002603519246	1.0169999999999997	1.3465999999999996	1.0170002603519242e-06	2.7777777777777781e-14
535692301	51	100	2	0	0	3.4324005306491228	3.4324000000000008	3.7416000000000009	3.4324005306491258e-06	2.7777777777777777e-12
545722998	73	10	2	0	0	1.6674001493990531	1.6673999999999995	1.8465999999999996	1.6674001493990511e-06	2.7777777777777779e-13
622715525	34	20	1	0	0	1.9806006250769728	1.9806000000000001	2.3858000000000001	1.9806006250769726e-06	5.5555555555555559e-13
624309292	81	20	1	0	0	2.5494002284262618	2.5494000000000008	2.7286000000000006	2.5494002284262618e-06	5.5555555555555559e-13
624624435	75	10	0	0	0	0.53900003751440262	0.53900000000000003	0.53900000000000003	5.3900003751440244e-07	1
651058750	89	10	3	0	1.1102230246251565e-16	1.7486001566745748	1.7485999999999999	1.9278	1.7486001574517306e-06	2.7777777777777781e-14
670062274	44	10	0	0	1.1102230246251565e-16	1.3146001177881712	1.3145999999999995	1.3145999999999995	1.3146001184543043e-06	1
687728965	13	10	0	0	0	0.73340005251144369	0.73339999999999994	0.73339999999999994	7.3340005251144381e-07	1
697536325	42	100	2	0	0	3.3532005184048006	3.3532000000000006	3.6624000000000008	3.3532005184047969e-06	2.7777777777777777e-12
712811022	54	20	0	0	1.1102230246251565e-16	2.3314002088934611	2.3314000000000004	2.3314000000000004	2.3314002096706155e-06	1
725896361	47	20	1	0	0	2.2878002049868997	2.2878000000000007	2.4670000000000005	2.2878002049868995e-06	5.5555555555555559e-13
741001163	39	1	0	0	0	0.22580001571568109	0.2258	0.2258	2.2580001571568143e-07	1
753623169	23	100	0	0	0	3.2330002896768271	3.233000000000001	3.0902000000000007	3.2330002896768279e-06	1
808729790	60	10	0	0	1.1102230246251565e-16	1.441400129149452	1.4413999999999996	1.4413999999999996	1.441400129815585e-06	1
832980168	71	20	3	0	1.1102230246251565e-16	1.625800145671694	1.6257999999999997	1.8049999999999997	1.6258001463378262e-06	5.5555555555555561e-14
868419894	73	20	0	0	0	1.6674001493990531	1.6673999999999995	1.6673999999999995	1.6674001493990511e-06	1
871672312	22	10	0	0	0	0.88020006478272472	0.88019999999999998	0.88019999999999998	8.8020006478272544e-07	1
879875652	42	100	2	0	0	3.3532005184048006	3.3532000000000006	3.6624000000000008	3.3532005184047969e-06	2.7777777777777777e-12
903184243	79	10	0	0	0	1.7070001529472139	1.7069999999999999	1.7069999999999999	1.7070001529472129e-06	1
937365622	44	20	0	0	1.1102230246251565e-16	1.3146001177881712	1.3145999999999995	1.3145999999999995	1.3146001184543043e-06	1
956787024	43	100	2	0	0	2.7990002507904244	2.7990000000000013	2.9782000000000011	2.7990002507904237e-06	2.7777777777777777e-12
989760077	75	5	0	1	0	0.53900003751440262	0.53900000000000003	0.53900000000000003	5.3900003751440244e-07	1
1008070047	3	10	0	0	0	0.58460004068816274	0.58460000000000001	0.58460000000000001	5.8460004068816241e-07	1
1047064352	36	10	0	0	0	1.0170002603519246	1.0169999999999997	1.0169999999999997	1.0170002603519242e-06	1
1082943951	77	100	0	0	0	3.6444005634243282	3.644400000000001	3.644400000000001	3.6444005634243265e-06	1
1086290618	34	20	0	0	0	1.9806006250769728	1.9806000000000001	1.9806000000000001	1.9806006250769726e-06	1
1155741353	0	20	0	0	0	1.7922001605811342	1.7922	1.7922	1.792200160581135e-06	1
1250424618	4	20	0	0	0	0.63420004414032305	0.63419999999999999	0.63419999999999999	6.3420004414032271e-07	1
1250642547	85	100	0	0	0	3.7256005759778503	3.7256000000000009	3.7256000000000009	3.7256005759778509e-06	1
1269654618	66	100	0	0	0	3.557200549943206	3.5572000000000008	3.5572000000000008	3.5572005499432036e-06	1
1288507183	80	2	0	0	1.1102230246251565e-16	0.31700002206320166	0.317	0.317	3.1700002272933578e-07	1
1311207144	67	10	0	0	0	1.5742001410483322	1.5741999999999994	1.5741999999999994	1.5742001410483316e-06	1
1325365916	58	20	0	0	0	2.4186002167065803	2.418600000000001	2.418600000000001	2.4186002167065804e-06	1
1334543122	2	1000	1	0	0	3.8068005885331426	3.8068000000000013	3.9614000000000011	3.8068005885331417e-06	2.7777777777777777e-11
1346211970	55	2	0	0	0	0.36060002509776173	0.36060000000000003	0.36060000000000003	3.6060002509776208e-07	1
1351232252	22	20	0	0	0	0.88020006478272472	0.88019999999999998	0.88019999999999998	8.8020006478272544e-07	1
1353722457	16	20	0	0	1.1102230246251565e-16	0.7850000562060051	0.78499999999999992	0.78499999999999992	7.850000568721372e-07	1
1357381956	16	20	0	0	1.1102230246251565e-16	0.7850000562060051	0.78499999999999992	0.78499999999999992	7.850000568721372e-07	1
1410367117	7	20	1	0	0	1.8754001680362904	1.8754	2.2806000000000002	1.8754001680362908e-06	5.5555555555555559e-13
1596253122	17	1000	0	0	0	3.8464005946553388	3.8464000000000009	3.8464000000000009	3.8464005946553438e-06	1
1686445955	0	20	1	0	0	1.7922001605811342	1.7922	1.9714	1.792200160581135e-06	5.5555555555555559e-13
1766231520	26	5	0	0	0	0.44780003116688222	0.44779999999999998	0.44779999999999998	4.4780003116688252e-07	1
1812981116	62	20	0	0	0	1.5306001371417717	1.5305999999999995	1.5305999999999995	1.5306001371417727e-06	1
1851905612	34	20	0	0	0	1.9806006250769728	1.9806000000000001	1.9806000000000001	1.9806006250769726e-06	1
1865293584	11	2	0	0	0	0.18420001282032089	0.1842	0.1842	1.8420001282032082e-07	1
1886105941	62	10	0	0	0	1.5306001371417717	1.5305999999999995	1.5305999999999995	1.5306001371417727e-06	1
1909944595	41	10	0	0	0	1.2690001137024101	1.2689999999999997	1.2689999999999997	1.2690001137024094e-06	1
1916917654	63	100	0	0	0	3.4720005367712843	3.4720000000000004	3.4720000000000004	3.4720005367712792e-06	1
1922138245	82	20	0	0	0	2.5890002319744223	2.5890000000000009	2.5890000000000009	2.5890002319744231e-06	1
1944552524	57	10	0	0	0	1.3978001252428907	1.3977999999999995	1.3977999999999995	1.3978001252428908e-06	1
1980797686	22	10	0	0	0	0.88020006478272472	0.88019999999999998	0.88019999999999998	8.8020006478272544e-07	1
1988307494	61	10	0	0	1.1102230246251565e-16	1.4870001332352123	1.4869999999999994	1.4869999999999994	1.4870001339013456e-06	1
2012101866	6	20	2	0	0	1.8338001643084949	1.8338000000000001	2.0129999999999999	1.8338001643084954e-06	5.5555555555555559e-13
2024733481	41	20	0	0	0	1.2690001137024101	1.2689999999999997	1.2689999999999997	1.2690001137024094e-06	1
2034088144	80	1	3	0	1.1102230246251565e-16	0.31700002206320166	0.317	0.45620000000000005	3.1700002272933578e-07	2.7777777777777776e-15
2117067897	20	20	3	0	0	1.929000172838875	1.929	2.3342000000000001	1.9290001728388746e-06	5.5555555555555561e-14
2186179759	16	10	0	0	1.1102230246251565e-16	0.7850000562060051	0.78499999999999992	0.78499999999999992	7.850000568721372e-07	1
2265717865	59	20	2	0	0	2.4642002207923408	2.4642000000000008	2.6434000000000006	2.464200220792343e-06	5.5555555555555559e-13
2274680042	36	20	1	0	0	1.0170002603519246	1.0169999999999997	1.3465999999999996	1.0170002603519242e-06	5.5555555555555559e-13
2359997490	5	20	0	0	0	0.68180004745328326	0.68179999999999996	0.68179999999999996	6.8180004745328401e-07	1
2388078530	74	1	0	0	0	0.27140001888944126	0.27139999999999997	0.27139999999999997	2.7140001888944158e-07	1
2390275456	57	10	0	0	0	1.3978001252428907	1.3977999999999995	1.3977999999999995	1.3978001252428908e-06	1
2446409855	71	20	1	0	1.1102230246251565e-16	1.625800145671694	1.6257999999999997	1.8049999999999997	1.6258001463378262e-06	5.5555555555555559e-13
2520765450	41	10	2	0	0	1.2690001137024101	1.2689999999999997	1.4481999999999997	1.2690001137024094e-06	2.7777777777777779e-13
2532072125	74	1	0	0	0	0.27140001888944126	0.27139999999999997	0.27139999999999997	2.7140001888944158e-07	1
2604694531	5	10	0	0	0	0.68180004745328326	0.68179999999999996	0.68179999999999996	6.8180004745328401e-07	1
2681512001	56	20	0	0	1.1102230246251565e-16	2.377000212979222	2.3770000000000007	2.3770000000000007	2.3770002137563781e-06	1
2686581074	4	10	0	0	0	0.63420004414032305	0.63419999999999999	0.63419999999999999	6.3420004414032271e-07	1
2705126582	32	100	0	0	0	2.7554002468838639	2.7554000000000012	2.7554000000000012	2.7554002468838634e-06	1
2712343740	23	100	0	0	0	3.2330002896768271	3.233000000000001	3.0902000000000007	3.2330002896768279e-06	1
2770550405	11	1	0	0	0	0.18420001282032089	0.1842	0.1842	1.8420001282032082e-07	1
2829083369	72	20	0	0	0	2.5098002248781013	2.5098000000000011	2.5098000000000011	2.5098002248781013e-06	1
2954849308	28	100	1	0	0	3.2746002934041876	3.2746000000000008	3.4538000000000006	3.2746002934041881e-06	2.7777777777777777e-12
2978752247	35	10	0	0	0	0.96540024714233297	0.96539999999999981	0.96539999999999981	9.6540024714233293e-07	1
3064530647	68	1000	2	0	1.1102230246251565e-16	3.9652015091536885	3.9652000000000012	4.3458000000000023	3.9652015099307308e-06	2.7777777777777777e-11
3139072450	59	20	0	0	0	2.4642002207923408	2.4642000000000008	2.4642000000000008	2.464200220792343e-06	1
3199975902	88	20	0	0	0	2.6702002392499429	2.6702000000000012	2.6702000000000012	2.6702002392499454e-06	1
3246535679	86	1000	1	0	0	3.9652015091535775	3.9652000000000007	4.3458000000000014	3.9652015091535747e-06	2.7777777777777777e-11
3274996432	41	20	2	0	0	1.2690001137024101	1.2689999999999997	1.4481999999999997	1.2690001137024094e-06	5.5555555555555559e-13
3350133264	32	50	0	0	0	2.7554002468838639	2.7554000000000012	2.7554000000000012	2.7554002468838634e-06	1
3370187319	43	50	0	0	0	2.7990002507904244	2.7990000000000013	2.7990000000000013	2.7990002507904237e-06	1
3383781302	27	10	0	0	0	0.92580006813897553	0.92579999999999996	0.92579999999999996	9.2580006813897632e-07	1
3388530114	42	100	0	0	0	3.3532005184048006	3.3532000000000006	3.3532000000000006	3.3532005184047969e-06	1
3493523192	27	10	0	0	0	0.92580006813897553	0.92579999999999996	0.92579999999999996	9.2580006813897632e-07	1
3642656182	14	5	1	0	0	0.408200028410722	0.40820000000000001	0.4778	4.0820002841072253e-07	1.388888888888889e-13
3654836198	76	100	0	0	1.1102230246251565e-16	3.6028005569929777	3.6028000000000007	3.6028000000000007	3.6028005577701239e-06	1
3702083669	45	10	0	0	0	1.3542001213363304	1.3541999999999994	1.3541999999999994	1.3542001213363301e-06	1
3740067493	61	10	0	0	1.1102230246251565e-16	1.4870001332352123	1.4869999999999994	1.4869999999999994	1.4870001339013456e-06	1
3744921546	12	100	2	0	0	2.8802002580667487	2.8802000000000016	3.2418000000000009	2.8802002580667486e-06	2.7777777777777777e-12
3757623671	60	20	0	0	1.1102230246251565e-16	1.441400129149452	1.4413999999999996	1.4413999999999996	1.441400129815585e-06	1
3773168429	14	10	0	0	0	0.408200028410722	0.40820000000000001	0.40820000000000001	4.0820002841072253e-07	1
3775797579	54	20	0	0	1.1102230246251565e-16	2.3314002088934611	2.3314000000000004	2.3314000000000004	2.3314002096706155e-06	1
3805319022	48	100	1	0	0	3.3928005245269621	3.3928000000000007	3.7020000000000008	3.3928005245269635e-06	2.7777777777777777e-12
3832462648	22	10	0	0	0	0.88020006478272472	0.88019999999999998	0.88019999999999998	8.8020006478272544e-07	1
3836355316	21	100	0	0	0	3.0070008179032501	3.0070000000000014	3.0070000000000014	3.0070008179032536e-06	1
3852121460	18	10	0	0	0	0.82660005918456403	0.82659999999999989	0.82659999999999989	8.2660005918456451e-07	1
3885248188	83	20	0	0	0	2.6306002357017824	2.6306000000000012	2.6306000000000012	2.6306002357017824e-06	1
3903712601	84	100	0	0	1.1102230246251565e-16	3.6860005698556999	3.6860000000000008	3.6860000000000008	3.6860005706328506e-06	1
3968080036	70	5	0	0	0	0.49340003434064239	0.49340000000000006	0.49340000000000006	4.9340003434064227e-07	1
4092625098	52	1000	0	0	1.1102230246251565e-16	3.925601494081961	3.9256000000000011	3.9256000000000011	3.9256014948590039e-06	1
4152602699	15	100	0	0	0	2.9218002617941319	2.921800000000002	2.921800000000002	2.9218002617941304e-06	1
4168769055	19	100	0	0	0	2.961400805500074	2.9614000000000016	2.9614000000000016	2.9614008055000751e-06	1
4204574980	13	20	0	0	0	0.73340005251144369	0.73339999999999994	0.73339999999999994	7.3340005251144381e-07	1
4246770657	67	10	0	0	0	1.5742001410483322	1.5741999999999994	1.5741999999999994	1.5742001410483316e-06	1
4247453632	16	20	0	0	1.1102230246251565e-16	0.7850000562060051	0.78499999999999992	0.78499999999999992	7.850000568721372e-07	1
4268185387	64	100	3	0	1.1102230246251565e-16	3.5176005438210556	3.5176000000000007	3.8268000000000009	3.5176005445981987e-06	2.7777777777777779e-13
