base_bandwidth_utilization	0.38593960000000022
expected_bandwidth_utilization	0.38593990172538423

rounded_expected_bandwidth_utilization	0.77187920000000054

bandwidth_utilization_p99	0.38593960000000027

[frame_summary]
frame_id	priority	period_ms	deadline_ms	trans_time_ms	expected_retry_count	expected_tx_count	rounded_expected_retry_count	rounded_expected_tx_count	retry_p99	tx_count_p99	expected_wcrt_ms	p_timeout	wcrt_p95_ms
0	7	10	10	0.039600000000000003	4.5940003381184276e-07	1.0000004594000338	1	2	0	1	0.45940003381184263	0	0.45940000000000003
2	50	100	100	0.045600000000000002	2.828600253442586e-06	1.0000028286002534	1	2	0	1	2.8286002534425849	0	2.8286000000000016
3	5	5	5	0.045600000000000002	3.722000273939221e-07	1.0000003722000275	1	2	0	1	0.37220002739392194	0	0.37219999999999998
4	8	10	10	0.0436	5.0300003702080209e-07	1.000000503000037	1	2	0	1	0.50300003702080276	0	0.503
5	9	10	10	0.045600000000000002	5.4860004037696255e-07	1.0000005486000403	1	2	0	1	0.54860004037696297	0	0.54859999999999998
6	10	10	10	0.049600000000000005	5.9820004469365751e-07	1.0000005982000446	1	2	0	1	0.59820004402752425	1.1102230246251565e-16	0.59819999999999995
7	32	20	20	0.039600000000000003	1.8418001650252947e-06	1.000001841800165	1	2	0	1	1.8418001650252951	0	1.8418000000000001
8	51	100	100	0.047600000000000003	2.8762002577083466e-06	1.0000028762002577	1	2	0	1	2.8762002577083465	0	2.8762000000000016
9	69	1000	1000	0.039600000000000003	3.8134004683017841e-06	1.0000038134004683	1	2	0	1	3.8134004675247422	1.1102230246251565e-16	3.8134000000000006
11	52	100	100	0.041599999999999998	2.9178002614357301e-06	1.0000029178002614	1	2	0	1	2.9178002614357292	0	2.9178000000000019
13	11	10	10	0.041599999999999998	6.3980004708928422e-07	1.0000006398000472	1	2	0	1	0.63980004708928351	0	0.63980000000000004
16	53	100	100	0.041599999999999998	2.9594008049560753e-06	1.0000029594008049	1	2	0	1	2.9594008049560752	0	2.9594000000000018
17	33	20	20	0.039600000000000003	1.881400168573888e-06	1.0000018814001685	1	2	0	1	1.8814001685738897	0	1.8814000000000002
18	12	10	10	0.061600000000000002	7.0140005723424512e-07	1.0000007014000571	1	2	0	1	0.70140005723424459	0	0.70140000000000002
19	54	100	100	0.041599999999999998	3.0010008162712569e-06	1.0000030010008163	1	2	0	1	3.001000816271254	0	3.0010000000000017
20	13	10	10	0.061600000000000002	7.6300006226080584e-07	1.0000007630000622	1	2	0	1	0.76300006226080508	0	0.76300000000000001
21	34	20	20	0.039600000000000003	1.9210001721220686e-06	1.000001921000172	1	2	0	1	1.9210001721220675	0	1.9210000000000003
22	70	1000	1000	0.039600000000000003	3.8530004723796235e-06	1.0000038530004725	1	2	0	1	3.8530004723796267	0	3.8530000000000006
23	35	20	20	0.0436	1.9646006160981842e-06	1.0000019646006162	1	2	0	1	1.9646006160981835	0	1.9646000000000003
24	14	10	10	0.049600000000000005	8.1260006630816656e-07	1.0000008126000663	1	2	0	1	0.81260006630816528	0	0.81259999999999988
25	36	20	20	0.039600000000000003	2.0042006285167265e-06	1.0000020042006286	1	2	0	1	2.0042006285167271	0	2.0042000000000004
26	37	20	20	0.047600000000000003	2.2758002039116987e-06	1.0000022758002038	1	2	0	1	2.2758002039116985	0	2.2758000000000003
27	15	10	10	0.047600000000000003	8.6020007019232537e-07	1.0000008602000703	1	2	0	1	0.86020007019232547	0	0.86019999999999985
28	6	5	5	0.047600000000000003	4.19800030897282e-07	1.000000419800031	1	2	0	1	0.41980003089728229	0	0.41980000000000001
29	0	1	1	0.047600000000000003	1.5020001015352053e-07	1.0000001502000102	1	2	0	1	0.15020001015352066	0	0.1502
30	38	20	20	0.041599999999999998	2.3174002076390589e-06	1.0000023174002077	1	2	0	1	2.3174002076390594	0	2.3174000000000006
31	16	10	10	0.0436	9.038000737501746e-07	1.0000009038000737	1	2	0	1	0.90380007375017368	0	0.90379999999999983
33	55	100	100	0.10260000000000001	3.0466009292122686e-06	1.0000030466009293	1	2	0	1	3.0466009292122691	0	3.0466000000000015
34	17	10	10	0.045600000000000002	9.4940007813727655e-07	1.0000009494000781	1	2	0	1	0.94940007747114352	1.1102230246251565e-16	0.9493999999999998
35	18	10	10	0.039600000000000003	9.8900026109593153e-07	1.000000989000261	1	2	0	1	0.98900026109593187	0	0.98899999999999966
36	48	50	50	0.041599999999999998	2.7354002458690228e-06	1.0000027354002459	1	2	0	1	2.7354002450918689	1.1102230246251565e-16	2.7354000000000016
37	56	100	100	0.041599999999999998	3.2706004009756111e-06	1.000003270600401	1	2	0	1	3.2706004009756104	0	3.2706000000000008
38	19	10	10	0.041599999999999998	1.0306002720783256e-06	1.000001030600272	1	2	0	1	1.0306002720783252	0	1.0305999999999997
39	20	10	10	0.041599999999999998	1.2546001023753683e-06	1.0000012546001025	1	2	0	1	1.2546001023753683	0	1.2545999999999999
40	57	100	100	0.039600000000000003	3.3102004058305723e-06	1.0000033102004058	1	2	0	1	3.3102004058305714	0	3.3102000000000005
41	71	1000	1000	0.039600000000000003	3.892600478011778e-06	1.000003892600478	1	2	0	1	3.8926004772347333	1.1102230246251565e-16	3.8926000000000007
43	58	100	100	0.041599999999999998	3.3518004109307302e-06	1.000003351800411	1	2	0	1	3.3518004109307311	0	3.3518000000000003
45	39	20	20	0.041599999999999998	2.3590002113664182e-06	1.0000023590002114	1	2	0	1	2.3590002113664195	0	2.3590000000000004
46	21	10	10	0.0436	1.2982001065992621e-06	1.0000012982001065	1	2	0	1	1.2982001059331292	1.1102230246251565e-16	1.2981999999999996
47	59	100	100	0.041599999999999998	3.3934004160308953e-06	1.000003393400416	1	2	0	1	3.3934004160308917	0	3.3934000000000006
48	1	1	1	0.053600000000000002	2.0380001499968113e-07	1.0000002038000151	1	2	0	1	0.20380001499968112	0	0.20380000000000001
50	40	20	20	0.041599999999999998	2.4006002150937813e-06	1.0000024006002151	1	2	0	1	2.4006002150937804	0	2.4006000000000007
51	4	2	2	0.041599999999999998	3.266000240377619e-07	1.0000003266000241	1	2	0	1	0.32660002403776173	0	0.3266
52	41	20	20	0.041599999999999998	2.442200218821139e-06	1.0000024422002187	1	2	0	1	2.4422002188211409	0	2.442200000000001
54	60	100	100	0.039600000000000003	3.4330004216630101e-06	1.0000034330004217	1	2	0	1	3.4330004208858629	1.1102230246251565e-16	3.4330000000000003
56	61	100	100	0.041599999999999998	3.474600425986011e-06	1.000003474600426	1	2	0	1	3.4746004259860137	0	3.4746000000000006
57	22	10	10	0.047600000000000003	1.3458001098172894e-06	1.0000013458001098	1	2	0	1	1.3458001098172887	0	1.3457999999999997
58	62	100	100	0.0436	3.5182004321085277e-06	1.0000035182004321	1	2	0	1	3.5182004313313846	1.1102230246251565e-16	3.5182000000000007
59	72	1000	1000	0.041599999999999998	3.9342013643693104e-06	1.0000039342013645	1	2	0	1	3.934201363592265	1.1102230246251565e-16	3.9342000000000001
60	23	10	10	0.047600000000000003	1.3934001137014489e-06	1.0000013934001137	1	2	0	1	1.3934001137014493	0	1.3933999999999997
61	24	10	10	0.061600000000000002	1.4550001187280092e-06	1.0000014550001188	1	2	0	1	1.4550001187280093	0	1.4549999999999996
63	49	50	50	0.047600000000000003	2.7830002493568226e-06	1.0000027830002494	1	2	0	1	2.783000249356824	0	2.7830000000000013
66	2	1	1	0.041599999999999998	2.4540001806144136e-07	1.0000002454000181	1	2	0	1	0.24540001806144132	0	0.24540000000000001
67	42	20	20	0.045600000000000002	2.4878002236840594e-06	1.0000024878002236	1	2	0	1	2.4878002229069027	1.1102230246251565e-16	2.4878000000000009
69	63	100	100	0.045600000000000002	3.5638004376990883e-06	1.0000035638004376	1	2	0	1	3.5638004369219449	1.1102230246251565e-16	3.5638000000000005
70	3	1	1	0.039600000000000003	2.8500002097600149e-07	1.0000002850000209	1	2	0	1	0.28500002097600163	0	0.28500000000000003
71	43	20	20	0.041599999999999998	2.5294002266342613e-06	1.0000025294002266	1	2	0	1	2.5294002266342619	0	2.5294000000000012
72	64	100	100	0.041599999999999998	3.6054004420220978e-06	1.000003605400442	1	2	0	1	3.6054004420220949	0	3.6054000000000004
73	65	100	100	0.045600000000000002	3.6510004483898158e-06	1.0000036510004484	1	2	0	1	3.6510004476126658	1.1102230246251565e-16	3.6510000000000002
74	44	20	20	0.039600000000000003	2.569000230182423e-06	1.0000025690002301	1	2	0	1	2.5690002301824211	0	2.5690000000000008
75	66	100	100	0.041599999999999998	3.6926004527128176e-06	1.0000036926004527	1	2	0	1	3.6926004527128162	0	3.6926000000000005
76	25	10	10	0.0436	1.498600122285769e-06	1.0000014986001222	1	2	0	1	1.4986001222857697	0	1.4985999999999997
77	26	10	10	0.045600000000000002	1.5442001260067299e-06	1.000001544200126	1	2	0	1	1.54420012600673	0	1.5441999999999996
78	73	1000	1000	0.039600000000000003	3.97380137731748e-06	1.0000039738013773	1	2	0	1	3.9738013773174803	0	3.9738000000000002
80	67	100	100	0.045600000000000002	3.7342004585901303e-06	1.0000037342004586	1	2	0	1	3.734200457812987	1.1102230246251565e-16	3.7342000000000004
81	27	10	10	0.0436	1.5878001295644903e-06	1.0000015878001296	1	2	0	1	1.5878001295644903	0	1.5877999999999997
82	28	10	10	0.049600000000000005	1.6374001336118487e-06	1.0000016374001337	1	2	0	1	1.6374001336118509	0	1.6374
83	45	20	20	0.041599999999999998	2.6106002339097845e-06	1.000002610600234	1	2	0	1	2.6106002339097825	0	2.6106000000000011
84	74	1000	1000	0.041599999999999998	3.9738013773174834e-06	1.0000039738013773	1	2	0	1	3.9738013773174803	0	3.9738000000000002
85	46	20	20	0.041599999999999998	2.6522002376371425e-06	1.0000026522002377	1	2	0	1	2.6522002376371425	0	2.652200000000001
86	29	10	10	0.049600000000000005	1.6870001376592128e-06	1.0000016870001376	1	2	0	1	1.6870001376592112	0	1.6869999999999998
88	30	10	10	0.045600000000000002	1.7326001413801705e-06	1.0000017326001414	1	2	0	1	1.7326001413801717	0	1.7326000000000001
89	47	20	20	0.041599999999999998	2.6938002413645036e-06	1.0000026938002413	1	2	0	1	2.693800241364503	0	2.6938000000000017
90	31	10	10	0.069599999999999995	1.8022001614771353e-06	1.0000018022001615	1	2	0	1	1.8022001614771346	0	1.8022
91	68	100	100	0.039600000000000003	3.7738004626679375e-06	1.0000037738004626	1	2	0	1	3.7738004626679373	0	3.7738000000000005

[frame_retry_distribution]
frame_id	retry_count	probability
0	0	0.99999954060010565
0	1	4.5939975513986553e-07
0	2	1.3933593547879611e-13
0	3	3.5425231766415769e-20
0	4	8.1987533453689088e-27
0	5	1.7942027032785982e-33
2	0	0.99999717140400057
2	1	2.8285917455915275e-06
2	2	4.2539187450439629e-12
2	3	4.5228631807783568e-18
2	4	4.6400622327557027e-24
2	5	3.5619828602579446e-30
2	6	2.0063395918979232e-36
3	0	0.99999962780006924
3	1	3.7219983407327708e-07
3	2	9.6660289794632672e-14
3	3	2.1813946697659159e-20
3	4	4.5936802855755055e-27
3	5	9.3108895888708467e-34
4	0	0.99999949700012647
4	1	5.0299970997028301e-07
4	2	1.635251936758846e-13
4	3	4.3919114764666537e-20
4	4	1.062637385282909e-26
4	5	2.4124539784089188e-33
5	0	0.99999945140015045
5	1	5.4859965866118572e-07
5	2	1.9085780720109181e-13
5	3	5.4126330204518794e-20
5	4	1.3693892660218578e-26
5	5	3.2269603466220534e-33
6	0	0.99999940180017888
6	1	5.9819959812937546e-07
6	2	2.2294897381377339e-13
6	3	6.6874816929502553e-20
6	4	1.7725782938850871e-26
6	5	4.3444313136264629e-33
6	6	1.1102230246251565e-16
7	0	0.99999815820169613
7	1	1.8417964427509151e-06
7	2	1.86113513864209e-12
7	3	1.3674204543911497e-18
7	4	1.1236683176045686e-24
7	5	6.667803174001525e-31
7	6	1.1528603168676699e-37
8	0	0.9999971238041363
8	1	2.8761914697786917e-06
8	2	4.3939565132245751e-12
8	3	5.5428695037680021e-18
8	4	5.0654582680576089e-24
8	5	3.8500642790783368e-30
8	6	2.2300554553563792e-36
9	0	0.99999618660727096
9	1	3.813384990487136e-06
9	2	7.7384994790311689e-12
9	3	1.2844626670288658e-17
9	4	1.5562034445651386e-23
9	5	1.5721578328133606e-29
9	6	1.3599719458159662e-35
9	7	1.1102230246251565e-16
11	0	0.99999708220425676
11	1	2.9177912250214774e-06
11	2	4.5181984829956165e-12
11	3	5.762196925073871e-18
11	4	5.3248819920036008e-24
11	5	4.0911149603015284e-30
11	6	2.4882544259959409e-36
13	0	0.99999936020020463
13	1	6.3979954356684348e-07
13	2	2.5176110186393555e-13
13	3	7.8976029354533368e-20
13	4	2.1734626286935233e-26
13	5	5.4999663095993283e-33
16	0	0.99999704060437899
16	1	2.9593904370102926e-06
16	2	5.1839637640277535e-12
16	3	6.084794030831429e-18
16	4	5.6124353251511421e-24
16	5	4.3476320382214016e-30
16	6	2.6742000373408685e-36
17	0	0.9999981186017699
17	1	1.8813962917642531e-06
17	2	1.9384019915217548e-12
17	3	1.8839301617903697e-18
17	4	1.293113222114591e-24
17	5	7.4195970785911522e-31
17	6	2.4491408147337206e-37
18	0	0.99999929860024594
18	1	7.0139945080401552e-07
18	2	3.032149578402348e-13
18	3	1.0465982100683079e-19
18	4	3.1730719031872461e-26
18	5	8.8539435223469669e-33
19	0	0.99999699900450312
19	1	3.0009901777430795e-06
19	2	5.3192546134443743e-12
19	3	6.3169156368728837e-18
19	4	5.8919891673364028e-24
19	5	4.6129862719502221e-30
19	6	2.871488526191721e-36
20	0	0.99999923700029103
20	1	7.6299935557047291e-07
20	2	3.5334497273173508e-13
20	3	1.2915807332109526e-19
20	4	4.110312641246037e-26
20	5	1.9452784295087747e-32
21	0	0.99999807900184512
21	1	1.9209961376412842e-06
21	2	2.017237411531368e-12
21	3	1.9871283306705182e-18
21	4	1.3829258901096402e-24
21	5	8.0415877717425233e-31
21	6	2.723512665564685e-37
22	0	0.99999614700742279
22	1	3.8529846820436463e-06
22	2	7.8951481755168115e-12
22	3	1.32087593117628e-17
22	4	1.613203580804647e-23
22	5	1.6423965673243424e-29
22	6	1.4322356949131279e-35
23	0	0.99999803540192989
23	1	1.9645955242533798e-06
23	2	2.5459191117655929e-12
23	3	2.1936864711575792e-18
23	4	1.5049051555635079e-24
23	5	8.8099497478163194e-31
23	6	3.0223642129463908e-37
24	0	0.99999918740033011
24	1	8.1259927337340597e-07
24	2	3.9646715312716433e-13
24	3	1.5142711258988271e-19
24	4	7.7650956463670304e-26
24	5	2.8929403623899383e-32
25	0	0.99999799580200854
25	1	2.0041953546706232e-06
25	2	2.6369195918721385e-12
25	3	2.3064022811796444e-18
25	4	1.6048371362521611e-24
25	5	9.5207786075581247e-31
25	6	3.3817134912851355e-37
26	0	0.9999977242025897
26	1	2.2757946168290469e-06
26	2	2.7935376418566707e-12
26	3	2.4559571389515164e-18
26	4	1.7332768782375e-24
26	5	1.0438847497380635e-30
26	6	4.5126724447807876e-37
27	0	0.99999913980036992
27	1	8.601991898640211e-07
27	2	4.4016388953604524e-13
27	3	1.7505405880192634e-19
27	4	9.181245572868444e-26
27	5	3.4982583095071328e-32
28	0	0.99999958020008817
28	1	4.1979979287073084e-07
28	2	1.1901323251947815e-13
28	3	2.8712087861697317e-20
28	4	6.3722149906083648e-27
28	5	1.34748768813599e-33
29	0	0.99999984980001133
29	1	1.501999672864434e-07
29	2	2.1433533882868545e-14
29	3	3.11937753219287e-21
29	4	4.6565719027634511e-28
29	5	7.1101640047524708e-35
30	0	0.99999768260268529
30	1	2.3173944220249133e-06
30	2	2.8928031978185286e-12
30	3	2.5832881027010082e-18
30	4	1.8499055146152816e-24
30	5	1.1294068414614627e-30
30	6	5.0483514923431057e-37
31	0	0.99999909620040839
31	1	9.0379910939591938e-07
31	2	4.821766975680591e-13
31	3	2.8667659719452951e-19
31	4	1.2155673678467919e-25
31	5	4.4029929678812904e-32
33	0	0.99999695340464101
33	1	3.0465897890325526e-06
33	2	5.5700794283964429e-12
33	3	6.9530184529489438e-18
33	4	6.920358917848058e-24
33	5	5.8623199355642604e-30
33	6	4.1175704439703277e-36
34	0	0.99999905060045058
34	1	9.4939902116910474e-07
34	2	5.2815053604461402e-13
34	3	3.2199305424139031e-19
34	4	1.3995247457082658e-25
34	5	5.1885582804902986e-32
34	6	1.1102230246251565e-16
35	0	0.99999901100048916
35	1	9.8899876078377582e-07
35	2	7.5015549884180319e-13
35	3	3.8601581255735288e-19
35	4	1.6300309163438832e-25
35	5	6.0557711991380271e-32
36	0	0.99999726460374116
36	1	2.7353922725059197e-06
36	2	3.9862868015515664e-12
36	3	4.1145843610231106e-18
36	4	3.3750863101613968e-24
36	5	2.9566243192936803e-30
36	6	1.6978618586112613e-36
36	7	1.1102230246251565e-16
37	0	0.99999672940534856
37	1	3.2705889022189104e-06
37	2	5.7493675263381241e-12
37	3	7.2159827759765158e-18
37	4	7.2497754895813919e-24
37	5	6.1998684724029588e-30
37	6	4.5324304882865094e-36
38	0	0.99999896940053112
38	1	1.030598665786104e-06
38	2	8.031454747104382e-13
38	3	4.2409211310873413e-19
38	4	1.8337450712452908e-25
38	5	6.9608178046281303e-32
39	0	0.99999874540078704
39	1	1.2545983236046e-06
39	2	8.8938467902950874e-13
39	3	4.7009799041054532e-19
39	4	2.0658032896201708e-25
39	5	7.9886703584857191e-32
40	0	0.99999668980547896
40	1	3.3101886367649465e-06
40	2	5.8845216181346499e-12
40	3	7.4631958131153288e-18
40	4	7.571777335322379e-24
40	5	6.5348118066468501e-30
40	6	4.8267782873082594e-36
41	0	0.99999610740757605
41	1	3.8925843704638578e-06
41	2	8.0533650127558888e-12
41	3	1.3579669795154941e-17
41	4	1.6717515951774385e-23
41	5	1.7151201679799618e-29
41	6	1.5076423790772863e-35
41	7	1.1102230246251565e-16
43	0	0.9999966482056174
43	1	3.3517883545263104e-06
43	2	6.028190616559352e-12
43	3	7.728900368110032e-18
43	4	7.9214573683788325e-24
43	5	6.9020845324981385e-30
43	6	5.1468788913433798e-36
45	0	0.99999764100278254
45	1	2.3589942237596713e-06
45	2	2.9937993011289747e-12
45	3	2.7149395605991188e-18
45	4	1.972314793635856e-24
45	5	1.220436388991681e-30
45	6	5.5579630616883077e-37
46	0	0.9999987018008426
46	1	1.2981982087448755e-06
46	2	9.4859335372466002e-13
46	3	5.1513556711187309e-19
46	4	2.3193644926398444e-25
46	5	9.168102309541803e-32
46	6	1.1102230246251565e-16
47	0	0.99999660660575751
47	1	3.3933880688265795e-06
47	2	6.1735901567340017e-12
47	3	8.0008297019054343e-18
47	4	8.2830960854676678e-24
47	5	7.2856667845395525e-30
47	6	5.4873396042381658e-36
48	0	0.99999979620002089
48	1	2.0379994346588786e-07
48	2	3.5766887445820292e-14
48	3	6.1236833345501708e-21
48	4	1.0500352801822259e-27
48	5	1.8155128936825495e-34
50	0	0.99999759940288158
50	1	2.4005940220333253e-06
50	2	3.0965259515720519e-12
50	3	2.8509835032104814e-18
50	4	2.1006923953686633e-24
50	5	1.3172348732262294e-30
50	6	6.1088220855115244e-37
51	0	0.99999967340005336
51	1	3.2659986929470629e-07
51	2	7.7371503341373262e-14
51	3	1.6310763040819247e-20
51	4	3.2589632979581739e-27
51	5	6.3353964898225735e-34
52	0	0.99999755780298216
52	1	2.4421938168458667e-06
52	2	3.2009831489317748e-12
52	3	2.9914919210877394e-18
52	4	2.235228994681423e-24
52	5	1.4200718994614746e-30
52	6	6.7035094036571436e-37
54	0	0.99999656700589268
54	1	3.4329877936469029e-06
54	2	6.3136070772477455e-12
54	3	8.2655343904838709e-18
54	4	8.638704549440726e-24
54	5	7.6664486278922473e-30
54	6	7.4230433553932054e-36
54	7	1.1102230246251565e-16
56	0	0.99999652540603656
56	1	3.4745875011913592e-06
56	2	6.4623845011774265e-12
56	3	8.5498214149190865e-18
56	4	9.0244642032003821e-24
56	5	8.0834223670054939e-30
56	6	7.8853404239978661e-36
57	0	0.99999865420090561
57	1	1.3457980790064512e-06
57	2	1.0154045677533517e-12
57	3	5.6747997251363686e-19
57	4	2.6220031754487799e-25
57	5	1.061008501691389e-31
58	0	0.99999648180618883
58	1	3.518187190960756e-06
58	2	6.6201720255977232e-12
58	3	8.8546862784889417e-18
58	4	9.4424720517738357e-24
58	5	8.5396934162676993e-30
58	6	8.452550349782767e-36
58	7	1.1102230246251565e-16
59	0	0.99999606580773892
59	1	3.9341831585126884e-06
59	2	9.1025184578819934e-12
59	3	1.4183423945917957e-17
59	4	1.7400980637121301e-23
59	5	1.7956032760360377e-29
59	6	1.5945518276509998e-35
59	7	1.1102230246251565e-16
60	0	0.99999860660097095
60	1	1.3933979447365153e-06
60	2	1.0844815318947341e-12
60	3	6.2324339917116064e-19
60	4	2.9532325835473222e-25
60	5	1.2227410646566199e-31
61	0	0.99999854500105856
61	1	1.4549977642487172e-06
61	2	1.1772385949909647e-12
61	3	7.0065891871895814e-19
61	4	3.4271674302570558e-25
61	5	1.4606038683138698e-31
63	0	0.99999721700387267
63	1	2.7829920055656829e-06
63	2	4.1218890901220614e-12
63	3	4.3198900047425099e-18
63	4	4.382710670609213e-24
63	5	3.3255710408932637e-30
63	6	1.83650095750158e-36
66	0	0.9999997546000301
66	1	2.4539992171741249e-07
66	2	4.8172001087668748e-14
66	3	8.8893016518066188e-21
66	4	1.6082802283483005e-27
66	5	2.8951307461900945e-34
67	0	0.99999751220309452
67	1	2.4877935879525464e-06
67	2	3.3174724522891785e-12
67	3	3.1507251494604289e-18
67	4	2.3900073064912434e-24
67	5	1.5400642127306974e-30
67	6	7.3578789983791682e-37
67	7	1.1102230246251565e-16
69	0	0.99999643620635026
69	1	3.5637868624318941e-06
69	2	6.7872312473869513e-12
69	3	9.1811909185135095e-18
69	4	9.8949984773658792e-24
69	5	1.1255157042274723e-29
69	6	9.4823070802457387e-36
69	7	1.1102230246251565e-16
70	0	0.9999997150000407
70	1	2.8499989779901827e-07
70	2	6.1588473381456136e-14
70	3	1.2152091753470445e-20
70	4	2.3097705476535571e-27
70	5	4.3183327646476354e-34
71	0	0.99999747060319899
71	1	2.5293933755100757e-06
71	2	3.4255571415233618e-12
71	3	3.3008254041600988e-18
71	4	2.5380861226246995e-24
71	5	1.6564705993705606e-30
71	6	8.1184524955806868e-37
72	0	0.99999639460649958
72	1	3.6053865590938575e-06
72	2	6.9414498912015973e-12
72	3	9.4859609407211081e-18
72	4	1.0321826663815688e-23
72	5	1.1826048934430065e-29
72	6	1.0060959076224772e-35
73	0	0.99999634900666479
73	1	3.6509862226123998e-06
73	2	7.1124853882804585e-12
73	3	9.827693972624148e-18
73	4	1.0805384683627532e-23
73	5	1.2478076991567747e-29
73	6	1.0777761179122002e-35
73	7	1.1102230246251565e-16
74	0	0.99999743100329985
74	1	2.5689931700656814e-06
74	2	3.5300531986944724e-12
74	3	3.4480629833996519e-18
74	4	2.6853308221041659e-24
74	5	1.7737107927124932e-30
74	6	8.867354079028279e-37
75	0	0.99999630740681766
75	1	3.6925859120193566e-06
75	2	7.2703315108322171e-12
75	3	1.0146512447458298e-17
75	4	1.3533967474419273e-23
75	5	1.3630783148815603e-29
75	6	1.1526202732675556e-35
76	0	0.9999985014011229
76	1	1.4985976319141501e-06
76	2	1.2451846707503962e-12
76	3	7.5915036299876961e-19
76	4	3.7954414860733733e-25
76	5	1.6502209610481226e-31
77	0	0.99999845580119229
77	1	1.5441974894416803e-06
77	2	1.3182812891646077e-12
77	3	8.2370594775540929e-19
77	4	4.2114755532414132e-25
77	5	1.869040791761759e-31
78	0	0.99999602620789552
78	1	3.9737828316315673e-06
78	2	9.2728211007643382e-12
78	3	1.4570507620546537e-17
78	4	1.8019587657981529e-23
78	5	1.8736410194198142e-29
78	6	1.677524105965483e-35
80	0	0.99999626580697198
80	1	3.7341855979652109e-06
80	2	7.4299081733645928e-12
80	3	1.0472147666857909e-17
80	4	1.40769269182352e-23
80	5	1.4291646997475697e-29
80	6	1.2210155483787755e-35
80	7	1.1102230246251565e-16
81	0	0.99999841220126062
81	1	1.5877973493288922e-06
81	2	1.3901164659039398e-12
81	3	8.8874898099845941e-19
81	4	4.6402957391553434e-25
81	5	2.0993355082178981e-31
82	0	0.99999836260134056
82	1	1.637397185311817e-06
82	2	1.4741485656457032e-12
82	3	9.6679468993332035e-19
82	4	5.1669523747425702e-25
82	5	2.388282814145589e-31
83	0	0.99999738940340765
83	1	2.6105929508674008e-06
83	2	3.6415157808851122e-12
83	3	3.6073795039325168e-18
83	4	2.8468094272692511e-24
83	5	1.9039189147943437e-30
83	6	1.2646233879248321e-36
84	0	0.99999602620789552
84	1	3.9737828316315707e-06
84	2	9.2728211007643527e-12
84	3	1.4570507620546553e-17
84	4	1.801958765798155e-23
84	5	1.8736410198393753e-29
84	6	1.6767836715792797e-35
85	0	0.99999734780351712
85	1	2.6521927282080102e-06
85	2	3.7547089089021461e-12
85	3	3.7715239133958941e-18
85	4	3.0154552887208336e-24
85	5	2.0416555693255149e-30
85	6	1.3739632827735265e-36
86	0	0.99999831300142306
86	1	1.6869970163744401e-06
86	2	1.5606408124997013e-12
86	3	1.0492701466646407e-18
86	4	5.7371097678154991e-25
86	5	2.7081276605483612e-31
88	0	0.999998267401501
88	1	1.7325968567199303e-06
88	2	1.6423284264708174e-12
88	3	1.1291074177634506e-18
88	4	6.301662164645262e-25
88	5	4.4430771925996716e-31
88	6	6.0842514072663317e-38
89	0	0.99999730620362826
89	1	2.6937925020875168e-06
89	2	3.8696325825296222e-12
89	3	3.9405682022700165e-18
89	4	3.1914766119584902e-24
89	5	2.7693672651150287e-30
89	6	1.5678855497438677e-36
90	0	0.99999819780162402
90	1	1.8021965906012659e-06
90	2	1.785436002333605e-12
90	3	1.2882819917561099e-18
90	4	1.0459551240606359e-24
90	5	6.1286937615824942e-31
90	6	7.5995557808438953e-38
91	0	0.99999622620712081
91	1	3.7737852957943275e-06
91	2	7.5834206221712725e-12
91	3	1.0788524142070869e-17
91	4	1.4608725478902676e-23
91	5	1.4944243673165226e-29
91	6	1.2891644836464888e-35

[frame_retry_cdf]
frame_id	retry_count	cumulative_probability
0	0	0.99999954060010565
0	1	0.99999999999986078
0	2	1
0	3	1
0	4	1
0	5	1
2	0	0.99999717140400057
2	1	0.99999999999574618
2	2	1
2	3	1
2	4	1
2	5	1
2	6	1
3	0	0.99999962780006924
3	1	0.9999999999999033
3	2	1
3	3	1
3	4	1
3	5	1
4	0	0.99999949700012647
4	1	0.99999999999983646
4	2	1
4	3	1
4	4	1
4	5	1
5	0	0.99999945140015045
5	1	0.99999999999980915
5	2	1
5	3	1
5	4	1
5	5	1
6	0	0.99999940180017888
6	1	0.99999999999977696
6	2	0.99999999999999989
6	3	0.99999999999999989
6	4	0.99999999999999989
6	5	0.99999999999999989
6	6	1
7	0	0.99999815820169613
7	1	0.99999999999813893
7	2	1
7	3	1
7	4	1
7	5	1
7	6	1
8	0	0.9999971238041363
8	1	0.99999999999560607
8	2	1
8	3	1
8	4	1
8	5	1
8	6	1
9	0	0.99999618660727096
9	1	0.99999999999226141
9	2	0.99999999999999989
9	3	0.99999999999999989
9	4	0.99999999999999989
9	5	0.99999999999999989
9	6	0.99999999999999989
9	7	1
11	0	0.99999708220425676
11	1	0.99999999999548184
11	2	1
11	3	1
11	4	1
11	5	1
11	6	1
13	0	0.99999936020020463
13	1	0.9999999999997482
13	2	1
13	3	1
13	4	1
13	5	1
16	0	0.99999704060437899
16	1	0.99999999999481604
16	2	1
16	3	1
16	4	1
16	5	1
16	6	1
17	0	0.9999981186017699
17	1	0.99999999999806166
17	2	1
17	3	1
17	4	1
17	5	1
17	6	1
18	0	0.99999929860024594
18	1	0.9999999999996968
18	2	1
18	3	1
18	4	1
18	5	1
19	0	0.99999699900450312
19	1	0.99999999999468081
19	2	1
19	3	1
19	4	1
19	5	1
19	6	1
20	0	0.99999923700029103
20	1	0.99999999999964662
20	2	1
20	3	1
20	4	1
20	5	1
21	0	0.99999807900184512
21	1	0.99999999999798272
21	2	1
21	3	1
21	4	1
21	5	1
21	6	1
22	0	0.99999614700742279
22	1	0.99999999999210487
22	2	1
22	3	1
22	4	1
22	5	1
22	6	1
23	0	0.99999803540192989
23	1	0.99999999999745415
23	2	1
23	3	1
23	4	1
23	5	1
23	6	1
24	0	0.99999918740033011
24	1	0.99999999999960354
24	2	1
24	3	1
24	4	1
24	5	1
25	0	0.99999799580200854
25	1	0.99999999999736322
25	2	1
25	3	1
25	4	1
25	5	1
25	6	1
26	0	0.9999977242025897
26	1	0.99999999999720657
26	2	1
26	3	1
26	4	1
26	5	1
26	6	1
27	0	0.99999913980036992
27	1	0.9999999999995598
27	2	1
27	3	1
27	4	1
27	5	1
28	0	0.99999958020008817
28	1	0.99999999999988098
28	2	1
28	3	1
28	4	1
28	5	1
29	0	0.99999984980001133
29	1	0.99999999999997857
29	2	1
29	3	1
29	4	1
29	5	1
30	0	0.99999768260268529
30	1	0.99999999999710731
30	2	1
30	3	1
30	4	1
30	5	1
30	6	1
31	0	0.99999909620040839
31	1	0.99999999999951783
31	2	1
31	3	1
31	4	1
31	5	1
33	0	0.99999695340464101
33	1	0.99999999999443001
33	2	1
33	3	1
33	4	1
33	5	1
33	6	1
34	0	0.99999905060045058
34	1	0.99999999999947176
34	2	0.99999999999999989
34	3	0.99999999999999989
34	4	0.99999999999999989
34	5	0.99999999999999989
34	6	1
35	0	0.99999901100048916
35	1	0.99999999999924993
35	2	1
35	3	1
35	4	1
35	5	1
36	0	0.99999726460374116
36	1	0.99999999999601363
36	2	0.99999999999999989
36	3	0.99999999999999989
36	4	0.99999999999999989
36	5	0.99999999999999989
36	6	0.99999999999999989
36	7	1
37	0	0.99999672940534856
37	1	0.99999999999425082
37	2	1
37	3	1
37	4	1
37	5	1
37	6	1
38	0	0.99999896940053112
38	1	0.99999999999919686
38	2	1
38	3	1
38	4	1
38	5	1
39	0	0.99999874540078704
39	1	0.9999999999991106
39	2	1
39	3	1
39	4	1
39	5	1
40	0	0.99999668980547896
40	1	0.99999999999411571
40	2	1
40	3	1
40	4	1
40	5	1
40	6	1
41	0	0.99999610740757605
41	1	0.99999999999194655
41	2	0.99999999999999989
41	3	0.99999999999999989
41	4	0.99999999999999989
41	5	0.99999999999999989
41	6	0.99999999999999989
41	7	1
43	0	0.9999966482056174
43	1	0.99999999999397193
43	2	1
43	3	1
43	4	1
43	5	1
43	6	1
45	0	0.99999764100278254
45	1	0.99999999999700628
45	2	1
45	3	1
45	4	1
45	5	1
45	6	1
46	0	0.9999987018008426
46	1	0.99999999999905131
46	2	0.99999999999999989
46	3	0.99999999999999989
46	4	0.99999999999999989
46	5	0.99999999999999989
46	6	1
47	0	0.99999660660575751
47	1	0.99999999999382638
47	2	1
47	3	1
47	4	1
47	5	1
47	6	1
48	0	0.99999979620002089
48	1	0.99999999999996436
48	2	1
48	3	1
48	4	1
48	5	1
50	0	0.99999759940288158
50	1	0.99999999999690359
50	2	1
50	3	1
50	4	1
50	5	1
50	6	1
51	0	0.99999967340005336
51	1	0.99999999999992262
51	2	1
51	3	1
51	4	1
51	5	1
52	0	0.99999755780298216
52	1	0.999999999996799
52	2	1
52	3	1
52	4	1
52	5	1
52	6	1
54	0	0.99999656700589268
54	1	0.99999999999368627
54	2	0.99999999999999989
54	3	0.99999999999999989
54	4	0.99999999999999989
54	5	0.99999999999999989
54	6	0.99999999999999989
54	7	1
56	0	0.99999652540603656
56	1	0.99999999999353772
56	2	1
56	3	1
56	4	1
56	5	1
56	6	1
57	0	0.99999865420090561
57	1	0.99999999999898459
57	2	1
57	3	1
57	4	1
57	5	1
58	0	0.99999648180618883
58	1	0.99999999999337974
58	2	0.99999999999999989
58	3	0.99999999999999989
58	4	0.99999999999999989
58	5	0.99999999999999989
58	6	0.99999999999999989
58	7	1
59	0	0.99999606580773892
59	1	0.99999999999089739
59	2	0.99999999999999989
59	3	0.99999999999999989
59	4	0.99999999999999989
59	5	0.99999999999999989
59	6	0.99999999999999989
59	7	1
60	0	0.99999860660097095
60	1	0.99999999999891565
60	2	1
60	3	1
60	4	1
60	5	1
61	0	0.99999854500105856
61	1	0.99999999999882283
61	2	1
61	3	1
61	4	1
61	5	1
63	0	0.99999721700387267
63	1	0.99999999999587819
63	2	1
63	3	1
63	4	1
63	5	1
63	6	1
66	0	0.9999997546000301
66	1	0.99999999999995182
66	2	1
66	3	1
66	4	1
66	5	1
67	0	0.99999751220309452
67	1	0.99999999999668243
67	2	0.99999999999999989
67	3	0.99999999999999989
67	4	0.99999999999999989
67	5	0.99999999999999989
67	6	0.99999999999999989
67	7	1
69	0	0.99999643620635026
69	1	0.99999999999321265
69	2	0.99999999999999989
69	3	0.99999999999999989
69	4	0.99999999999999989
69	5	0.99999999999999989
69	6	0.99999999999999989
69	7	1
70	0	0.9999997150000407
70	1	0.99999999999993849
70	2	1
70	3	1
70	4	1
70	5	1
71	0	0.99999747060319899
71	1	0.99999999999657452
71	2	1
71	3	1
71	4	1
71	5	1
71	6	1
72	0	0.99999639460649958
72	1	0.99999999999305866
72	2	1
72	3	1
72	4	1
72	5	1
72	6	1
73	0	0.99999634900666479
73	1	0.99999999999288736
73	2	0.99999999999999989
73	3	0.99999999999999989
73	4	0.99999999999999989
73	5	0.99999999999999989
73	6	0.99999999999999989
73	7	1
74	0	0.99999743100329985
74	1	0.99999999999646993
74	2	1
74	3	1
74	4	1
74	5	1
74	6	1
75	0	0.99999630740681766
75	1	0.9999999999927297
75	2	1
75	3	1
75	4	1
75	5	1
75	6	1
76	0	0.9999985014011229
76	1	0.99999999999875477
76	2	1
76	3	1
76	4	1
76	5	1
77	0	0.99999845580119229
77	1	0.99999999999868172
77	2	1
77	3	1
77	4	1
77	5	1
78	0	0.99999602620789552
78	1	0.9999999999907272
78	2	1
78	3	1
78	4	1
78	5	1
78	6	1
80	0	0.99999626580697198
80	1	0.99999999999256994
80	2	0.99999999999999989
80	3	0.99999999999999989
80	4	0.99999999999999989
80	5	0.99999999999999989
80	6	0.99999999999999989
80	7	1
81	0	0.99999841220126062
81	1	0.99999999999861
81	2	1
81	3	1
81	4	1
81	5	1
82	0	0.99999836260134056
82	1	0.99999999999852585
82	2	1
82	3	1
82	4	1
82	5	1
83	0	0.99999738940340765
83	1	0.99999999999635847
83	2	1
83	3	1
83	4	1
83	5	1
83	6	1
84	0	0.99999602620789552
84	1	0.9999999999907272
84	2	1
84	3	1
84	4	1
84	5	1
84	6	1
85	0	0.99999734780351712
85	1	0.99999999999624534
85	2	1
85	3	1
85	4	1
85	5	1
85	6	1
86	0	0.99999831300142306
86	1	0.99999999999843947
86	2	1
86	3	1
86	4	1
86	5	1
88	0	0.999998267401501
88	1	0.99999999999835776
88	2	1
88	3	1
88	4	1
88	5	1
88	6	1
89	0	0.99999730620362826
89	1	0.99999999999613032
89	2	1
89	3	1
89	4	1
89	5	1
89	6	1
90	0	0.99999819780162402
90	1	0.99999999999821465
90	2	1
90	3	1
90	4	1
90	5	1
90	6	1
91	0	0.99999622620712081
91	1	0.99999999999241662
91	2	1
91	3	1
91	4	1
91	5	1
91	6	1

[frame_wcrt_distribution]
frame_id	response_time_ms	probability
0	0.45940000000000003	0.99999954060010565
0	0.53300000000000003	4.5939975513986553e-07
0	0.60660000000000003	1.3933593547879611e-13
0	0.68020000000000003	3.5425231766415769e-20
0	0.75380000000000003	8.1987533453689088e-27
0	0.82740000000000002	1.7942027032785982e-33
2	2.8286000000000016	0.99999717140400057
2	2.870200000000001	1.6430203687262489e-39
2	2.9182000000000015	2.8285917455915275e-06
2	3.0078000000000014	4.2539187450439629e-12
2	3.2766000000000015	1.7642063417646813e-31
2	3.2798000000000012	4.5228631807783568e-18
2	3.3662000000000014	2.5026666615875866e-37
2	3.3694000000000011	4.6400622327557027e-24
2	3.459000000000001	3.3855622244384564e-30
2	3.5486000000000009	1.7560729257391644e-36
3	0.37219999999999998	0.99999962780006924
3	0.44579999999999997	3.7219983407327708e-07
3	0.51939999999999997	9.6660289794632672e-14
3	0.59299999999999997	2.1813946697659159e-20
3	0.66659999999999997	4.5936802855755055e-27
3	0.74019999999999997	9.3108895888708467e-34
4	0.503	0.99999949700012647
4	0.5766	5.0299970997028301e-07
4	0.6502	1.635251936758846e-13
4	0.7238	4.3919114764666537e-20
4	0.7974	1.062637385282909e-26
4	0.871	2.4124539784089188e-33
5	0.54859999999999998	0.99999945140015045
5	0.62219999999999998	5.4859965866118572e-07
5	0.69579999999999997	1.9085780720109181e-13
5	0.76939999999999997	5.4126330204518794e-20
5	0.84299999999999997	1.3693892660218578e-26
5	0.91659999999999997	3.2269603466220534e-33
6	0.59819999999999995	0.99999940180017888
6	0.67179999999999995	5.9819959812937546e-07
6	0.74539999999999995	2.2294897381377339e-13
6	0.81899999999999995	6.6874816929502553e-20
6	0.89259999999999995	1.7725782938850871e-26
6	0.96619999999999995	4.3444313136264629e-33
6	10.073600000000001	1.1102230246251565e-16
7	1.8418000000000001	0.99999815820169613
7	1.9314	1.8417964427509151e-06
7	2.0209999999999999	1.86113513864209e-12
7	2.1074000000000006	8.1151147711214807e-40
7	2.2898000000000001	1.1880177623706614e-31
7	2.3346000000000005	1.3674204543911497e-18
7	2.4242000000000004	1.1236683176045686e-24
7	2.5138000000000003	5.4797854035157489e-31
7	2.6034000000000002	1.1528603168676699e-37
8	2.8762000000000016	0.9999971238041363
8	2.9178000000000011	2.0363550261841613e-39
8	2.9658000000000015	2.8761914697786917e-06
8	3.2378000000000009	4.3939565132245751e-12
8	3.3242000000000016	8.8592397006366408e-32
8	3.3274000000000012	5.5428695037680021e-18
8	3.4138000000000015	2.8049584325590358e-37
8	3.4170000000000011	5.0654582680576089e-24
8	3.506600000000001	3.761471880035616e-30
8	3.596200000000001	1.9495596121004755e-36
9	3.8134000000000006	0.99999618660727096
9	3.8376000000000006	8.1151147711214807e-40
9	3.9360000000000004	3.813384990487136e-06
9	4.2826000000000013	7.7384994790311689e-12
9	4.4052000000000016	1.2844626670288658e-17
9	4.426400000000001	4.01236602959291e-32
9	4.5278000000000018	1.5562034445651386e-23
9	4.5490000000000004	1.5804892027057374e-36
9	4.6504000000000021	1.5681454667026165e-29
9	4.7730000000000015	1.2019230255453926e-35
9	1000.1226	1.1102230246251565e-16
11	2.9178000000000019	0.99999708220425676
11	2.9594000000000014	1.0382104335251053e-39
11	3.0074000000000018	2.9177912250214774e-06
11	3.2794000000000012	4.5181984829956165e-12
11	3.3658000000000019	8.3471343503310679e-32
11	3.3690000000000015	5.762196925073871e-18
11	3.4554000000000018	3.1523695993344178e-37
11	3.4586000000000015	5.3248819920036008e-24
11	3.5482000000000014	4.0076436157600074e-30
11	3.6378000000000013	2.1730174660624991e-36
13	0.63980000000000004	0.99999936020020463
13	0.71340000000000003	6.3979954356684348e-07
13	0.78700000000000003	2.5176110186393555e-13
13	0.86060000000000003	7.8976029354533368e-20
13	0.93420000000000003	2.1734626286935233e-26
13	1.0078	5.4999663095993283e-33
16	2.9594000000000018	0.99999704060437899
16	3.0010000000000012	1.0382104335251053e-39
16	3.2314000000000012	2.9593904370102926e-06
16	3.3210000000000011	5.1839637640277535e-12
16	3.4074000000000018	8.2279004799401019e-32
16	3.4106000000000014	6.084794030831429e-18
16	3.4970000000000017	3.4846706245452291e-37
16	3.5002000000000013	5.6124353251511421e-24
16	3.5898000000000012	4.2653530323837888e-30
16	3.6794000000000011	2.3257329748863459e-36
17	1.8814000000000002	0.9999981186017699
17	1.9710000000000001	1.8813962917642531e-06
17	2.1470000000000007	8.1151147711214807e-40
17	2.2846000000000002	1.9384019915217548e-12
17	2.3294000000000001	1.6653733439043746e-32
17	2.3742000000000005	1.8839301617903697e-18
17	2.419	2.8998349525709923e-38
17	2.4638000000000004	1.293113222114591e-24
17	2.5534000000000003	7.2530597360856011e-31
17	2.6430000000000002	2.1591573194766213e-37
18	0.70140000000000002	0.99999929860024594
18	0.78300000000000003	7.0139945080401552e-07
18	0.86460000000000004	3.032149578402348e-13
18	0.94620000000000004	1.0465982100683079e-19
18	1.0278	3.1730719031872461e-26
18	1.1093999999999999	8.8539435223469669e-33
19	3.0010000000000017	0.99999699900450312
19	3.0426000000000011	1.0382104335251053e-39
19	3.273000000000001	3.0009901777430795e-06
19	3.3626000000000009	5.3192546134443743e-12
19	3.4490000000000016	8.7611008337402223e-32
19	3.4522000000000013	6.3169156368728837e-18
19	3.5386000000000015	3.8456633696357063e-37
19	3.5418000000000012	5.8919891673364028e-24
19	3.6314000000000011	4.5253752625746097e-30
19	3.721000000000001	2.4869221892281506e-36
20	0.76300000000000001	0.99999923700029103
20	0.84460000000000002	7.6299935557047291e-07
20	0.92620000000000002	3.5334497273173508e-13
20	1.0078	1.2915807332109526e-19
20	1.171	4.9638067237867458e-33
20	1.2717999999999998	4.110312641246037e-26
20	1.3533999999999999	1.4488977571301002e-32
21	1.9210000000000003	0.99999807900184512
21	2.0106000000000002	1.9209961376412842e-06
21	2.1866000000000008	8.1151147711214807e-40
21	2.3241999999999998	2.017237411531368e-12
21	2.3690000000000002	1.8163716708917898e-32
21	2.4138000000000002	1.9871283306705182e-18
21	2.4586000000000001	3.340619575783131e-38
21	2.5034000000000001	1.3829258901096402e-24
21	2.593	7.8599505965382235e-31
21	2.6825999999999999	2.3894507079863718e-37
22	3.8530000000000006	0.99999614700742279
22	3.8772000000000006	8.1151147711214807e-40
22	3.9756000000000005	3.8529846820436463e-06
22	4.3222000000000014	7.8951481755168115e-12
22	4.4448000000000016	1.32087593117628e-17
22	4.4660000000000011	4.0732520075010375e-32
22	4.5674000000000019	1.613203580804647e-23
22	4.5886000000000005	1.700075488969392e-36
22	4.6900000000000022	1.6383233152356901e-29
22	4.8126000000000015	1.2622281460161884e-35
23	1.9646000000000003	0.99999803540192989
23	2.2302000000000008	1.312959050936332e-39
23	2.2782	1.9645955242533798e-06
23	2.3677999999999999	2.5459191117655929e-12
23	2.4126000000000003	2.141313689651542e-32
23	2.4574000000000003	2.1936864711575792e-18
23	2.5022000000000002	3.8358779585800708e-38
23	2.5470000000000002	1.5049051555635079e-24
23	2.6366000000000001	8.5958183657215748e-31
23	2.7262	2.6387764170883844e-37
24	0.81259999999999988	0.99999918740033011
24	0.89419999999999988	8.1259927337340597e-07
24	0.97579999999999989	3.9646715312716433e-13
24	1.2205999999999999	3.5912375741891071e-33
24	1.2398	1.5142711258988271e-19
24	1.3214000000000001	7.7650956463670304e-26
24	1.403	2.5338166049710275e-32
25	2.0042000000000004	0.99999799580200854
25	2.2698000000000009	8.1151147711214807e-40
25	2.3178000000000001	2.0041953546706232e-06
25	2.4074	2.6369195918721385e-12
25	2.4522000000000004	2.1242220344816768e-32
25	2.4970000000000003	2.3064022811796444e-18
25	2.5418000000000003	4.4504645738940669e-38
25	2.5866000000000002	1.6048371362521611e-24
25	2.6762000000000001	9.3083563959948438e-31
25	2.7658	2.9366670338957288e-37
26	2.2758000000000003	0.9999977242025897
26	2.317400000000001	2.0363550261841613e-39
26	2.3654000000000002	2.2757946168290469e-06
26	2.4550000000000001	2.7935376418566707e-12
26	2.4998000000000005	2.6472879749855393e-32
26	2.5446000000000004	2.4559571389515164e-18
26	2.5894000000000004	5.0777448941216665e-38
26	2.6342000000000003	1.7332768782375e-24
26	2.7238000000000002	1.0174118679518532e-30
26	2.8134000000000001	4.0048979553686211e-37
27	0.86019999999999985	0.99999913980036992
27	0.94179999999999986	8.601991898640211e-07
27	1.0233999999999999	4.4016388953604524e-13
27	1.2681999999999998	4.6466091310584009e-33
27	1.2873999999999999	1.7505405880192634e-19
27	1.3689999999999998	9.181245572868444e-26
27	1.4505999999999997	3.0335973964012912e-32
28	0.41980000000000001	0.99999958020008817
28	0.49340000000000001	4.1979979287073084e-07
28	0.56699999999999995	1.1901323251947815e-13
28	0.64060000000000006	2.8712087861697317e-20
28	0.71419999999999995	6.3722149906083648e-27
28	0.78780000000000006	1.34748768813599e-33
29	0.1502	0.99999984980001133
29	0.21779999999999999	1.501999672864434e-07
29	0.28539999999999999	2.1433533882868545e-14
29	0.35300000000000004	3.11937753219287e-21
29	0.42060000000000003	4.6565719027634511e-28
29	0.48820000000000002	7.1101640047524708e-35
30	2.3174000000000006	0.99999768260268529
30	2.3590000000000009	1.0382104335251053e-39
30	2.4070000000000005	2.3173944220249133e-06
30	2.4966000000000004	2.8928031978185286e-12
30	2.5414000000000003	2.5528127721828901e-32
30	2.5862000000000007	2.5832881027010082e-18
30	2.6310000000000002	5.9276165750283539e-38
30	2.6758000000000006	1.8499055146152816e-24
30	2.7654000000000005	1.1038787127014232e-30
30	2.8550000000000004	4.45558983484027e-37
31	0.90379999999999983	0.99999909620040839
31	0.98539999999999983	9.0379910939591938e-07
31	1.2493999999999998	4.821766975680591e-13
31	1.3117999999999999	5.3556270101574169e-33
31	1.331	2.8667659719452951e-19
31	1.4125999999999999	1.2155673678467919e-25
31	1.4941999999999998	3.8674302668655477e-32
33	3.0466000000000015	0.99999695340464101
33	3.253200000000001	9.4744828342627527e-38
33	3.3516000000000008	3.0465897890325526e-06
33	3.4742000000000011	5.5700794283964429e-12
33	3.5968000000000009	6.9530184529489438e-18
33	3.6596000000000015	1.9756328677067082e-32
33	3.7194000000000011	6.920358917848058e-24
33	3.7822000000000013	4.8475934914384631e-37
33	3.842000000000001	5.8425635121423651e-30
33	3.9646000000000008	3.6328110948264813e-36
34	0.9493999999999998	0.99999905060045058
34	1.0309999999999997	9.4939902116910474e-07
34	1.2949999999999997	5.2815053604461402e-13
34	1.3573999999999997	6.818624558612485e-33
34	1.3765999999999998	3.2199305424139031e-19
34	1.4581999999999997	1.3995247457082658e-25
34	1.5397999999999996	4.5066958246290509e-32
34	10.0816	1.1102230246251565e-16
35	0.98899999999999966	0.99999901100048916
35	1.2529999999999997	9.8899876078377582e-07
35	1.3345999999999998	7.5015549884180319e-13
35	1.3969999999999998	6.4278319823099956e-33
35	1.4161999999999999	3.8601581255735288e-19
35	1.4977999999999998	1.6300309163438832e-25
35	1.5793999999999997	5.4129880009070233e-32
36	2.7354000000000016	0.99999726460374116
36	2.7770000000000015	1.0382104335251053e-39
36	2.8250000000000015	2.7353922725059197e-06
36	2.9146000000000014	3.9862868015515664e-12
36	3.0042000000000018	4.1145843610231106e-18
36	3.1834000000000016	1.8550176306150473e-31
36	3.2730000000000015	3.0127263743681404e-37
36	3.2762000000000011	3.3750863101613968e-24
36	3.365800000000001	2.7711225551939657e-30
36	3.4554000000000009	1.3965892211744478e-36
36	50.089599999999997	1.1102230246251565e-16
37	3.2706000000000008	0.99999672940534856
37	3.2948000000000008	1.0382104335251053e-39
37	3.3932000000000007	3.2705889022189104e-06
37	3.5158000000000009	5.7493675263381241e-12
37	3.6384000000000007	7.2159827759765158e-18
37	3.7012000000000014	3.4643537051099747e-33
37	3.761000000000001	7.2497754895813919e-24
37	3.8238000000000012	5.2622471962055238e-37
37	3.8836000000000008	6.1964041176596384e-30
37	4.0062000000000006	4.006205768665957e-36
38	1.0305999999999997	0.99999896940053112
38	1.2945999999999995	1.030598665786104e-06
38	1.3761999999999996	8.031454747104382e-13
38	1.4385999999999997	7.8849659373276225e-33
38	1.4577999999999998	4.2409211310873413e-19
38	1.5393999999999997	1.8337450712452908e-25
38	1.6209999999999996	6.1723212108953669e-32
39	1.2545999999999999	0.99999874540078704
39	1.3361999999999998	1.2545983236046e-06
39	1.4177999999999999	8.8938467902950874e-13
39	1.4801999999999995	1.0382104335251053e-39
39	1.4994000000000001	4.7009799041054532e-19
39	1.581	2.0658032896201708e-25
39	1.6625999999999999	7.9886702546646752e-32
40	3.3102000000000005	0.99999668980547896
40	3.3344000000000005	8.1151147711214807e-40
40	3.4328000000000003	3.3101886367649465e-06
40	3.5554000000000006	5.8845216181346499e-12
40	3.6780000000000004	7.4631958131153288e-18
40	3.740800000000001	3.276996705185588e-33
40	3.8006000000000006	7.571777335322379e-24
40	3.8634000000000013	5.7392525305685733e-37
40	3.9232000000000005	6.5315348091301523e-30
40	4.0458000000000007	4.252853034251403e-36
41	3.8926000000000007	0.99999610740757605
41	3.9168000000000007	8.1151147711214807e-40
41	4.015200000000001	3.8925843704638578e-06
41	4.3618000000000015	8.0533650127558888e-12
41	4.4844000000000017	1.3579669795154941e-17
41	4.5056000000000012	4.1345662358224662e-32
41	4.607000000000002	1.6717515951774385e-23
41	4.6282000000000005	1.8271154834266635e-36
41	4.7296000000000022	1.7109856016629882e-29
41	4.8522000000000016	1.3249308307346198e-35
41	1000.1226	1.1102230246251565e-16
43	3.3518000000000003	0.9999966482056174
43	3.3760000000000003	1.0382104335251053e-39
43	3.4744000000000002	3.3517883545263104e-06
43	3.5970000000000004	6.028190616559352e-12
43	3.7196000000000002	7.728900368110032e-18
43	3.7824000000000004	3.7651396239790153e-33
43	3.8422000000000005	7.9214573683788325e-24
43	3.9050000000000002	6.2868363002438292e-37
43	3.9648000000000003	6.89831939183595e-30
43	4.0874000000000006	4.5181952613189974e-36
45	2.3590000000000004	0.99999764100278254
45	2.4006000000000012	1.0382104335251053e-39
45	2.4486000000000003	2.3589942237596713e-06
45	2.5382000000000002	2.9937993011289747e-12
45	2.6278000000000006	2.7149395605991188e-18
45	2.6726000000000005	6.7644233171529619e-38
45	2.7174000000000005	1.972314793635856e-24
45	2.8070000000000004	1.2204363879534707e-30
45	2.8966000000000003	4.881520729973012e-37
46	1.2981999999999996	0.9999987018008426
46	1.3797999999999995	1.2981982087448755e-06
46	1.4613999999999996	9.4859335372466002e-13
46	1.5237999999999996	1.312959050936332e-39
46	1.5429999999999997	5.1513556711187309e-19
46	1.6245999999999996	2.3193644926398444e-25
46	1.7061999999999995	9.1681021782458975e-32
46	10.0816	1.1102230246251565e-16
47	3.3934000000000006	0.99999660660575751
47	3.4176000000000006	1.0382104335251053e-39
47	3.5160000000000005	3.3933880688265795e-06
47	3.6386000000000007	6.1735901567340017e-12
47	3.7612000000000005	8.0008297019054343e-18
47	3.8838000000000008	8.2830960854676678e-24
47	3.946600000000001	6.8730470729467621e-37
47	4.0064000000000011	7.2856667835013416e-30
47	4.1290000000000004	4.8000348969434882e-36
48	0.20380000000000001	0.99999979620002089
48	0.27739999999999998	2.0379994346588786e-07
48	0.35099999999999998	3.5766887445820292e-14
48	0.42459999999999998	6.1236833345501708e-21
48	0.49819999999999998	1.0500352801822259e-27
48	0.57179999999999997	1.8155128936825495e-34
50	2.4006000000000007	0.99999759940288158
50	2.4422000000000015	1.0382104335251053e-39
50	2.4902000000000006	2.4005940220333253e-06
50	2.5798000000000005	3.0965259515720519e-12
50	2.6694000000000009	2.8509835032104814e-18
50	2.7142000000000008	7.6974406203136398e-38
50	2.7590000000000008	2.1006923953686633e-24
50	2.8486000000000007	1.3172348721880189e-30
50	2.9382000000000006	5.339078023480161e-37
51	0.3266	0.99999967340005336
51	0.4002	3.2659986929470629e-07
51	0.4738	7.7371503341373262e-14
51	0.5474	1.6310763040819247e-20
51	0.621	3.2589632979581739e-27
51	0.6946	6.3353964898225735e-34
52	2.442200000000001	0.99999755780298216
52	2.4838000000000013	1.0382104335251053e-39
52	2.5318000000000009	2.4421938168458667e-06
52	2.6214000000000008	3.2009831489317748e-12
52	2.7110000000000012	2.9914919210877394e-18
52	2.7558000000000011	8.7353214457671539e-38
52	2.8006000000000011	2.235228994681423e-24
52	2.890200000000001	1.4200718984232642e-30
52	2.9798000000000009	5.8299772590804286e-37
54	3.4330000000000003	0.99999656700589268
54	3.4572000000000003	8.1151147711214807e-40
54	3.5556000000000001	3.4329877936469029e-06
54	3.6782000000000004	6.3136070772477455e-12
54	3.8008000000000002	8.2655343904838709e-18
54	3.9234000000000004	8.638704549440726e-24
54	3.9862000000000011	7.4683559429056868e-37
54	4.0460000000000003	5.6141878214885475e-31
54	4.1686000000000005	3.246593505813049e-36
54	4.2700000000000014	7.1050298449318858e-30
54	4.3926000000000007	3.4296142552895884e-36
54	100.12260000000001	1.1102230246251565e-16
56	3.4746000000000006	0.99999652540603656
56	3.4988000000000006	1.0382104335251053e-39
56	3.5972000000000004	3.4745875011913592e-06
56	3.7198000000000007	6.4623845011774265e-12
56	3.8424000000000005	8.5498214149190865e-18
56	3.9650000000000007	9.0244642032003821e-24
56	4.0278000000000009	8.1491698712233594e-37
56	4.087600000000001	5.8440406793560113e-31
56	4.2102000000000004	3.4536122352130361e-36
56	4.3116000000000012	7.499018298031679e-30
56	4.4342000000000015	3.6168112016624912e-36
57	1.3457999999999997	0.99999865420090561
57	1.4273999999999996	1.3457980790064512e-06
57	1.5089999999999997	1.0154045677533517e-12
57	1.5713999999999997	2.0363550261841613e-39
57	1.5905999999999998	5.6747997251363686e-19
57	1.6721999999999997	2.6220031754487799e-25
57	1.7537999999999996	1.0610084813278388e-31
58	3.5182000000000007	0.99999648180618883
58	3.5424000000000007	1.312959050936332e-39
58	3.6408000000000005	3.518187190960756e-06
58	3.7634000000000007	6.6201720255977232e-12
58	3.8860000000000006	8.8546862784889417e-18
58	4.0086000000000004	9.4424720517738357e-24
58	4.0714000000000006	8.0216480947898479e-37
58	4.1312000000000006	4.7143434862082143e-31
58	4.2538000000000009	3.6754714726653691e-36
58	4.3552000000000008	8.0682590663339162e-30
58	4.4778000000000011	3.9749140676384121e-36
58	100.12260000000001	1.1102230246251565e-16
59	3.9342000000000001	0.99999606580773892
59	3.9584000000000001	1.0382104335251053e-39
59	4.280800000000001	3.9341831585126884e-06
59	4.4034000000000004	9.1025184578819934e-12
59	4.5260000000000007	1.4183423945917957e-17
59	4.5472000000000001	7.1175494388637104e-33
59	4.648600000000001	1.7400980637121301e-23
59	4.6698000000000004	1.9698477553465625e-36
59	4.7712000000000012	1.7948915209883302e-29
59	4.8938000000000006	1.3975670521163435e-35
59	1000.1226	1.1102230246251565e-16
60	1.3933999999999997	0.99999860660097095
60	1.4749999999999996	1.3933979447365153e-06
60	1.5565999999999998	1.0844815318947341e-12
60	1.6189999999999998	2.0363550261841613e-39
60	1.6381999999999999	6.2324339917116064e-19
60	1.7197999999999998	2.9532325835473222e-25
60	1.8013999999999997	1.2227410442930697e-31
61	1.4549999999999996	0.99999854500105856
61	1.5365999999999995	1.4549977642487172e-06
61	1.6181999999999996	1.1772385949909647e-12
61	1.6805999999999996	7.3913248160757259e-39
61	1.6997999999999998	7.0065891871895814e-19
61	1.7813999999999997	3.4271674302570558e-25
61	1.8629999999999995	1.4606037944006217e-31
63	2.7830000000000013	0.99999721700387267
63	2.8246000000000011	2.0363550261841613e-39
63	2.8726000000000012	2.7829920055656829e-06
63	2.9622000000000011	4.1218890901220614e-12
63	3.2310000000000012	1.7027923224848581e-31
63	3.2342000000000013	4.3198900047425099e-18
63	3.3206000000000011	2.2165799607803201e-37
63	3.3238000000000012	4.382710670609213e-24
63	3.4134000000000011	3.1552918066084262e-30
63	3.503000000000001	1.6148429614235475e-36
66	0.24540000000000001	0.9999997546000301
66	0.31900000000000001	2.4539992171741249e-07
66	0.3926	4.8172001087668748e-14
66	0.4662	8.8893016518066188e-21
66	0.53980000000000006	1.6082802283483005e-27
66	0.61339999999999995	2.8951307461900945e-34
67	2.4878000000000009	0.99999751220309452
67	2.5294000000000016	1.6430203687262489e-39
67	2.5774000000000008	2.4877935879525464e-06
67	2.6670000000000007	3.3174724522891785e-12
67	2.756600000000001	3.1507251494604289e-18
67	2.846200000000001	2.3900073064912434e-24
67	2.9358000000000009	1.5400642110876771e-30
67	3.0254000000000008	7.3578789983791682e-37
67	20.089600000000001	1.1102230246251565e-16
69	3.5638000000000005	0.99999643620635026
69	3.5880000000000005	1.6430203687262489e-39
69	3.6864000000000003	3.5637868624318941e-06
69	3.8090000000000006	6.7872312473869513e-12
69	3.9316000000000004	9.1811909185135095e-18
69	4.1170000000000009	8.776841890671164e-37
69	4.176800000000001	2.3425069498579593e-31
69	4.2782000000000009	9.8949984773658792e-24
69	4.2994000000000003	3.5365069097207359e-36
69	4.4008000000000012	1.1020906345645906e-29
69	4.5234000000000005	5.0681159814578879e-36
69	100.12260000000001	1.1102230246251565e-16
70	0.28500000000000003	0.9999997150000407
70	0.35860000000000003	2.8499989779901827e-07
70	0.43220000000000003	6.1588473381456136e-14
70	0.50580000000000003	1.2152091753470445e-20
70	0.57940000000000003	2.3097705476535571e-27
70	0.65300000000000002	4.3183327646476354e-34
71	2.5294000000000012	0.99999747060319899
71	2.5710000000000015	1.0382104335251053e-39
71	2.6190000000000011	2.5293933755100757e-06
71	2.708600000000001	3.4255571415233618e-12
71	2.7982000000000014	3.3008254041600988e-18
71	2.8878000000000013	2.5380861226246995e-24
71	2.9774000000000012	1.6564705983323497e-30
71	3.0670000000000011	8.1184524955806868e-37
72	3.6054000000000004	0.99999639460649958
72	3.6296000000000004	1.0382104335251053e-39
72	3.7280000000000002	3.6053865590938575e-06
72	3.8506000000000005	6.9414498912015973e-12
72	3.9732000000000003	9.4859609407211081e-18
72	4.1586000000000007	9.6291513701419121e-37
72	4.2184000000000008	2.3276080352614039e-31
72	4.3198000000000008	1.0321826663815688e-23
72	4.3410000000000002	3.7773195593573044e-36
72	4.442400000000001	1.1593288129865715e-29
72	4.5650000000000013	5.3207243798532731e-36
73	3.6510000000000002	0.99999634900666479
73	3.6752000000000002	1.6430203687262489e-39
73	3.7736000000000001	3.6509862226123998e-06
73	3.8962000000000003	7.1124853882804585e-12
73	4.0188000000000006	9.827693972624148e-18
73	4.2640000000000002	1.8515701323686127e-31
73	4.3654000000000011	1.0805384683627532e-23
73	4.3866000000000005	1.9216264375500048e-36
73	4.4880000000000013	1.2292919976687865e-29
73	4.6106000000000007	8.856134741571997e-36
73	100.12260000000001	1.1102230246251565e-16
74	2.5690000000000008	0.99999743100329985
74	2.6106000000000016	8.1151147711214807e-40
74	2.6586000000000007	2.5689931700656814e-06
74	2.7482000000000006	3.5300531986944724e-12
74	2.837800000000001	3.4480629833996519e-18
74	2.9274000000000009	2.6853308221041659e-24
74	3.0170000000000008	1.7737107919009816e-30
74	3.1066000000000007	8.867354079028279e-37
75	3.6926000000000005	0.99999630740681766
75	3.7168000000000005	1.0382104335251053e-39
75	3.8152000000000004	3.6925859120193566e-06
75	3.9378000000000006	7.2703315108322171e-12
75	4.2844000000000015	1.0146512447458298e-17
75	4.305600000000001	4.7875746396424641e-32
75	4.4070000000000009	1.3533967474419273e-23
75	4.4282000000000004	1.3532608673150957e-36
75	4.5296000000000012	1.3582907401380968e-29
75	4.6522000000000014	1.0172941865360458e-35
76	1.4985999999999997	0.9999985014011229
76	1.5801999999999996	1.4985976319141501e-06
76	1.6617999999999997	1.2451846707503962e-12
76	1.7241999999999997	1.312959050936332e-39
76	1.7433999999999998	7.5915036299876961e-19
76	1.8249999999999997	3.7954414860733733e-25
76	1.9065999999999996	1.6502209479185323e-31
77	1.5441999999999996	0.99999845580119229
77	1.6257999999999995	1.5441974894416803e-06
77	1.7073999999999996	1.3182812891646077e-12
77	1.7698	1.6430203687262489e-39
77	1.7889999999999997	8.2370594775540929e-19
77	1.8705999999999996	4.2114755532414132e-25
77	1.9521999999999995	1.8690407753315555e-31
78	3.9738000000000002	0.99999602620789552
78	3.9980000000000002	8.1151147711214807e-40
78	4.3204000000000011	3.9737828316315673e-06
78	4.4430000000000005	9.2728211007643382e-12
78	4.5656000000000008	1.4570507620546537e-17
78	4.5868000000000002	6.7108265705073185e-33
78	4.688200000000001	1.8019587657981529e-23
78	4.7094000000000005	2.1124898560354539e-36
78	4.8108000000000013	1.8729699366816122e-29
78	4.9334000000000007	1.4662751203619377e-35
80	3.7342000000000004	0.99999626580697198
80	3.7584000000000004	1.6430203687262489e-39
80	3.8568000000000002	3.7341855979652109e-06
80	3.9794000000000005	7.4299081733645928e-12
80	4.3260000000000014	1.0472147666857909e-17
80	4.3472000000000008	5.0471704077613032e-32
80	4.4486000000000008	1.40769269182352e-23
80	4.4698000000000002	1.461042654978873e-36
80	4.571200000000001	1.4241175291755064e-29
80	4.6938000000000013	1.0749112828808884e-35
80	100.12260000000001	1.1102230246251565e-16
81	1.5877999999999997	0.99999841220126062
81	1.6693999999999996	1.5877973493288922e-06
81	1.7509999999999997	1.3901164659039398e-12
81	1.8134000000000001	1.312959050936332e-39
81	1.8325999999999998	8.8874898099845941e-19
81	1.9141999999999997	4.6402957391553434e-25
81	1.9957999999999996	2.0993354950883073e-31
82	1.6374	0.99999836260134056
82	1.7189999999999999	1.637397185311817e-06
82	1.8006	1.4741485656457032e-12
82	1.8630000000000004	2.5016532624993097e-39
82	1.8822000000000001	9.6679468993332035e-19
82	1.9638	5.1669523747425702e-25
82	2.0453999999999999	2.3882827891290571e-31
83	2.6106000000000011	0.99999738940340765
83	2.6522000000000019	1.0382104335251053e-39
83	2.700200000000001	2.6105929508674008e-06
83	2.7898000000000009	3.6415157808851122e-12
83	2.8794000000000013	3.6073795039325168e-18
83	2.9690000000000012	2.8468094272692511e-24
83	3.0586000000000011	3.2649626659039348e-31
83	3.148200000000001	4.9966431371549572e-37
83	3.241000000000001	1.5774226471657392e-30
83	3.3306000000000009	7.6495907420933629e-37
84	3.9738000000000002	0.99999602620789552
84	3.9980000000000002	1.0382104335251053e-39
84	4.3204000000000011	3.9737828316315707e-06
84	4.4430000000000005	9.2728211007643527e-12
84	4.5656000000000008	1.4570507620546553e-17
84	4.5868000000000002	7.337515272915326e-33
84	4.688200000000001	1.801958765798155e-23
84	4.7094000000000005	2.1133763833432047e-36
84	4.8108000000000013	1.8729072682082626e-29
84	4.9334000000000007	1.4654460332449593e-35
85	2.652200000000001	0.99999734780351712
85	2.6938000000000013	1.0382104335251053e-39
85	2.7418000000000009	2.6521927282080102e-06
85	2.8314000000000008	3.7547089089021461e-12
85	2.9210000000000012	3.7715239133958941e-18
85	3.0106000000000011	3.0154552887208336e-24
85	3.100200000000001	3.4103214249974523e-31
85	3.1898000000000009	5.4333544919138839e-37
85	3.2826000000000009	1.7006234257875602e-30
85	3.3722000000000008	8.3062783358213823e-37
86	1.6869999999999998	0.99999831300142306
86	1.7685999999999997	1.6869970163744401e-06
86	1.8501999999999998	1.5606408124997013e-12
86	1.9126000000000003	2.5016532624993097e-39
86	1.9318	1.0492701466646407e-18
86	2.0133999999999999	5.7371097678154991e-25
86	2.0949999999999998	2.7081276355318288e-31
88	1.7326000000000001	0.999998267401501
88	1.8142	1.7325968567199303e-06
88	1.8958000000000002	1.6423284264708174e-12
88	1.9582000000000006	1.6430203687262489e-39
88	1.9774000000000003	1.1291074177634506e-18
88	2.1406000000000001	1.4300713787441041e-31
88	2.2830000000000004	6.301662164645262e-25
88	2.3646000000000003	3.0130057974253621e-31
88	2.4462000000000002	6.0842514072663317e-38
89	2.6938000000000017	0.99999730620362826
89	2.7354000000000012	1.0382104335251053e-39
89	2.7834000000000017	2.6937925020875168e-06
89	2.8730000000000016	3.8696325825296222e-12
89	2.9626000000000019	3.9405682022700165e-18
89	3.1418000000000017	1.7730298735113245e-31
89	3.2314000000000016	2.7504554632403637e-37
89	3.2346000000000013	3.1914766119584902e-24
89	3.3242000000000012	2.592064276725687e-30
89	3.4138000000000011	1.2928400034198315e-36
90	1.8022	0.99999819780162402
90	1.8917999999999999	1.8021965906012659e-06
90	1.9814000000000001	1.785436002333605e-12
90	2.0678000000000005	1.3610212993976972e-38
90	2.2502	1.0803664494287002e-31
90	2.2950000000000004	1.2882819917561099e-18
90	2.3846000000000003	1.0459551240606359e-24
90	2.4742000000000002	5.0483271760516638e-31
90	2.5638000000000001	7.5995557808438953e-38
91	3.7738000000000005	0.99999622620712081
91	3.7980000000000005	8.1151147711214807e-40
91	3.8964000000000003	3.7737852957943275e-06
91	4.0190000000000001	7.5834206221712725e-12
91	4.3656000000000015	1.0788524142070869e-17
91	4.3868000000000009	4.8453622793353564e-32
91	4.4882000000000009	1.4608725478902676e-23
91	4.5094000000000003	1.5677201694376718e-36
91	4.6108000000000011	1.489579004956036e-29
91	4.7334000000000014	1.132392466702722e-35

[frame_wcrt_cdf]
frame_id	response_time_ms	cumulative_probability
0	0.45940000000000003	0.99999954060010565
0	0.53300000000000003	0.99999999999986078
0	0.60660000000000003	1
0	0.68020000000000003	1
0	0.75380000000000003	1
0	0.82740000000000002	1
2	2.8286000000000016	0.99999717140400057
2	2.870200000000001	0.99999717140400057
2	2.9182000000000015	0.99999999999574618
2	3.0078000000000014	1
2	3.2766000000000015	1
2	3.2798000000000012	1
2	3.3662000000000014	1
2	3.3694000000000011	1
2	3.459000000000001	1
2	3.5486000000000009	1
3	0.37219999999999998	0.99999962780006924
3	0.44579999999999997	0.9999999999999033
3	0.51939999999999997	1
3	0.59299999999999997	1
3	0.66659999999999997	1
3	0.74019999999999997	1
4	0.503	0.99999949700012647
4	0.5766	0.99999999999983646
4	0.6502	1
4	0.7238	1
4	0.7974	1
4	0.871	1
5	0.54859999999999998	0.99999945140015045
5	0.62219999999999998	0.99999999999980915
5	0.69579999999999997	1
5	0.76939999999999997	1
5	0.84299999999999997	1
5	0.91659999999999997	1
6	0.59819999999999995	0.99999940180017888
6	0.67179999999999995	0.99999999999977696
6	0.74539999999999995	0.99999999999999989
6	0.81899999999999995	0.99999999999999989
6	0.89259999999999995	0.99999999999999989
6	0.96619999999999995	0.99999999999999989
6	10.073600000000001	1
7	1.8418000000000001	0.99999815820169613
7	1.9314	0.99999999999813893
7	2.0209999999999999	1
7	2.1074000000000006	1
7	2.2898000000000001	1
7	2.3346000000000005	1
7	2.4242000000000004	1
7	2.5138000000000003	1
7	2.6034000000000002	1
8	2.8762000000000016	0.9999971238041363
8	2.9178000000000011	0.9999971238041363
8	2.9658000000000015	0.99999999999560607
8	3.2378000000000009	1
8	3.3242000000000016	1
8	3.3274000000000012	1
8	3.4138000000000015	1
8	3.4170000000000011	1
8	3.506600000000001	1
8	3.596200000000001	1
9	3.8134000000000006	0.99999618660727096
9	3.8376000000000006	0.99999618660727096
9	3.9360000000000004	0.99999999999226141
9	4.2826000000000013	0.99999999999999989
9	4.4052000000000016	0.99999999999999989
9	4.426400000000001	0.99999999999999989
9	4.5278000000000018	0.99999999999999989
9	4.5490000000000004	0.99999999999999989
9	4.6504000000000021	0.99999999999999989
9	4.7730000000000015	0.99999999999999989
9	1000.1226	1
11	2.9178000000000019	0.99999708220425676
11	2.9594000000000014	0.99999708220425676
11	3.0074000000000018	0.99999999999548184
11	3.2794000000000012	1
11	3.3658000000000019	1
11	3.3690000000000015	1
11	3.4554000000000018	1
11	3.4586000000000015	1
11	3.5482000000000014	1
11	3.6378000000000013	1
13	0.63980000000000004	0.99999936020020463
13	0.71340000000000003	0.9999999999997482
13	0.78700000000000003	1
13	0.86060000000000003	1
13	0.93420000000000003	1
13	1.0078	1
16	2.9594000000000018	0.99999704060437899
16	3.0010000000000012	0.99999704060437899
16	3.2314000000000012	0.99999999999481604
16	3.3210000000000011	1
16	3.4074000000000018	1
16	3.4106000000000014	1
16	3.4970000000000017	1
16	3.5002000000000013	1
16	3.5898000000000012	1
16	3.6794000000000011	1
17	1.8814000000000002	0.9999981186017699
17	1.9710000000000001	0.99999999999806166
17	2.1470000000000007	0.99999999999806166
17	2.2846000000000002	1
17	2.3294000000000001	1
17	2.3742000000000005	1
17	2.419	1
17	2.4638000000000004	1
17	2.5534000000000003	1
17	2.6430000000000002	1
18	0.70140000000000002	0.99999929860024594
18	0.78300000000000003	0.9999999999996968
18	0.86460000000000004	1
18	0.94620000000000004	1
18	1.0278	1
18	1.1093999999999999	1
19	3.0010000000000017	0.99999699900450312
19	3.0426000000000011	0.99999699900450312
19	3.273000000000001	0.99999999999468081
19	3.3626000000000009	1
19	3.4490000000000016	1
19	3.4522000000000013	1
19	3.5386000000000015	1
19	3.5418000000000012	1
19	3.6314000000000011	1
19	3.721000000000001	1
20	0.76300000000000001	0.99999923700029103
20	0.84460000000000002	0.99999999999964662
20	0.92620000000000002	1
20	1.0078	1
20	1.171	1
20	1.2717999999999998	1
20	1.3533999999999999	1
21	1.9210000000000003	0.99999807900184512
21	2.0106000000000002	0.99999999999798272
21	2.1866000000000008	0.99999999999798272
21	2.3241999999999998	1
21	2.3690000000000002	1
21	2.4138000000000002	1
21	2.4586000000000001	1
21	2.5034000000000001	1
21	2.593	1
21	2.6825999999999999	1
22	3.8530000000000006	0.99999614700742279
22	3.8772000000000006	0.99999614700742279
22	3.9756000000000005	0.99999999999210487
22	4.3222000000000014	1
22	4.4448000000000016	1
22	4.4660000000000011	1
22	4.5674000000000019	1
22	4.5886000000000005	1
22	4.6900000000000022	1
22	4.8126000000000015	1
23	1.9646000000000003	0.99999803540192989
23	2.2302000000000008	0.99999803540192989
23	2.2782	0.99999999999745415
23	2.3677999999999999	1
23	2.4126000000000003	1
23	2.4574000000000003	1
23	2.5022000000000002	1
23	2.5470000000000002	1
23	2.6366000000000001	1
23	2.7262	1
24	0.81259999999999988	0.99999918740033011
24	0.89419999999999988	0.99999999999960354
24	0.97579999999999989	1
24	1.2205999999999999	1
24	1.2398	1
24	1.3214000000000001	1
24	1.403	1
25	2.0042000000000004	0.99999799580200854
25	2.2698000000000009	0.99999799580200854
25	2.3178000000000001	0.99999999999736322
25	2.4074	1
25	2.4522000000000004	1
25	2.4970000000000003	1
25	2.5418000000000003	1
25	2.5866000000000002	1
25	2.6762000000000001	1
25	2.7658	1
26	2.2758000000000003	0.9999977242025897
26	2.317400000000001	0.9999977242025897
26	2.3654000000000002	0.99999999999720657
26	2.4550000000000001	1
26	2.4998000000000005	1
26	2.5446000000000004	1
26	2.5894000000000004	1
26	2.6342000000000003	1
26	2.7238000000000002	1
26	2.8134000000000001	1
27	0.86019999999999985	0.99999913980036992
27	0.94179999999999986	0.9999999999995598
27	1.0233999999999999	1
27	1.2681999999999998	1
27	1.2873999999999999	1
27	1.3689999999999998	1
27	1.4505999999999997	1
28	0.41980000000000001	0.99999958020008817
28	0.49340000000000001	0.99999999999988098
28	0.56699999999999995	1
28	0.64060000000000006	1
28	0.71419999999999995	1
28	0.78780000000000006	1
29	0.1502	0.99999984980001133
29	0.21779999999999999	0.99999999999997857
29	0.28539999999999999	1
29	0.35300000000000004	1
29	0.42060000000000003	1
29	0.48820000000000002	1
30	2.3174000000000006	0.99999768260268529
30	2.3590000000000009	0.99999768260268529
30	2.4070000000000005	0.99999999999710731
30	2.4966000000000004	1
30	2.5414000000000003	1
30	2.5862000000000007	1
30	2.6310000000000002	1
30	2.6758000000000006	1
30	2.7654000000000005	1
30	2.8550000000000004	1
31	0.90379999999999983	0.99999909620040839
31	0.98539999999999983	0.99999999999951783
31	1.2493999999999998	1
31	1.3117999999999999	1
31	1.331	1
31	1.4125999999999999	1
31	1.4941999999999998	1
33	3.0466000000000015	0.99999695340464101
33	3.253200000000001	0.99999695340464101
33	3.3516000000000008	0.99999999999443001
33	3.4742000000000011	1
33	3.5968000000000009	1
33	3.6596000000000015	1
33	3.7194000000000011	1
33	3.7822000000000013	1
33	3.842000000000001	1
33	3.9646000000000008	1
34	0.9493999999999998	0.99999905060045058
34	1.0309999999999997	0.99999999999947176
34	1.2949999999999997	0.99999999999999989
34	1.3573999999999997	0.99999999999999989
34	1.3765999999999998	0.99999999999999989
34	1.4581999999999997	0.99999999999999989
34	1.5397999999999996	0.99999999999999989
34	10.0816	1
35	0.98899999999999966	0.99999901100048916
35	1.2529999999999997	0.99999999999924993
35	1.3345999999999998	1
35	1.3969999999999998	1
35	1.4161999999999999	1
35	1.4977999999999998	1
35	1.5793999999999997	1
36	2.7354000000000016	0.99999726460374116
36	2.7770000000000015	0.99999726460374116
36	2.8250000000000015	0.99999999999601363
36	2.9146000000000014	0.99999999999999989
36	3.0042000000000018	0.99999999999999989
36	3.1834000000000016	0.99999999999999989
36	3.2730000000000015	0.99999999999999989
36	3.2762000000000011	0.99999999999999989
36	3.365800000000001	0.99999999999999989
36	3.4554000000000009	0.99999999999999989
36	50.089599999999997	1
37	3.2706000000000008	0.99999672940534856
37	3.2948000000000008	0.99999672940534856
37	3.3932000000000007	0.99999999999425082
37	3.5158000000000009	1
37	3.6384000000000007	1
37	3.7012000000000014	1
37	3.761000000000001	1
37	3.8238000000000012	1
37	3.8836000000000008	1
37	4.0062000000000006	1
38	1.0305999999999997	0.99999896940053112
38	1.2945999999999995	0.99999999999919686
38	1.3761999999999996	1
38	1.4385999999999997	1
38	1.4577999999999998	1
38	1.5393999999999997	1
38	1.6209999999999996	1
39	1.2545999999999999	0.99999874540078704
39	1.3361999999999998	0.9999999999991106
39	1.4177999999999999	1
39	1.4801999999999995	1
39	1.4994000000000001	1
39	1.581	1
39	1.6625999999999999	1
40	3.3102000000000005	0.99999668980547896
40	3.3344000000000005	0.99999668980547896
40	3.4328000000000003	0.99999999999411571
40	3.5554000000000006	1
40	3.6780000000000004	1
40	3.740800000000001	1
40	3.8006000000000006	1
40	3.8634000000000013	1
40	3.9232000000000005	1
40	4.0458000000000007	1
41	3.8926000000000007	0.99999610740757605
41	3.9168000000000007	0.99999610740757605
41	4.015200000000001	0.99999999999194655
41	4.3618000000000015	0.99999999999999989
41	4.4844000000000017	0.99999999999999989
41	4.5056000000000012	0.99999999999999989
41	4.607000000000002	0.99999999999999989
41	4.6282000000000005	0.99999999999999989
41	4.7296000000000022	0.99999999999999989
41	4.8522000000000016	0.99999999999999989
41	1000.1226	1
43	3.3518000000000003	0.9999966482056174
43	3.3760000000000003	0.9999966482056174
43	3.4744000000000002	0.99999999999397193
43	3.5970000000000004	1
43	3.7196000000000002	1
43	3.7824000000000004	1
43	3.8422000000000005	1
43	3.9050000000000002	1
43	3.9648000000000003	1
43	4.0874000000000006	1
45	2.3590000000000004	0.99999764100278254
45	2.4006000000000012	0.99999764100278254
45	2.4486000000000003	0.99999999999700628
45	2.5382000000000002	1
45	2.6278000000000006	1
45	2.6726000000000005	1
45	2.7174000000000005	1
45	2.8070000000000004	1
45	2.8966000000000003	1
46	1.2981999999999996	0.9999987018008426
46	1.3797999999999995	0.99999999999905131
46	1.4613999999999996	0.99999999999999989
46	1.5237999999999996	0.99999999999999989
46	1.5429999999999997	0.99999999999999989
46	1.6245999999999996	0.99999999999999989
46	1.7061999999999995	0.99999999999999989
46	10.0816	1
47	3.3934000000000006	0.99999660660575751
47	3.4176000000000006	0.99999660660575751
47	3.5160000000000005	0.99999999999382638
47	3.6386000000000007	1
47	3.7612000000000005	1
47	3.8838000000000008	1
47	3.946600000000001	1
47	4.0064000000000011	1
47	4.1290000000000004	1
48	0.20380000000000001	0.99999979620002089
48	0.27739999999999998	0.99999999999996436
48	0.35099999999999998	1
48	0.42459999999999998	1
48	0.49819999999999998	1
48	0.57179999999999997	1
50	2.4006000000000007	0.99999759940288158
50	2.4422000000000015	0.99999759940288158
50	2.4902000000000006	0.99999999999690359
50	2.5798000000000005	1
50	2.6694000000000009	1
50	2.7142000000000008	1
50	2.7590000000000008	1
50	2.8486000000000007	1
50	2.9382000000000006	1
51	0.3266	0.99999967340005336
51	0.4002	0.99999999999992262
51	0.4738	1
51	0.5474	1
51	0.621	1
51	0.6946	1
52	2.442200000000001	0.99999755780298216
52	2.4838000000000013	0.99999755780298216
52	2.5318000000000009	0.999999999996799
52	2.6214000000000008	1
52	2.7110000000000012	1
52	2.7558000000000011	1
52	2.8006000000000011	1
52	2.890200000000001	1
52	2.9798000000000009	1
54	3.4330000000000003	0.99999656700589268
54	3.4572000000000003	0.99999656700589268
54	3.5556000000000001	0.99999999999368627
54	3.6782000000000004	0.99999999999999989
54	3.8008000000000002	0.99999999999999989
54	3.9234000000000004	0.99999999999999989
54	3.9862000000000011	0.99999999999999989
54	4.0460000000000003	0.99999999999999989
54	4.1686000000000005	0.99999999999999989
54	4.2700000000000014	0.99999999999999989
54	4.3926000000000007	0.99999999999999989
54	100.12260000000001	1
56	3.4746000000000006	0.99999652540603656
56	3.4988000000000006	0.99999652540603656
56	3.5972000000000004	0.99999999999353772
56	3.7198000000000007	1
56	3.8424000000000005	1
56	3.9650000000000007	1
56	4.0278000000000009	1
56	4.087600000000001	1
56	4.2102000000000004	1
56	4.3116000000000012	1
56	4.4342000000000015	1
57	1.3457999999999997	0.99999865420090561
57	1.4273999999999996	0.99999999999898459
57	1.5089999999999997	1
57	1.5713999999999997	1
57	1.5905999999999998	1
57	1.6721999999999997	1
57	1.7537999999999996	1
58	3.5182000000000007	0.99999648180618883
58	3.5424000000000007	0.99999648180618883
58	3.6408000000000005	0.99999999999337974
58	3.7634000000000007	0.99999999999999989
58	3.8860000000000006	0.99999999999999989
58	4.0086000000000004	0.99999999999999989
58	4.0714000000000006	0.99999999999999989
58	4.1312000000000006	0.99999999999999989
58	4.2538000000000009	0.99999999999999989
58	4.3552000000000008	0.99999999999999989
58	4.4778000000000011	0.99999999999999989
58	100.12260000000001	1
59	3.9342000000000001	0.99999606580773892
59	3.9584000000000001	0.99999606580773892
59	4.280800000000001	0.99999999999089739
59	4.4034000000000004	0.99999999999999989
59	4.5260000000000007	0.99999999999999989
59	4.5472000000000001	0.99999999999999989
59	4.648600000000001	0.99999999999999989
59	4.6698000000000004	0.99999999999999989
59	4.7712000000000012	0.99999999999999989
59	4.8938000000000006	0.99999999999999989
59	1000.1226	1
60	1.3933999999999997	0.99999860660097095
60	1.4749999999999996	0.99999999999891565
60	1.5565999999999998	1
60	1.6189999999999998	1
60	1.6381999999999999	1
60	1.7197999999999998	1
60	1.8013999999999997	1
61	1.4549999999999996	0.99999854500105856
61	1.5365999999999995	0.99999999999882283
61	1.6181999999999996	1
61	1.6805999999999996	1
61	1.6997999999999998	1
61	1.7813999999999997	1
61	1.8629999999999995	1
63	2.7830000000000013	0.99999721700387267
63	2.8246000000000011	0.99999721700387267
63	2.8726000000000012	0.99999999999587819
63	2.9622000000000011	1
63	3.2310000000000012	1
63	3.2342000000000013	1
63	3.3206000000000011	1
63	3.3238000000000012	1
63	3.4134000000000011	1
63	3.503000000000001	1
66	0.24540000000000001	0.9999997546000301
66	0.31900000000000001	0.99999999999995182
66	0.3926	1
66	0.4662	1
66	0.53980000000000006	1
66	0.61339999999999995	1
67	2.4878000000000009	0.99999751220309452
67	2.5294000000000016	0.99999751220309452
67	2.5774000000000008	0.99999999999668243
67	2.6670000000000007	0.99999999999999989
67	2.756600000000001	0.99999999999999989
67	2.846200000000001	0.99999999999999989
67	2.9358000000000009	0.99999999999999989
67	3.0254000000000008	0.99999999999999989
67	20.089600000000001	1
69	3.5638000000000005	0.99999643620635026
69	3.5880000000000005	0.99999643620635026
69	3.6864000000000003	0.99999999999321265
69	3.8090000000000006	0.99999999999999989
69	3.9316000000000004	0.99999999999999989
69	4.1170000000000009	0.99999999999999989
69	4.176800000000001	0.99999999999999989
69	4.2782000000000009	0.99999999999999989
69	4.2994000000000003	0.99999999999999989
69	4.4008000000000012	0.99999999999999989
69	4.5234000000000005	0.99999999999999989
69	100.12260000000001	1
70	0.28500000000000003	0.9999997150000407
70	0.35860000000000003	0.99999999999993849
70	0.43220000000000003	1
70	0.50580000000000003	1
70	0.57940000000000003	1
70	0.65300000000000002	1
71	2.5294000000000012	0.99999747060319899
71	2.5710000000000015	0.99999747060319899
71	2.6190000000000011	0.99999999999657452
71	2.708600000000001	1
71	2.7982000000000014	1
71	2.8878000000000013	1
71	2.9774000000000012	1
71	3.0670000000000011	1
72	3.6054000000000004	0.99999639460649958
72	3.6296000000000004	0.99999639460649958
72	3.7280000000000002	0.99999999999305866
72	3.8506000000000005	1
72	3.9732000000000003	1
72	4.1586000000000007	1
72	4.2184000000000008	1
72	4.3198000000000008	1
72	4.3410000000000002	1
72	4.442400000000001	1
72	4.5650000000000013	1
73	3.6510000000000002	0.99999634900666479
73	3.6752000000000002	0.99999634900666479
73	3.7736000000000001	0.99999999999288736
73	3.8962000000000003	0.99999999999999989
73	4.0188000000000006	0.99999999999999989
73	4.2640000000000002	0.99999999999999989
73	4.3654000000000011	0.99999999999999989
73	4.3866000000000005	0.99999999999999989
73	4.4880000000000013	0.99999999999999989
73	4.6106000000000007	0.99999999999999989
73	100.12260000000001	1
74	2.5690000000000008	0.99999743100329985
74	2.6106000000000016	0.99999743100329985
74	2.6586000000000007	0.99999999999646993
74	2.7482000000000006	1
74	2.837800000000001	1
74	2.9274000000000009	1
74	3.0170000000000008	1
74	3.1066000000000007	1
75	3.6926000000000005	0.99999630740681766
75	3.7168000000000005	0.99999630740681766
75	3.8152000000000004	0.9999999999927297
75	3.9378000000000006	1
75	4.2844000000000015	1
75	4.305600000000001	1
75	4.4070000000000009	1
75	4.4282000000000004	1
75	4.5296000000000012	1
75	4.6522000000000014	1
76	1.4985999999999997	0.9999985014011229
76	1.5801999999999996	0.99999999999875477
76	1.6617999999999997	1
76	1.7241999999999997	1
76	1.7433999999999998	1
76	1.8249999999999997	1
76	1.9065999999999996	1
77	1.5441999999999996	0.99999845580119229
77	1.6257999999999995	0.99999999999868172
77	1.7073999999999996	1
77	1.7698	1
77	1.7889999999999997	1
77	1.8705999999999996	1
77	1.9521999999999995	1
78	3.9738000000000002	0.99999602620789552
78	3.9980000000000002	0.99999602620789552
78	4.3204000000000011	0.9999999999907272
78	4.4430000000000005	1
78	4.5656000000000008	1
78	4.5868000000000002	1
78	4.688200000000001	1
78	4.7094000000000005	1
78	4.8108000000000013	1
78	4.9334000000000007	1
80	3.7342000000000004	0.99999626580697198
80	3.7584000000000004	0.99999626580697198
80	3.8568000000000002	0.99999999999256994
80	3.9794000000000005	0.99999999999999989
80	4.3260000000000014	0.99999999999999989
80	4.3472000000000008	0.99999999999999989
80	4.4486000000000008	0.99999999999999989
80	4.4698000000000002	0.99999999999999989
80	4.571200000000001	0.99999999999999989
80	4.6938000000000013	0.99999999999999989
80	100.12260000000001	1
81	1.5877999999999997	0.99999841220126062
81	1.6693999999999996	0.99999999999861
81	1.7509999999999997	1
81	1.8134000000000001	1
81	1.8325999999999998	1
81	1.9141999999999997	1
81	1.9957999999999996	1
82	1.6374	0.99999836260134056
82	1.7189999999999999	0.99999999999852585
82	1.8006	1
82	1.8630000000000004	1
82	1.8822000000000001	1
82	1.9638	1
82	2.0453999999999999	1
83	2.6106000000000011	0.99999738940340765
83	2.6522000000000019	0.99999738940340765
83	2.700200000000001	0.99999999999635847
83	2.7898000000000009	1
83	2.8794000000000013	1
83	2.9690000000000012	1
83	3.0586000000000011	1
83	3.148200000000001	1
83	3.241000000000001	1
83	3.3306000000000009	1
84	3.9738000000000002	0.99999602620789552
84	3.9980000000000002	0.99999602620789552
84	4.3204000000000011	0.9999999999907272
84	4.4430000000000005	1
84	4.5656000000000008	1
84	4.5868000000000002	1
84	4.688200000000001	1
84	4.7094000000000005	1
84	4.8108000000000013	1
84	4.9334000000000007	1
85	2.652200000000001	0.99999734780351712
85	2.6938000000000013	0.99999734780351712
85	2.7418000000000009	0.99999999999624534
85	2.8314000000000008	1
85	2.9210000000000012	1
85	3.0106000000000011	1
85	3.100200000000001	1
85	3.1898000000000009	1
85	3.2826000000000009	1
85	3.3722000000000008	1
86	1.6869999999999998	0.99999831300142306
86	1.7685999999999997	0.99999999999843947
86	1.8501999999999998	1
86	1.9126000000000003	1
86	1.9318	1
86	2.0133999999999999	1
86	2.0949999999999998	1
88	1.7326000000000001	0.999998267401501
88	1.8142	0.99999999999835776
88	1.8958000000000002	1
88	1.9582000000000006	1
88	1.9774000000000003	1
88	2.1406000000000001	1
88	2.2830000000000004	1
88	2.3646000000000003	1
88	2.4462000000000002	1
89	2.6938000000000017	0.99999730620362826
89	2.7354000000000012	0.99999730620362826
89	2.7834000000000017	0.99999999999613032
89	2.8730000000000016	1
89	2.9626000000000019	1
89	3.1418000000000017	1
89	3.2314000000000016	1
89	3.2346000000000013	1
89	3.3242000000000012	1
89	3.4138000000000011	1
90	1.8022	0.99999819780162402
90	1.8917999999999999	0.99999999999821465
90	1.9814000000000001	1
90	2.0678000000000005	1
90	2.2502	1
90	2.2950000000000004	1
90	2.3846000000000003	1
90	2.4742000000000002	1
90	2.5638000000000001	1
91	3.7738000000000005	0.99999622620712081
91	3.7980000000000005	0.99999622620712081
91	3.8964000000000003	0.99999999999241662
91	4.0190000000000001	1
91	4.3656000000000015	1
91	4.3868000000000009	1
91	4.4882000000000009	1
91	4.5094000000000003	1
91	4.6108000000000011	1
91	4.7334000000000014	1

[frame_distribution_quantiles]
frame_id	retry_q50	retry_q90	retry_q95	retry_q99	wcrt_q50_ms	wcrt_q90_ms	wcrt_q95_ms	wcrt_q99_ms
0	0	0	0	0	0.45940000000000003	0.45940000000000003	0.45940000000000003	0.45940000000000003
2	0	0	0	0	2.8286000000000016	2.8286000000000016	2.8286000000000016	2.8286000000000016
3	0	0	0	0	0.37219999999999998	0.37219999999999998	0.37219999999999998	0.37219999999999998
4	0	0	0	0	0.503	0.503	0.503	0.503
5	0	0	0	0	0.54859999999999998	0.54859999999999998	0.54859999999999998	0.54859999999999998
6	0	0	0	0	0.59819999999999995	0.59819999999999995	0.59819999999999995	0.59819999999999995
7	0	0	0	0	1.8418000000000001	1.8418000000000001	1.8418000000000001	1.8418000000000001
8	0	0	0	0	2.8762000000000016	2.8762000000000016	2.8762000000000016	2.8762000000000016
9	0	0	0	0	3.8134000000000006	3.8134000000000006	3.8134000000000006	3.8134000000000006
11	0	0	0	0	2.9178000000000019	2.9178000000000019	2.9178000000000019	2.9178000000000019
13	0	0	0	0	0.63980000000000004	0.63980000000000004	0.63980000000000004	0.63980000000000004
16	0	0	0	0	2.9594000000000018	2.9594000000000018	2.9594000000000018	2.9594000000000018
17	0	0	0	0	1.8814000000000002	1.8814000000000002	1.8814000000000002	1.8814000000000002
18	0	0	0	0	0.70140000000000002	0.70140000000000002	0.70140000000000002	0.70140000000000002
19	0	0	0	0	3.0010000000000017	3.0010000000000017	3.0010000000000017	3.0010000000000017
20	0	0	0	0	0.76300000000000001	0.76300000000000001	0.76300000000000001	0.76300000000000001
21	0	0	0	0	1.9210000000000003	1.9210000000000003	1.9210000000000003	1.9210000000000003
22	0	0	0	0	3.8530000000000006	3.8530000000000006	3.8530000000000006	3.8530000000000006
23	0	0	0	0	1.9646000000000003	1.9646000000000003	1.9646000000000003	1.9646000000000003
24	0	0	0	0	0.81259999999999988	0.81259999999999988	0.81259999999999988	0.81259999999999988
25	0	0	0	0	2.0042000000000004	2.0042000000000004	2.0042000000000004	2.0042000000000004
26	0	0	0	0	2.2758000000000003	2.2758000000000003	2.2758000000000003	2.2758000000000003
27	0	0	0	0	0.86019999999999985	0.86019999999999985	0.86019999999999985	0.86019999999999985
28	0	0	0	0	0.41980000000000001	0.41980000000000001	0.41980000000000001	0.41980000000000001
29	0	0	0	0	0.1502	0.1502	0.1502	0.1502
30	0	0	0	0	2.3174000000000006	2.3174000000000006	2.3174000000000006	2.3174000000000006
31	0	0	0	0	0.90379999999999983	0.90379999999999983	0.90379999999999983	0.90379999999999983
33	0	0	0	0	3.0466000000000015	3.0466000000000015	3.0466000000000015	3.0466000000000015
34	0	0	0	0	0.9493999999999998	0.9493999999999998	0.9493999999999998	0.9493999999999998
35	0	0	0	0	0.98899999999999966	0.98899999999999966	0.98899999999999966	0.98899999999999966
36	0	0	0	0	2.7354000000000016	2.7354000000000016	2.7354000000000016	2.7354000000000016
37	0	0	0	0	3.2706000000000008	3.2706000000000008	3.2706000000000008	3.2706000000000008
38	0	0	0	0	1.0305999999999997	1.0305999999999997	1.0305999999999997	1.0305999999999997
39	0	0	0	0	1.2545999999999999	1.2545999999999999	1.2545999999999999	1.2545999999999999
40	0	0	0	0	3.3102000000000005	3.3102000000000005	3.3102000000000005	3.3102000000000005
41	0	0	0	0	3.8926000000000007	3.8926000000000007	3.8926000000000007	3.8926000000000007
43	0	0	0	0	3.3518000000000003	3.3518000000000003	3.3518000000000003	3.3518000000000003
45	0	0	0	0	2.3590000000000004	2.3590000000000004	2.3590000000000004	2.3590000000000004
46	0	0	0	0	1.2981999999999996	1.2981999999999996	1.2981999999999996	1.2981999999999996
47	0	0	0	0	3.3934000000000006	3.3934000000000006	3.3934000000000006	3.3934000000000006
48	0	0	0	0	0.20380000000000001	0.20380000000000001	0.20380000000000001	0.20380000000000001
50	0	0	0	0	2.4006000000000007	2.4006000000000007	2.4006000000000007	2.4006000000000007
51	0	0	0	0	0.3266	0.3266	0.3266	0.3266
52	0	0	0	0	2.442200000000001	2.442200000000001	2.442200000000001	2.442200000000001
54	0	0	0	0	3.4330000000000003	3.4330000000000003	3.4330000000000003	3.4330000000000003
56	0	0	0	0	3.4746000000000006	3.4746000000000006	3.4746000000000006	3.4746000000000006
57	0	0	0	0	1.3457999999999997	1.3457999999999997	1.3457999999999997	1.3457999999999997
58	0	0	0	0	3.5182000000000007	3.5182000000000007	3.5182000000000007	3.5182000000000007
59	0	0	0	0	3.9342000000000001	3.9342000000000001	3.9342000000000001	3.9342000000000001
60	0	0	0	0	1.3933999999999997	1.3933999999999997	1.3933999999999997	1.3933999999999997
61	0	0	0	0	1.4549999999999996	1.4549999999999996	1.4549999999999996	1.4549999999999996
63	0	0	0	0	2.7830000000000013	2.7830000000000013	2.7830000000000013	2.7830000000000013
66	0	0	0	0	0.24540000000000001	0.24540000000000001	0.24540000000000001	0.24540000000000001
67	0	0	0	0	2.4878000000000009	2.4878000000000009	2.4878000000000009	2.4878000000000009
69	0	0	0	0	3.5638000000000005	3.5638000000000005	3.5638000000000005	3.5638000000000005
70	0	0	0	0	0.28500000000000003	0.28500000000000003	0.28500000000000003	0.28500000000000003
71	0	0	0	0	2.5294000000000012	2.5294000000000012	2.5294000000000012	2.5294000000000012
72	0	0	0	0	3.6054000000000004	3.6054000000000004	3.6054000000000004	3.6054000000000004
73	0	0	0	0	3.6510000000000002	3.6510000000000002	3.6510000000000002	3.6510000000000002
74	0	0	0	0	2.5690000000000008	2.5690000000000008	2.5690000000000008	2.5690000000000008
75	0	0	0	0	3.6926000000000005	3.6926000000000005	3.6926000000000005	3.6926000000000005
76	0	0	0	0	1.4985999999999997	1.4985999999999997	1.4985999999999997	1.4985999999999997
77	0	0	0	0	1.5441999999999996	1.5441999999999996	1.5441999999999996	1.5441999999999996
78	0	0	0	0	3.9738000000000002	3.9738000000000002	3.9738000000000002	3.9738000000000002
80	0	0	0	0	3.7342000000000004	3.7342000000000004	3.7342000000000004	3.7342000000000004
81	0	0	0	0	1.5877999999999997	1.5877999999999997	1.5877999999999997	1.5877999999999997
82	0	0	0	0	1.6374	1.6374	1.6374	1.6374
83	0	0	0	0	2.6106000000000011	2.6106000000000011	2.6106000000000011	2.6106000000000011
84	0	0	0	0	3.9738000000000002	3.9738000000000002	3.9738000000000002	3.9738000000000002
85	0	0	0	0	2.652200000000001	2.652200000000001	2.652200000000001	2.652200000000001
86	0	0	0	0	1.6869999999999998	1.6869999999999998	1.6869999999999998	1.6869999999999998
88	0	0	0	0	1.7326000000000001	1.7326000000000001	1.7326000000000001	1.7326000000000001
89	0	0	0	0	2.6938000000000017	2.6938000000000017	2.6938000000000017	2.6938000000000017
90	0	0	0	0	1.8022	1.8022	1.8022	1.8022
91	0	0	0	0	3.7738000000000005	3.7738000000000005	3.7738000000000005	3.7738000000000005

[signal_summary]
code	frame_id	period_ms	level	type	p_timeout	expected_wcrt_ms	wcrt_p95_ms	threshold_wcrt_ms	expected_retry_count	p_threshold
72148580	11	100	3	0	0	2.9178002614357292	2.9178000000000019	3.2794000000000012	2.9178002614357301e-06	2.7777777777777779e-13
106626986	85	20	0	0	0	2.6522002376371425	2.652200000000001	2.652200000000001	2.6522002376371425e-06	1
111303699	46	10	0	0	1.1102230246251565e-16	1.2982001059331292	1.2981999999999996	1.2981999999999996	1.2982001065992621e-06	1
178841551	74	20	2	0	0	2.5690002301824211	2.5690000000000008	2.7482000000000006	2.569000230182423e-06	5.5555555555555559e-13
200927002	76	10	1	0	0	1.4986001222857697	1.4985999999999997	1.6617999999999997	1.498600122285769e-06	2.7777777777777779e-13
206934509	56	100	0	0	0	3.4746004259860137	3.4746000000000006	3.4746000000000006	3.474600425986011e-06	1
217615448	24	20	0	1	0	0.81260006630816528	0.81259999999999988	0.81259999999999988	8.1260006630816656e-07	1
228279202	2	100	1	0	0	2.8286002534425849	2.8286000000000016	3.0078000000000014	2.828600253442586e-06	2.7777777777777777e-12
236326663	20	20	0	0	0	0.76300006226080508	0.76300000000000001	0.76300000000000001	7.6300006226080584e-07	1
244436472	16	100	0	0	0	2.9594008049560752	2.9594000000000018	2.9594000000000018	2.9594008049560753e-06	1
307560823	18	20	0	0	0	0.70140005723424459	0.70140000000000002	0.70140000000000002	7.0140005723424512e-07	1
329775129	30	20	0	0	0	2.3174002076390594	2.3174000000000006	2.3174000000000006	2.3174002076390589e-06	1
331926852	57	10	0	0	0	1.3458001098172887	1.3457999999999997	1.3457999999999997	1.3458001098172894e-06	1
344190697	8	100	0	0	0	2.8762002577083465	2.8762000000000016	2.8762000000000016	2.8762002577083466e-06	1
389678217	20	10	3	0	0	0.76300006226080508	0.76300000000000001	0.92620000000000002	7.6300006226080584e-07	2.7777777777777781e-14
415374581	41	1000	1	0	1.1102230246251565e-16	3.8926004772347333	3.8926000000000007	4.015200000000001	3.892600478011778e-06	2.7777777777777777e-11
420857954	67	20	0	0	1.1102230246251565e-16	2.4878002229069027	2.4878000000000009	2.4878000000000009	2.4878002236840594e-06	1
543657898	86	10	0	0	0	1.6870001376592112	1.6869999999999998	1.6869999999999998	1.6870001376592128e-06	1
569196126	58	100	0	0	1.1102230246251565e-16	3.5182004313313846	3.5182000000000007	3.5182000000000007	3.5182004321085277e-06	1
604994407	89	20	0	0	0	2.693800241364503	2.6938000000000017	2.6938000000000017	2.6938002413645036e-06	1
610920728	78	1000	0	0	0	3.9738013773174803	3.9738000000000002	3.9738000000000002	3.97380137731748e-06	1
623347971	29	2	0	0	0	0.15020001015352066	0.1502	0.1502	1.5020001015352053e-07	1
637363090	3	5	0	0	0	0.37220002739392194	0.37219999999999998	0.37219999999999998	3.722000273939221e-07	1
677410530	6	10	2	0	1.1102230246251565e-16	0.59820004402752425	0.59819999999999995	0.67179999999999995	5.9820004469365751e-07	2.7777777777777779e-13
696855096	45	20	0	0	0	2.3590002113664195	2.3590000000000004	2.3590000000000004	2.3590002113664182e-06	1
715104218	69	100	0	0	1.1102230246251565e-16	3.5638004369219449	3.5638000000000005	3.5638000000000005	3.5638004376990883e-06	1
720516319	48	1	0	0	0	0.20380001499968112	0.20380000000000001	0.20380000000000001	2.0380001499968113e-07	1
765821593	58	100	0	0	1.1102230246251565e-16	3.5182004313313846	3.5182000000000007	3.5182000000000007	3.5182004321085277e-06	1
791011428	43	100	0	0	0	3.3518004109307311	3.3518000000000003	3.3518000000000003	3.3518004109307302e-06	1
801025185	28	5	2	0	0	0.41980003089728229	0.41980000000000001	0.49340000000000001	4.19800030897282e-07	1.388888888888889e-13
840619539	29	2	0	0	0	0.15020001015352066	0.1502	0.1502	1.5020001015352053e-07	1
933319447	38	20	0	0	0	1.0306002720783252	1.0305999999999997	1.0305999999999997	1.0306002720783256e-06	1
956748074	63	50	0	0	0	2.783000249356824	2.7830000000000013	2.7830000000000013	2.7830002493568226e-06	1
1018040267	9	1000	0	0	1.1102230246251565e-16	3.8134004675247422	3.8134000000000006	3.8134000000000006	3.8134004683017841e-06	1
1029254287	37	100	0	0	0	3.2706004009756104	3.2706000000000008	3.2706000000000008	3.2706004009756111e-06	1
1074829911	86	10	0	0	0	1.6870001376592112	1.6869999999999998	1.6869999999999998	1.6870001376592128e-06	1
1141143794	83	20	1	0	0	2.6106002339097825	2.6106000000000011	2.7898000000000009	2.6106002339097845e-06	5.5555555555555559e-13
1241913981	3	5	0	0	0	0.37220002739392194	0.37219999999999998	0.37219999999999998	3.722000273939221e-07	1
1286023631	33	100	0	0	0	3.0466009292122691	3.0466000000000015	3.0466000000000015	3.0466009292122686e-06	1
1309978964	36	50	0	0	1.1102230246251565e-16	2.7354002450918689	2.7354000000000016	2.7354000000000016	2.7354002458690228e-06	1
1321764872	4	20	0	0	0	0.50300003702080276	0.503	0.503	5.0300003702080209e-07	1
1417031831	29	1	0	0	0	0.15020001015352066	0.1502	0.1502	1.5020001015352053e-07	1
1441154028	38	10	0	0	0	1.0306002720783252	1.0305999999999997	1.0305999999999997	1.0306002720783256e-06	1
1487499082	23	20	3	0	0	1.9646006160981835	1.9646000000000003	2.3677999999999999	1.9646006160981842e-06	5.5555555555555561e-14
1552864987	5	20	0	0	0	0.54860004037696297	0.54859999999999998	0.54859999999999998	5.4860004037696255e-07	1
1569477785	34	20	0	0	1.1102230246251565e-16	0.94940007747114352	0.9493999999999998	0.9493999999999998	9.4940007813727655e-07	1
1647938851	8	100	2	0	0	2.8762002577083465	2.8762000000000016	3.2378000000000009	2.8762002577083466e-06	2.7777777777777777e-12
1674640051	47	100	0	0	0	3.3934004160308917	3.3934000000000006	3.3934000000000006	3.3934004160308953e-06	1
1769333171	56	100	0	0	0	3.4746004259860137	3.4746000000000006	3.4746000000000006	3.474600425986011e-06	1
1833905087	63	50	0	0	0	2.783000249356824	2.7830000000000013	2.7830000000000013	2.7830002493568226e-06	1
1893032893	34	10	0	0	1.1102230246251565e-16	0.94940007747114352	0.9493999999999998	0.9493999999999998	9.4940007813727655e-07	1
1922301936	28	5	3	0	0	0.41980003089728229	0.41980000000000001	0.56699999999999995	4.19800030897282e-07	1.388888888888889e-14
1934509427	59	1000	0	0	1.1102230246251565e-16	3.934201363592265	3.9342000000000001	3.9342000000000001	3.9342013643693104e-06	1
2019472715	61	10	1	0	0	1.4550001187280093	1.4549999999999996	1.6181999999999996	1.4550001187280092e-06	2.7777777777777779e-13
2076392953	81	20	1	0	0	1.5878001295644903	1.5877999999999997	1.7509999999999997	1.5878001295644903e-06	5.5555555555555559e-13
2272937606	37	100	0	0	0	3.2706004009756104	3.2706000000000008	3.2706000000000008	3.2706004009756111e-06	1
2296356955	75	100	0	0	0	3.6926004527128162	3.6926000000000005	3.6926000000000005	3.6926004527128176e-06	1
2377429805	26	20	3	0	0	2.2758002039116985	2.2758000000000003	2.4550000000000001	2.2758002039116987e-06	5.5555555555555561e-14
2528244520	60	10	0	0	0	1.3934001137014493	1.3933999999999997	1.3933999999999997	1.3934001137014489e-06	1
2545441600	76	10	0	0	0	1.4986001222857697	1.4985999999999997	1.4985999999999997	1.498600122285769e-06	1
2594236151	81	10	0	0	0	1.5878001295644903	1.5877999999999997	1.5877999999999997	1.5878001295644903e-06	1
2609667301	4	10	1	0	0	0.50300003702080276	0.503	0.5766	5.0300003702080209e-07	2.7777777777777779e-13
2615600709	50	20	0	0	0	2.4006002150937804	2.4006000000000007	2.4006000000000007	2.4006002150937813e-06	1
2664399071	60	10	2	0	0	1.3934001137014493	1.3933999999999997	1.5565999999999998	1.3934001137014489e-06	2.7777777777777779e-13
2741180234	82	20	0	0	0	1.6374001336118509	1.6374	1.6374	1.6374001336118487e-06	1
2847717924	88	10	0	0	0	1.7326001413801717	1.7326000000000001	1.7326000000000001	1.7326001413801705e-06	1
2923779131	90	10	0	0	0	1.8022001614771346	1.8022	1.8022	1.8022001614771353e-06	1
2926670890	40	100	0	0	0	3.3102004058305714	3.3102000000000005	3.3102000000000005	3.3102004058305723e-06	1
2928847218	24	10	0	0	0	0.81260006630816528	0.81259999999999988	0.81259999999999988	8.1260006630816656e-07	1
2939017614	20	10	0	0	0	0.76300006226080508	0.76300000000000001	0.76300000000000001	7.6300006226080584e-07	1
2994280612	84	1000	0	0	0	3.9738013773174803	3.9738000000000002	3.9738000000000002	3.9738013773174834e-06	1
2994888976	61	10	0	0	0	1.4550001187280093	1.4549999999999996	1.4549999999999996	1.4550001187280092e-06	1
2999107887	80	100	0	0	1.1102230246251565e-16	3.734200457812987	3.7342000000000004	3.7342000000000004	3.7342004585901303e-06	1
3026044514	27	20	1	0	0	0.86020007019232547	0.86019999999999985	0.94179999999999986	8.6020007019232537e-07	5.5555555555555559e-13
3061435483	31	20	0	0	0	0.90380007375017368	0.90379999999999983	0.90379999999999983	9.038000737501746e-07	1
3080791778	26	20	0	0	0	2.2758002039116985	2.2758000000000003	2.2758000000000003	2.2758002039116987e-06	1
3134273057	19	100	0	0	0	3.001000816271254	3.0010000000000017	3.0010000000000017	3.0010008162712569e-06	1
3155138943	77	10	0	0	0	1.54420012600673	1.5441999999999996	1.5441999999999996	1.5442001260067299e-06	1
3182439442	6	10	0	0	1.1102230246251565e-16	0.59820004402752425	0.59819999999999995	0.59819999999999995	5.9820004469365751e-07	1
3229428937	54	100	0	0	1.1102230246251565e-16	3.4330004208858629	3.4330000000000003	3.4330000000000003	3.4330004216630101e-06	1
3230382942	86	20	0	0	0	1.6870001376592112	1.6869999999999998	1.6869999999999998	1.6870001376592128e-06	1
3253307679	35	10	0	0	0	0.98900026109593187	0.98899999999999966	0.98899999999999966	9.8900026109593153e-07	1
3272630810	39	10	0	0	0	1.2546001023753683	1.2545999999999999	1.2545999999999999	1.2546001023753683e-06	1
3298070049	5	10	0	0	0	0.54860004037696297	0.54859999999999998	0.54859999999999998	5.4860004037696255e-07	1
3317806477	60	10	2	0	0	1.3934001137014493	1.3933999999999997	1.5565999999999998	1.3934001137014489e-06	2.7777777777777779e-13
3319826939	28	10	0	0	0	0.41980003089728229	0.41980000000000001	0.41980000000000001	4.19800030897282e-07	1
3349773499	31	10	2	0	0	0.90380007375017368	0.90379999999999983	1.2493999999999998	9.038000737501746e-07	2.7777777777777779e-13
3360394062	82	10	2	0	0	1.6374001336118509	1.6374	1.8006	1.6374001336118487e-06	2.7777777777777779e-13
3471172080	61	10	2	0	0	1.4550001187280093	1.4549999999999996	1.6181999999999996	1.4550001187280092e-06	2.7777777777777779e-13
3474824837	21	20	0	0	0	1.9210001721220675	1.9210000000000003	1.9210000000000003	1.9210001721220686e-06	1
3479998817	18	10	0	0	0	0.70140005723424459	0.70140000000000002	0.70140000000000002	7.0140005723424512e-07	1
3507913336	48	2	0	0	0	0.20380001499968112	0.20380000000000001	0.20380000000000001	2.0380001499968113e-07	1
3508451034	52	20	2	0	0	2.4422002188211409	2.442200000000001	2.6214000000000008	2.442200218821139e-06	5.5555555555555559e-13
3567560318	0	10	0	0	0	0.45940003381184263	0.45940000000000003	0.45940000000000003	4.5940003381184276e-07	1
3624704723	71	20	3	0	0	2.5294002266342619	2.5294000000000012	2.708600000000001	2.5294002266342613e-06	5.5555555555555561e-14
3739950949	7	20	0	0	0	1.8418001650252951	1.8418000000000001	1.8418000000000001	1.8418001650252947e-06	1
3750144675	57	20	2	0	0	1.3458001098172887	1.3457999999999997	1.5089999999999997	1.3458001098172894e-06	5.5555555555555559e-13
3756142132	67	20	1	0	1.1102230246251565e-16	2.4878002229069027	2.4878000000000009	2.6670000000000007	2.4878002236840594e-06	5.5555555555555559e-13
3801723967	24	10	0	0	0	0.81260006630816528	0.81259999999999988	0.81259999999999988	8.1260006630816656e-07	1
3819421167	25	20	1	0	0	2.0042006285167271	2.0042000000000004	2.4074	2.0042006285167265e-06	5.5555555555555559e-13
3824339529	13	10	1	0	0	0.63980004708928351	0.63980000000000004	0.71340000000000003	6.3980004708928422e-07	2.7777777777777779e-13
3831948428	29	1	0	0	0	0.15020001015352066	0.1502	0.1502	1.5020001015352053e-07	1
3842452704	57	10	0	0	0	1.3458001098172887	1.3457999999999997	1.3457999999999997	1.3458001098172894e-06	1
3854284645	61	20	0	0	0	1.4550001187280093	1.4549999999999996	1.4549999999999996	1.4550001187280092e-06	1
3872362356	5	20	0	0	0	0.54860004037696297	0.54859999999999998	0.54859999999999998	5.4860004037696255e-07	1
3872553264	76	10	0	0	0	1.4986001222857697	1.4985999999999997	1.4985999999999997	1.498600122285769e-06	1
3882410100	66	1	0	0	0	0.24540001806144132	0.24540000000000001	0.24540000000000001	2.4540001806144136e-07	1
3894283858	91	100	0	0	0	3.7738004626679373	3.7738000000000005	3.7738000000000005	3.7738004626679375e-06	1
3897551333	17	20	0	0	0	1.8814001685738897	1.8814000000000002	1.8814000000000002	1.881400168573888e-06	1
3919662683	46	20	0	0	1.1102230246251565e-16	1.2982001059331292	1.2981999999999996	1.2981999999999996	1.2982001065992621e-06	1
3960335066	73	100	0	0	1.1102230246251565e-16	3.6510004476126658	3.6510000000000002	3.6510000000000002	3.6510004483898158e-06	1
3960638971	23	20	2	0	0	1.9646006160981835	1.9646000000000003	2.3677999999999999	1.9646006160981842e-06	5.5555555555555559e-13
3965999326	18	20	0	0	0	0.70140005723424459	0.70140000000000002	0.70140000000000002	7.0140005723424512e-07	1
3969153879	51	2	0	0	0	0.32660002403776173	0.3266	0.3266	3.266000240377619e-07	1
3996057495	72	100	1	0	0	3.6054004420220949	3.6054000000000004	3.8506000000000005	3.6054004420220978e-06	2.7777777777777777e-12
4024053483	27	10	0	0	0	0.86020007019232547	0.86019999999999985	0.86019999999999985	8.6020007019232537e-07	1
4066878292	70	1	0	0	0	0.28500002097600163	0.28500000000000003	0.28500000000000003	2.8500002097600149e-07	1
4097492525	26	20	0	0	0	2.2758002039116985	2.2758000000000003	2.2758000000000003	2.2758002039116987e-06	1
4164288023	69	100	0	0	1.1102230246251565e-16	3.5638004369219449	3.5638000000000005	3.5638000000000005	3.5638004376990883e-06	1
4268724453	22	1000	0	0	0	3.8530004723796267	3.8530000000000006	3.8530000000000006	3.8530004723796235e-06	1
