[scheme_summary]
dataset	config	scheme	normal_bandwidth_utilization	fault_bandwidth_utilization	total_added_signal_copies	schedulable
E5S250_5ecu_250signals_001	E5S250_5ecu_250signals	on_demand_tmr	0.52045	0.55609	62	1
E5S250_5ecu_250signals_001	E5S250_5ecu_250signals	always_on_tmr	0.518286	0.518286	62	1

[cluster_summary]
dataset	config	scheme	code	route_count	p_function_fault	p_threshold
E5S250_5ecu_250signals_001	E5S250_5ecu_250signals	on_demand_tmr	627310569	3	6.43929e-15	1
E5S250_5ecu_250signals_001	E5S250_5ecu_250signals	on_demand_tmr	904285308	3	4.77396e-15	1
E5S250_5ecu_250signals_001	E5S250_5ecu_250signals	always_on_tmr	627310569	3	5.21805e-15	1
E5S250_5ecu_250signals_001	E5S250_5ecu_250signals	always_on_tmr	904285308	3	4.88498e-15	1

[cluster_wcrt_summary]
dataset	config	scheme	code	period_ms	deadline_ms	normal_main_route_wcrt_ms	fault_main_route_wcrt_ms	tmr_all_route_wcrt_ms	activation_wcrt_ms	backup_route_wcrt_ms	compare_time_ms	backup_compute_time_ms	end_to_end_normal_wcrt_ms	end_to_end_fault_wcrt_ms	meets_deadline
E5S250_5ecu_250signals_001	E5S250_5ecu_250signals	on_demand_tmr	627310569	10	10	2.3904	2.5092	0	2.7964	1.624	1	1	3.3904	8.9296	1
E5S250_5ecu_250signals_001	E5S250_5ecu_250signals	on_demand_tmr	904285308	5	5	0.4752	0.4752	0	0.7524	0.6336	1	1	1.4752	3.8612	1
E5S250_5ecu_250signals_001	E5S250_5ecu_250signals	always_on_tmr	627310569	10	10	0	0	2.4044	0	0	1	0	3.4044	3.4044	1
E5S250_5ecu_250signals_001	E5S250_5ecu_250signals	always_on_tmr	904285308	5	5	0	0	0.6792	0	0	1	0	1.6792	1.6792	1

[route_summary]
dataset	config	scheme	code	comm_id	level	type	src_ecu	dst_ecu	period_ms	deadline_ms	signal_instance_count	added_signal_copies	p_comm_fault	p_threshold	max_wcrt_ms
E5S250_5ecu_250signals_001	E5S250_5ecu_250signals	on_demand_tmr	451908486	0	3	0	2	1	2	2	2	1	1.56816e-15	5.55556e-15	0.3132
E5S250_5ecu_250signals_001	E5S250_5ecu_250signals	on_demand_tmr	574077934	0	3	0	2	4	10	10	2	1	2.43936e-15	2.77778e-14	2.5904
E5S250_5ecu_250signals_001	E5S250_5ecu_250signals	on_demand_tmr	928090276	0	3	0	1	3	20	20	2	1	1.56816e-15	5.55556e-14	2.43
E5S250_5ecu_250signals_001	E5S250_5ecu_250signals	on_demand_tmr	963314774	0	3	0	3	2	100	100	2	1	1.56816e-15	2.77778e-13	4.5508
E5S250_5ecu_250signals_001	E5S250_5ecu_250signals	on_demand_tmr	1205382420	0	3	0	1	2	1	1	2	1	1.56816e-15	2.77778e-15	0.1172
E5S250_5ecu_250signals_001	E5S250_5ecu_250signals	on_demand_tmr	1727322922	0	3	0	1	2	10	10	2	1	1.56816e-15	2.77778e-14	0.9504
E5S250_5ecu_250signals_001	E5S250_5ecu_250signals	on_demand_tmr	2054999896	0	3	0	0	2	100	100	2	1	1.56816e-15	2.77778e-13	3.5152
E5S250_5ecu_250signals_001	E5S250_5ecu_250signals	on_demand_tmr	2618470185	0	3	0	4	3	20	20	2	1	1.64736e-15	5.55556e-14	3.3112
E5S250_5ecu_250signals_001	E5S250_5ecu_250signals	on_demand_tmr	3855444880	0	3	0	4	2	20	20	2	1	1.64736e-15	5.55556e-14	2.6736
E5S250_5ecu_250signals_001	E5S250_5ecu_250signals	on_demand_tmr	4092937341	0	3	0	3	2	1000	1000	2	1	1.56816e-15	2.77778e-12	5.8576
E5S250_5ecu_250signals_001	E5S250_5ecu_250signals	on_demand_tmr	4209254968	0	3	0	1	3	10	10	2	1	1.56816e-15	2.77778e-14	2.43
E5S250_5ecu_250signals_001	E5S250_5ecu_250signals	on_demand_tmr	4261097810	0	3	0	2	0	5	5	2	1	1.56816e-15	1.38889e-14	0.5544
E5S250_5ecu_250signals_001	E5S250_5ecu_250signals	on_demand_tmr	43910001	0	2	0	4	2	10	10	2	1	1.64736e-15	2.77778e-13	2.6736
E5S250_5ecu_250signals_001	E5S250_5ecu_250signals	on_demand_tmr	83144869	0	2	0	0	4	100	100	2	1	1.56816e-15	2.77778e-12	4.5112
E5S250_5ecu_250signals_001	E5S250_5ecu_250signals	on_demand_tmr	301398390	0	2	0	3	2	10	10	2	1	1.56816e-15	2.77778e-13	2.4696
E5S250_5ecu_250signals_001	E5S250_5ecu_250signals	on_demand_tmr	495130845	0	2	0	2	0	20	20	2	1	1.56816e-15	5.55556e-13	3.034
E5S250_5ecu_250signals_001	E5S250_5ecu_250signals	on_demand_tmr	606666641	0	2	0	1	2	20	20	2	1	1.56816e-15	5.55556e-13	1.9924
E5S250_5ecu_250signals_001	E5S250_5ecu_250signals	on_demand_tmr	643637346	0	2	0	4	0	10	10	2	1	1.64736e-15	2.77778e-13	1.0316
E5S250_5ecu_250signals_001	E5S250_5ecu_250signals	on_demand_tmr	918728477	0	2	0	1	0	1000	1000	2	1	1.56816e-15	2.77778e-11	4.8676
E5S250_5ecu_250signals_001	E5S250_5ecu_250signals	on_demand_tmr	1146288808	0	2	0	2	1	100	100	2	1	1.56816e-15	2.77778e-12	4.4716
E5S250_5ecu_250signals_001	E5S250_5ecu_250signals	on_demand_tmr	1444972920	0	2	0	3	2	20	20	2	1	1.56816e-15	5.55556e-13	2.9548
E5S250_5ecu_250signals_001	E5S250_5ecu_250signals	on_demand_tmr	1493603441	0	2	0	2	3	10	10	2	1	1.73056e-15	2.77778e-13	2.034
E5S250_5ecu_250signals_001	E5S250_5ecu_250signals	on_demand_tmr	1735361969	0	2	0	0	4	10	10	2	1	1.64736e-15	2.77778e-13	1.9528
E5S250_5ecu_250signals_001	E5S250_5ecu_250signals	on_demand_tmr	1771568086	0	2	0	4	0	20	20	2	1	1.64736e-15	5.55556e-13	1.0316
E5S250_5ecu_250signals_001	E5S250_5ecu_250signals	on_demand_tmr	2061692099	0	2	0	3	4	10	10	2	1	1.64736e-15	2.77778e-13	2.5092
E5S250_5ecu_250signals_001	E5S250_5ecu_250signals	on_demand_tmr	2105150962	0	2	0	0	4	100	100	2	1	1.56816e-15	2.77778e-12	4.5112
E5S250_5ecu_250signals_001	E5S250_5ecu_250signals	on_demand_tmr	2386479733	0	2	0	1	0	10	10	2	1	1.64736e-15	2.77778e-13	1.7052
E5S250_5ecu_250signals_001	E5S250_5ecu_250signals	on_demand_tmr	2509435700	0	2	0	4	2	20	20	2	1	1.64736e-15	5.55556e-13	2.6736
E5S250_5ecu_250signals_001	E5S250_5ecu_250signals	on_demand_tmr	2965207900	0	2	0	0	3	10	10	2	1	1.73056e-15	2.77778e-13	1.7468
E5S250_5ecu_250signals_001	E5S250_5ecu_250signals	on_demand_tmr	2981702680	0	2	0	4	1	10	10	2	1	1.73056e-15	2.77778e-13	2.632
E5S250_5ecu_250signals_001	E5S250_5ecu_250signals	on_demand_tmr	3216041206	0	2	0	2	4	20	20	2	1	2.43936e-15	5.55556e-13	2.5904
E5S250_5ecu_250signals_001	E5S250_5ecu_250signals	on_demand_tmr	3274264934	0	2	0	0	1	100	100	2	1	1.56816e-15	2.77778e-12	4.3924
E5S250_5ecu_250signals_001	E5S250_5ecu_250signals	on_demand_tmr	3350261578	0	2	0	3	2	20	20	2	1	1.56816e-15	5.55556e-13	2.9548
E5S250_5ecu_250signals_001	E5S250_5ecu_250signals	on_demand_tmr	3669929619	0	2	0	4	2	10	10	2	1	1.64736e-15	2.77778e-13	2.6736
E5S250_5ecu_250signals_001	E5S250_5ecu_250signals	on_demand_tmr	3719879691	0	2	0	0	3	20	20	2	1	1.64736e-15	5.55556e-13	1.9112
E5S250_5ecu_250signals_001	E5S250_5ecu_250signals	on_demand_tmr	4102731467	0	2	0	3	1	10	10	2	1	1.96416e-15	2.77778e-13	1.3188
E5S250_5ecu_250signals_001	E5S250_5ecu_250signals	on_demand_tmr	4140315631	0	2	0	0	2	5	5	2	1	1.56816e-15	1.38889e-13	0.6732
E5S250_5ecu_250signals_001	E5S250_5ecu_250signals	on_demand_tmr	157189317	0	1	0	0	2	50	50	2	1	1.56816e-15	1.38889e-12	3.5152
E5S250_5ecu_250signals_001	E5S250_5ecu_250signals	on_demand_tmr	216000811	0	1	0	1	2	5	5	2	1	1.56816e-15	1.38889e-13	0.7128
E5S250_5ecu_250signals_001	E5S250_5ecu_250signals	on_demand_tmr	277774490	0	1	0	3	1	1000	1000	2	1	1.56816e-15	2.77778e-11	4.828
E5S250_5ecu_250signals_001	E5S250_5ecu_250signals	on_demand_tmr	596748705	0	1	0	1	4	10	10	2	1	1.56816e-15	2.77778e-13	1.624
E5S250_5ecu_250signals_001	E5S250_5ecu_250signals	on_demand_tmr	866443803	0	1	0	2	1	20	20	2	1	1.64736e-15	5.55556e-13	3.3528
E5S250_5ecu_250signals_001	E5S250_5ecu_250signals	on_demand_tmr	922020646	0	1	0	3	2	20	20	2	1	1.56816e-15	5.55556e-13	2.9548
E5S250_5ecu_250signals_001	E5S250_5ecu_250signals	on_demand_tmr	926964416	0	1	0	3	2	20	20	2	1	1.56816e-15	5.55556e-13	2.9548
E5S250_5ecu_250signals_001	E5S250_5ecu_250signals	on_demand_tmr	955672303	0	1	0	0	2	10	10	2	1	1.64736e-15	2.77778e-13	1.7884
E5S250_5ecu_250signals_001	E5S250_5ecu_250signals	on_demand_tmr	962605062	0	1	0	3	0	10	10	2	1	1.72656e-15	2.77778e-13	2.7568
E5S250_5ecu_250signals_001	E5S250_5ecu_250signals	on_demand_tmr	1018788787	0	1	0	3	4	100	100	2	1	1.72656e-15	2.77778e-12	4.5904
E5S250_5ecu_250signals_001	E5S250_5ecu_250signals	on_demand_tmr	1040233980	0	1	0	4	1	10	10	2	1	1.64736e-15	2.77778e-13	2.632
E5S250_5ecu_250signals_001	E5S250_5ecu_250signals	on_demand_tmr	1456204505	0	1	0	2	3	1000	1000	2	1	1.56816e-15	2.77778e-11	4.9468
E5S250_5ecu_250signals_001	E5S250_5ecu_250signals	on_demand_tmr	1534885091	0	1	0	1	4	10	10	2	1	1.56816e-15	2.77778e-13	1.624
E5S250_5ecu_250signals_001	E5S250_5ecu_250signals	on_demand_tmr	1567166222	0	1	0	2	0	20	20	2	1	1.56816e-15	5.55556e-13	3.034
E5S250_5ecu_250signals_001	E5S250_5ecu_250signals	on_demand_tmr	2057991592	0	1	0	2	0	10	10	2	1	1.56816e-15	2.77778e-13	0.5544
E5S250_5ecu_250signals_001	E5S250_5ecu_250signals	on_demand_tmr	2118130205	0	1	0	0	2	100	100	2	1	1.56816e-15	2.77778e-12	3.5152
E5S250_5ecu_250signals_001	E5S250_5ecu_250signals	on_demand_tmr	2474918491	0	1	0	0	3	10	10	2	1	1.73056e-15	2.77778e-13	1.7468
E5S250_5ecu_250signals_001	E5S250_5ecu_250signals	on_demand_tmr	2607491937	0	1	0	4	1	100	100	2	1	1.56816e-15	2.77778e-12	3.9964
E5S250_5ecu_250signals_001	E5S250_5ecu_250signals	on_demand_tmr	2863991460	0	1	0	0	3	10	10	2	1	1.73056e-15	2.77778e-13	1.7468
E5S250_5ecu_250signals_001	E5S250_5ecu_250signals	on_demand_tmr	3172778085	0	1	0	0	2	2	2	2	1	1.56816e-15	5.55556e-14	0.3528
E5S250_5ecu_250signals_001	E5S250_5ecu_250signals	on_demand_tmr	3370370065	0	1	0	1	0	20	20	2	1	1.64736e-15	5.55556e-13	1.7052
E5S250_5ecu_250signals_001	E5S250_5ecu_250signals	on_demand_tmr	3461435426	0	1	0	2	4	20	20	2	1	2.43936e-15	5.55556e-13	2.5904
E5S250_5ecu_250signals_001	E5S250_5ecu_250signals	on_demand_tmr	3496591172	0	1	0	4	1	10	10	2	1	1.73056e-15	2.77778e-13	2.632
E5S250_5ecu_250signals_001	E5S250_5ecu_250signals	on_demand_tmr	4114386274	0	1	0	4	1	10	10	2	1	1.64736e-15	2.77778e-13	2.5508
E5S250_5ecu_250signals_001	E5S250_5ecu_250signals	on_demand_tmr	4205950855	0	1	0	2	1	20	20	2	1	1.64736e-15	5.55556e-13	3.3528
E5S250_5ecu_250signals_001	E5S250_5ecu_250signals	on_demand_tmr	15154635	0	0	0	0	1	5	5	1	0	3.96e-08	1	0.594
E5S250_5ecu_250signals_001	E5S250_5ecu_250signals	on_demand_tmr	62808135	0	0	0	0	4	20	20	1	0	4.16e-08	1	1.9528
E5S250_5ecu_250signals_001	E5S250_5ecu_250signals	on_demand_tmr	89125888	0	0	0	1	4	1000	1000	1	0	3.96e-08	1	5.9368
E5S250_5ecu_250signals_001	E5S250_5ecu_250signals	on_demand_tmr	106606146	0	0	0	4	1	20	20	1	0	4.16e-08	1	2.5508
E5S250_5ecu_250signals_001	E5S250_5ecu_250signals	on_demand_tmr	109305538	0	0	0	3	4	50	50	1	0	4.36e-08	1	3.3964
E5S250_5ecu_250signals_001	E5S250_5ecu_250signals	on_demand_tmr	131191557	0	0	0	3	4	100	100	1	0	3.96e-08	1	4.5904
E5S250_5ecu_250signals_001	E5S250_5ecu_250signals	on_demand_tmr	150008389	0	0	0	1	4	20	20	1	0	3.96e-08	1	0.9108
E5S250_5ecu_250signals_001	E5S250_5ecu_250signals	on_demand_tmr	228523049	0	0	0	3	4	20	20	1	0	4.16e-08	1	1.4416
E5S250_5ecu_250signals_001	E5S250_5ecu_250signals	on_demand_tmr	250529172	0	0	0	2	1	2	2	1	0	3.96e-08	1	0.3132
E5S250_5ecu_250signals_001	E5S250_5ecu_250signals	on_demand_tmr	277860819	0	0	0	2	0	20	20	1	0	3.96e-08	1	3.034
E5S250_5ecu_250signals_001	E5S250_5ecu_250signals	on_demand_tmr	293948492	0	0	0	0	1	10	10	1	0	3.96e-08	1	0.594
E5S250_5ecu_250signals_001	E5S250_5ecu_250signals	on_demand_tmr	294000755	0	0	0	4	1	1000	1000	1	0	3.96e-08	1	5.026
E5S250_5ecu_250signals_001	E5S250_5ecu_250signals	on_demand_tmr	318280796	0	0	0	3	1	20	20	1	0	4.96e-08	1	1.3188
E5S250_5ecu_250signals_001	E5S250_5ecu_250signals	on_demand_tmr	319419472	0	0	0	3	0	10	10	1	0	3.96e-08	1	2.7132
E5S250_5ecu_250signals_001	E5S250_5ecu_250signals	on_demand_tmr	387229271	0	0	0	4	3	100	100	1	0	3.96e-08	1	3.5548
E5S250_5ecu_250signals_001	E5S250_5ecu_250signals	on_demand_tmr	396952203	0	0	0	0	4	20	20	1	0	4.16e-08	1	1.9528
E5S250_5ecu_250signals_001	E5S250_5ecu_250signals	on_demand_tmr	400799953	0	0	0	0	4	10	10	1	0	3.96e-08	1	1.3584
E5S250_5ecu_250signals_001	E5S250_5ecu_250signals	on_demand_tmr	406007865	0	0	0	3	0	10	10	1	0	4.36e-08	1	2.7568
E5S250_5ecu_250signals_001	E5S250_5ecu_250signals	on_demand_tmr	408724641	0	0	0	1	0	20	20	1	0	4.16e-08	1	1.6656
E5S250_5ecu_250signals_001	E5S250_5ecu_250signals	on_demand_tmr	464014652	0	0	0	4	3	20	20	1	0	3.96e-08	1	3.3112
E5S250_5ecu_250signals_001	E5S250_5ecu_250signals	on_demand_tmr	476717859	0	0	0	4	1	10	10	1	0	4.16e-08	1	2.632
E5S250_5ecu_250signals_001	E5S250_5ecu_250signals	on_demand_tmr	509286032	0	0	0	2	0	1	1	1	0	3.96e-08	1	0.2756
E5S250_5ecu_250signals_001	E5S250_5ecu_250signals	on_demand_tmr	518397843	0	0	0	3	0	10	10	1	0	4.36e-08	1	2.7568
E5S250_5ecu_250signals_001	E5S250_5ecu_250signals	on_demand_tmr	519322812	0	0	0	4	3	50	50	1	0	3.96e-08	1	3.5548
E5S250_5ecu_250signals_001	E5S250_5ecu_250signals	on_demand_tmr	546621314	0	0	0	3	4	20	20	1	0	3.96e-08	1	2.5092
E5S250_5ecu_250signals_001	E5S250_5ecu_250signals	on_demand_tmr	591080722	0	0	0	2	1	2	2	1	0	3.96e-08	1	0.3132
E5S250_5ecu_250signals_001	E5S250_5ecu_250signals	on_demand_tmr	594084072	0	0	0	1	0	1	1	1	0	3.96e-08	1	0.236
E5S250_5ecu_250signals_001	E5S250_5ecu_250signals	on_demand_tmr	627310569	0	0	1	2	4	10	10	1	0	6.16e-08	1	1.5844
E5S250_5ecu_250signals_001	E5S250_5ecu_250signals	on_demand_tmr	627310569	1	0	2	3	4	10	10	1	0	3.96e-08	1	2.5092
E5S250_5ecu_250signals_001	E5S250_5ecu_250signals	on_demand_tmr	627310569	2	0	2	1	4	10	10	1	0	3.96e-08	1	1.624
E5S250_5ecu_250signals_001	E5S250_5ecu_250signals	on_demand_tmr	684083983	0	0	0	3	0	100	100	1	0	3.96e-08	1	3.6776
E5S250_5ecu_250signals_001	E5S250_5ecu_250signals	on_demand_tmr	726295545	0	0	0	0	2	20	20	1	0	4.16e-08	1	1.7884
E5S250_5ecu_250signals_001	E5S250_5ecu_250signals	on_demand_tmr	748477874	0	0	0	1	0	100	100	1	0	3.96e-08	1	3.9568
E5S250_5ecu_250signals_001	E5S250_5ecu_250signals	on_demand_tmr	766827143	0	0	0	0	2	50	50	1	0	3.96e-08	1	3.4756
E5S250_5ecu_250signals_001	E5S250_5ecu_250signals	on_demand_tmr	767807202	0	0	0	1	4	20	20	1	0	3.96e-08	1	0.9108
E5S250_5ecu_250signals_001	E5S250_5ecu_250signals	on_demand_tmr	801030254	0	0	0	0	2	100	100	1	0	3.96e-08	1	3.4756
E5S250_5ecu_250signals_001	E5S250_5ecu_250signals	on_demand_tmr	827543720	0	0	0	0	2	20	20	1	0	4.16e-08	1	1.7884
E5S250_5ecu_250signals_001	E5S250_5ecu_250signals	on_demand_tmr	836935876	0	0	0	2	1	1	1	1	0	3.96e-08	1	0.1964
E5S250_5ecu_250signals_001	E5S250_5ecu_250signals	on_demand_tmr	854759611	0	0	0	1	2	100	100	1	0	4.16e-08	1	3.7588
E5S250_5ecu_250signals_001	E5S250_5ecu_250signals	on_demand_tmr	866350570	0	0	0	3	2	100	100	1	0	3.96e-08	1	3.838
E5S250_5ecu_250signals_001	E5S250_5ecu_250signals	on_demand_tmr	880560806	0	0	0	3	0	100	100	1	0	3.96e-08	1	3.6776
E5S250_5ecu_250signals_001	E5S250_5ecu_250signals	on_demand_tmr	901799424	0	0	0	2	4	10	10	1	0	6.16e-08	1	1.5844
E5S250_5ecu_250signals_001	E5S250_5ecu_250signals	on_demand_tmr	904285308	0	0	1	2	1	5	5	1	0	3.96e-08	1	0.396
E5S250_5ecu_250signals_001	E5S250_5ecu_250signals	on_demand_tmr	904285308	1	0	2	3	1	5	5	1	0	3.96e-08	1	0.4752
E5S250_5ecu_250signals_001	E5S250_5ecu_250signals	on_demand_tmr	904285308	2	0	2	4	1	5	5	1	0	3.96e-08	1	0.6336
E5S250_5ecu_250signals_001	E5S250_5ecu_250signals	on_demand_tmr	971429946	0	0	0	3	4	100	100	1	0	4.36e-08	1	3.3964
E5S250_5ecu_250signals_001	E5S250_5ecu_250signals	on_demand_tmr	1007784046	0	0	0	2	0	20	20	1	0	3.96e-08	1	2.9944
E5S250_5ecu_250signals_001	E5S250_5ecu_250signals	on_demand_tmr	1022957872	0	0	0	4	1	20	20	1	0	4.16e-08	1	2.632
E5S250_5ecu_250signals_001	E5S250_5ecu_250signals	on_demand_tmr	1026226728	0	0	0	1	3	100	100	1	0	3.96e-08	1	4.036
E5S250_5ecu_250signals_001	E5S250_5ecu_250signals	on_demand_tmr	1138065792	0	0	0	0	2	20	20	1	0	4.16e-08	1	1.7884
E5S250_5ecu_250signals_001	E5S250_5ecu_250signals	on_demand_tmr	1171349047	0	0	0	1	4	50	50	1	0	4.36e-08	1	3.638
E5S250_5ecu_250signals_001	E5S250_5ecu_250signals	on_demand_tmr	1236050172	0	0	0	3	1	10	10	1	0	4.96e-08	1	1.3188
E5S250_5ecu_250signals_001	E5S250_5ecu_250signals	on_demand_tmr	1242157975	0	0	0	3	4	10	10	1	0	4.16e-08	1	1.4416
E5S250_5ecu_250signals_001	E5S250_5ecu_250signals	on_demand_tmr	1249876648	0	0	0	3	1	10	10	1	0	4.96e-08	1	1.3188
E5S250_5ecu_250signals_001	E5S250_5ecu_250signals	on_demand_tmr	1299766368	0	0	0	3	0	10	10	1	0	4.36e-08	1	2.7568
E5S250_5ecu_250signals_001	E5S250_5ecu_250signals	on_demand_tmr	1304448576	0	0	0	2	1	100	100	1	0	3.96e-08	1	3.9172
E5S250_5ecu_250signals_001	E5S250_5ecu_250signals	on_demand_tmr	1351175526	0	0	0	4	3	10	10	1	0	4.16e-08	1	1.8716
E5S250_5ecu_250signals_001	E5S250_5ecu_250signals	on_demand_tmr	1354385865	0	0	0	1	4	100	100	1	0	4.36e-08	1	3.638
E5S250_5ecu_250signals_001	E5S250_5ecu_250signals	on_demand_tmr	1365296168	0	0	0	0	1	5	5	1	0	3.96e-08	1	0.594
E5S250_5ecu_250signals_001	E5S250_5ecu_250signals	on_demand_tmr	1367798863	0	0	0	2	0	20	20	1	0	3.96e-08	1	2.9944
E5S250_5ecu_250signals_001	E5S250_5ecu_250signals	on_demand_tmr	1380230927	0	0	0	1	2	2	2	1	0	3.96e-08	1	0.1172
E5S250_5ecu_250signals_001	E5S250_5ecu_250signals	on_demand_tmr	1413873153	0	0	0	1	0	20	20	1	0	4.16e-08	1	1.6656
E5S250_5ecu_250signals_001	E5S250_5ecu_250signals	on_demand_tmr	1414910729	0	0	0	3	0	20	20	1	0	3.96e-08	1	2.7132
E5S250_5ecu_250signals_001	E5S250_5ecu_250signals	on_demand_tmr	1445037519	0	0	0	1	0	20	20	1	0	4.16e-08	1	1.6656
E5S250_5ecu_250signals_001	E5S250_5ecu_250signals	on_demand_tmr	1477991539	0	0	0	4	3	20	20	1	0	3.96e-08	1	3.3112
E5S250_5ecu_250signals_001	E5S250_5ecu_250signals	on_demand_tmr	1486372918	0	0	0	2	4	20	20	1	0	6.16e-08	1	1.5844
E5S250_5ecu_250signals_001	E5S250_5ecu_250signals	on_demand_tmr	1514081461	0	0	0	2	0	1	1	1	0	3.96e-08	1	0.2756
E5S250_5ecu_250signals_001	E5S250_5ecu_250signals	on_demand_tmr	1565277774	0	0	0	4	0	10	10	1	0	4.16e-08	1	0.992
E5S250_5ecu_250signals_001	E5S250_5ecu_250signals	on_demand_tmr	1629779880	0	0	0	4	2	10	10	1	0	4.16e-08	1	2.6736
E5S250_5ecu_250signals_001	E5S250_5ecu_250signals	on_demand_tmr	1634876096	0	0	0	1	0	2	2	1	0	3.96e-08	1	0.236
E5S250_5ecu_250signals_001	E5S250_5ecu_250signals	on_demand_tmr	1654974104	0	0	0	0	2	20	20	1	0	4.16e-08	1	1.7884
E5S250_5ecu_250signals_001	E5S250_5ecu_250signals	on_demand_tmr	1699694346	0	0	0	1	0	2	2	1	0	3.96e-08	1	0.236
E5S250_5ecu_250signals_001	E5S250_5ecu_250signals	on_demand_tmr	1710567383	0	0	0	1	2	100	100	1	0	4.16e-08	1	3.7588
E5S250_5ecu_250signals_001	E5S250_5ecu_250signals	on_demand_tmr	1711454593	0	0	0	2	1	100	100	1	0	3.96e-08	1	4.4716
E5S250_5ecu_250signals_001	E5S250_5ecu_250signals	on_demand_tmr	1715855286	0	0	0	4	1	50	50	1	0	3.96e-08	1	3.5944
E5S250_5ecu_250signals_001	E5S250_5ecu_250signals	on_demand_tmr	1735809062	0	0	0	4	2	10	10	1	0	4.16e-08	1	2.6736
E5S250_5ecu_250signals_001	E5S250_5ecu_250signals	on_demand_tmr	1752510742	0	0	0	2	0	1	1	1	0	3.96e-08	1	0.2756
E5S250_5ecu_250signals_001	E5S250_5ecu_250signals	on_demand_tmr	1765184460	0	0	0	2	1	1	1	1	0	3.96e-08	1	0.1964
E5S250_5ecu_250signals_001	E5S250_5ecu_250signals	on_demand_tmr	1782194709	0	0	0	2	4	10	10	1	0	6.16e-08	1	1.5844
E5S250_5ecu_250signals_001	E5S250_5ecu_250signals	on_demand_tmr	1803280226	0	0	0	2	1	10	10	1	0	3.96e-08	1	0.396
E5S250_5ecu_250signals_001	E5S250_5ecu_250signals	on_demand_tmr	1804736884	0	0	0	0	3	10	10	1	0	3.96e-08	1	1.9112
E5S250_5ecu_250signals_001	E5S250_5ecu_250signals	on_demand_tmr	1805982643	0	0	0	3	1	20	20	1	0	4.96e-08	1	1.3188
E5S250_5ecu_250signals_001	E5S250_5ecu_250signals	on_demand_tmr	1824521868	0	0	0	0	2	20	20	1	0	4.16e-08	1	1.7884
E5S250_5ecu_250signals_001	E5S250_5ecu_250signals	on_demand_tmr	1831086541	0	0	0	1	2	100	100	1	0	4.16e-08	1	3.7588
E5S250_5ecu_250signals_001	E5S250_5ecu_250signals	on_demand_tmr	1851601388	0	0	0	1	3	100	100	1	0	3.96e-08	1	4.036
E5S250_5ecu_250signals_001	E5S250_5ecu_250signals	on_demand_tmr	1879425117	0	0	0	0	2	1	1	1	0	3.96e-08	1	0.1568
E5S250_5ecu_250signals_001	E5S250_5ecu_250signals	on_demand_tmr	1886675991	0	0	0	4	0	10	10	1	0	3.96e-08	1	1.0316
E5S250_5ecu_250signals_001	E5S250_5ecu_250signals	on_demand_tmr	1896253552	0	0	0	1	2	100	100	1	0	4.16e-08	1	3.7588
E5S250_5ecu_250signals_001	E5S250_5ecu_250signals	on_demand_tmr	1900143684	0	0	0	0	1	100	100	1	0	3.96e-08	1	4.3924
E5S250_5ecu_250signals_001	E5S250_5ecu_250signals	on_demand_tmr	1905541369	0	0	0	4	0	10	10	1	0	4.16e-08	1	0.992
E5S250_5ecu_250signals_001	E5S250_5ecu_250signals	on_demand_tmr	1929877645	0	0	0	3	4	10	10	1	0	4.16e-08	1	1.4416
E5S250_5ecu_250signals_001	E5S250_5ecu_250signals	on_demand_tmr	1937986654	0	0	0	0	4	20	20	1	0	3.96e-08	1	1.3584
E5S250_5ecu_250signals_001	E5S250_5ecu_250signals	on_demand_tmr	1942795092	0	0	0	0	1	20	20	1	0	4.16e-08	1	1.83
E5S250_5ecu_250signals_001	E5S250_5ecu_250signals	on_demand_tmr	2010030964	0	0	0	0	3	10	10	1	0	4.16e-08	1	1.7468
E5S250_5ecu_250signals_001	E5S250_5ecu_250signals	on_demand_tmr	2013070410	0	0	0	1	2	10	10	1	0	3.96e-08	1	0.9504
E5S250_5ecu_250signals_001	E5S250_5ecu_250signals	on_demand_tmr	2014527141	0	0	0	4	3	10	10	1	0	4.16e-08	1	1.8716
E5S250_5ecu_250signals_001	E5S250_5ecu_250signals	on_demand_tmr	2018090049	0	0	0	2	4	10	10	1	0	3.96e-08	1	2.5904
E5S250_5ecu_250signals_001	E5S250_5ecu_250signals	on_demand_tmr	2019804409	0	0	0	0	4	100	100	1	0	3.96e-08	1	3.7984
E5S250_5ecu_250signals_001	E5S250_5ecu_250signals	on_demand_tmr	2022221121	0	0	0	4	0	100	100	1	0	3.96e-08	1	4.63
E5S250_5ecu_250signals_001	E5S250_5ecu_250signals	on_demand_tmr	2057426479	0	0	0	1	3	20	20	1	0	3.96e-08	1	2.3904
E5S250_5ecu_250signals_001	E5S250_5ecu_250signals	on_demand_tmr	2079929923	0	0	0	4	1	10	10	1	0	3.96e-08	1	0.6336
E5S250_5ecu_250signals_001	E5S250_5ecu_250signals	on_demand_tmr	2095306678	0	0	0	3	1	20	20	1	0	4.96e-08	1	1.3188
E5S250_5ecu_250signals_001	E5S250_5ecu_250signals	on_demand_tmr	2106068404	0	0	0	2	3	10	10	1	0	4.16e-08	1	1.4
E5S250_5ecu_250signals_001	E5S250_5ecu_250signals	on_demand_tmr	2114121105	0	0	0	3	4	10	10	1	0	3.96e-08	1	2.5092
E5S250_5ecu_250signals_001	E5S250_5ecu_250signals	on_demand_tmr	2158305652	0	0	0	2	0	10	10	1	0	3.96e-08	1	0.5148
E5S250_5ecu_250signals_001	E5S250_5ecu_250signals	on_demand_tmr	2165055877	0	0	0	0	3	100	100	1	0	3.96e-08	1	4.432
E5S250_5ecu_250signals_001	E5S250_5ecu_250signals	on_demand_tmr	2204460951	0	0	0	2	0	20	20	1	0	3.96e-08	1	2.9944
E5S250_5ecu_250signals_001	E5S250_5ecu_250signals	on_demand_tmr	2222169003	0	0	0	3	2	100	100	1	0	3.96e-08	1	3.838
E5S250_5ecu_250signals_001	E5S250_5ecu_250signals	on_demand_tmr	2242481275	0	0	0	1	0	100	100	1	0	3.96e-08	1	3.9568
E5S250_5ecu_250signals_001	E5S250_5ecu_250signals	on_demand_tmr	2278180317	0	0	0	1	3	100	100	1	0	3.96e-08	1	4.036
E5S250_5ecu_250signals_001	E5S250_5ecu_250signals	on_demand_tmr	2281144853	0	0	0	2	0	5	5	1	0	3.96e-08	1	0.5544
E5S250_5ecu_250signals_001	E5S250_5ecu_250signals	on_demand_tmr	2283689033	0	0	0	1	2	100	100	1	0	4.16e-08	1	3.7588
E5S250_5ecu_250signals_001	E5S250_5ecu_250signals	on_demand_tmr	2294663989	0	0	0	1	0	1000	1000	1	0	3.96e-08	1	4.6696
E5S250_5ecu_250signals_001	E5S250_5ecu_250signals	on_demand_tmr	2417797500	0	0	0	1	4	100	100	1	0	4.36e-08	1	3.638
E5S250_5ecu_250signals_001	E5S250_5ecu_250signals	on_demand_tmr	2424392458	0	0	0	2	3	20	20	1	0	4.16e-08	1	2.034
E5S250_5ecu_250signals_001	E5S250_5ecu_250signals	on_demand_tmr	2430664854	0	0	0	3	4	10	10	1	0	4.16e-08	1	1.4416
E5S250_5ecu_250signals_001	E5S250_5ecu_250signals	on_demand_tmr	2463219099	0	0	0	4	3	100	100	1	0	3.96e-08	1	3.5548
E5S250_5ecu_250signals_001	E5S250_5ecu_250signals	on_demand_tmr	2484803182	0	0	0	3	2	10	10	1	0	3.96e-08	1	2.4696
E5S250_5ecu_250signals_001	E5S250_5ecu_250signals	on_demand_tmr	2495894253	0	0	0	0	1	20	20	1	0	4.16e-08	1	1.83
E5S250_5ecu_250signals_001	E5S250_5ecu_250signals	on_demand_tmr	2507541484	0	0	0	0	3	1000	1000	1	0	3.96e-08	1	4.7884
E5S250_5ecu_250signals_001	E5S250_5ecu_250signals	on_demand_tmr	2513021432	0	0	0	2	3	100	100	1	0	3.96e-08	1	3.436
E5S250_5ecu_250signals_001	E5S250_5ecu_250signals	on_demand_tmr	2528186269	0	0	0	0	3	20	20	1	0	4.16e-08	1	1.7468
E5S250_5ecu_250signals_001	E5S250_5ecu_250signals	on_demand_tmr	2542342536	0	0	0	4	0	100	100	1	0	3.96e-08	1	4.63
E5S250_5ecu_250signals_001	E5S250_5ecu_250signals	on_demand_tmr	2617641263	0	0	0	4	1	20	20	1	0	4.16e-08	1	2.5508
E5S250_5ecu_250signals_001	E5S250_5ecu_250signals	on_demand_tmr	2620701887	0	0	0	0	2	10	10	1	0	3.96e-08	1	0.4356
E5S250_5ecu_250signals_001	E5S250_5ecu_250signals	on_demand_tmr	2638409861	0	0	0	2	0	10	10	1	0	3.96e-08	1	0.5544
E5S250_5ecu_250signals_001	E5S250_5ecu_250signals	on_demand_tmr	2657179305	0	0	0	1	2	100	100	1	0	4.16e-08	1	3.7588
E5S250_5ecu_250signals_001	E5S250_5ecu_250signals	on_demand_tmr	2691819380	0	0	0	0	4	1000	1000	1	0	3.96e-08	1	5.818
E5S250_5ecu_250signals_001	E5S250_5ecu_250signals	on_demand_tmr	2711836198	0	0	0	3	2	100	100	1	0	3.96e-08	1	3.838
E5S250_5ecu_250signals_001	E5S250_5ecu_250signals	on_demand_tmr	2715828202	0	0	0	4	2	10	10	1	0	3.96e-08	1	1.5228
E5S250_5ecu_250signals_001	E5S250_5ecu_250signals	on_demand_tmr	2742074374	0	0	0	0	2	100	100	1	0	3.96e-08	1	3.5152
E5S250_5ecu_250signals_001	E5S250_5ecu_250signals	on_demand_tmr	2747385633	0	0	0	4	1	10	10	1	0	4.16e-08	1	2.5508
E5S250_5ecu_250signals_001	E5S250_5ecu_250signals	on_demand_tmr	2766424585	0	0	0	0	3	10	10	1	0	4.16e-08	1	1.4832
E5S250_5ecu_250signals_001	E5S250_5ecu_250signals	on_demand_tmr	2808703438	0	0	0	4	1	100	100	1	0	3.96e-08	1	3.5944
E5S250_5ecu_250signals_001	E5S250_5ecu_250signals	on_demand_tmr	2845015553	0	0	0	2	3	20	20	1	0	4.16e-08	1	2.034
E5S250_5ecu_250signals_001	E5S250_5ecu_250signals	on_demand_tmr	2856075595	0	0	0	4	2	10	10	1	0	4.16e-08	1	2.6736
E5S250_5ecu_250signals_001	E5S250_5ecu_250signals	on_demand_tmr	2891579887	0	0	0	1	0	20	20	1	0	3.96e-08	1	1.7052
E5S250_5ecu_250signals_001	E5S250_5ecu_250signals	on_demand_tmr	2891698372	0	0	0	0	4	20	20	1	0	4.16e-08	1	1.9528
E5S250_5ecu_250signals_001	E5S250_5ecu_250signals	on_demand_tmr	2995249302	0	0	0	1	2	100	100	1	0	4.16e-08	1	3.7588
E5S250_5ecu_250signals_001	E5S250_5ecu_250signals	on_demand_tmr	3004365994	0	0	0	4	2	10	10	1	0	4.16e-08	1	2.6736
E5S250_5ecu_250signals_001	E5S250_5ecu_250signals	on_demand_tmr	3007097306	0	0	0	2	0	100	100	1	0	3.96e-08	1	3.8776
E5S250_5ecu_250signals_001	E5S250_5ecu_250signals	on_demand_tmr	3009411108	0	0	0	1	2	2	2	1	0	3.96e-08	1	0.0776
E5S250_5ecu_250signals_001	E5S250_5ecu_250signals	on_demand_tmr	3010809874	0	0	0	2	1	20	20	1	0	3.96e-08	1	2.9152
E5S250_5ecu_250signals_001	E5S250_5ecu_250signals	on_demand_tmr	3074991811	0	0	0	2	4	10	10	1	0	6.16e-08	1	1.5844
E5S250_5ecu_250signals_001	E5S250_5ecu_250signals	on_demand_tmr	3095652560	0	0	0	3	2	20	20	1	0	3.96e-08	1	2.9548
E5S250_5ecu_250signals_001	E5S250_5ecu_250signals	on_demand_tmr	3100848962	0	0	0	0	1	10	10	1	0	4.16e-08	1	1.83
E5S250_5ecu_250signals_001	E5S250_5ecu_250signals	on_demand_tmr	3121250325	0	0	0	0	4	20	20	1	0	4.16e-08	1	1.9528
E5S250_5ecu_250signals_001	E5S250_5ecu_250signals	on_demand_tmr	3124271464	0	0	0	0	3	10	10	1	0	3.96e-08	1	1.9112
E5S250_5ecu_250signals_001	E5S250_5ecu_250signals	on_demand_tmr	3139780527	0	0	0	0	1	10	10	1	0	4.16e-08	1	1.83
E5S250_5ecu_250signals_001	E5S250_5ecu_250signals	on_demand_tmr	3177648830	0	0	0	3	2	100	100	1	0	3.96e-08	1	3.838
E5S250_5ecu_250signals_001	E5S250_5ecu_250signals	on_demand_tmr	3183134398	0	0	0	2	1	20	20	1	0	4.16e-08	1	3.3528
E5S250_5ecu_250signals_001	E5S250_5ecu_250signals	on_demand_tmr	3226231995	0	0	0	2	3	50	50	1	0	3.96e-08	1	3.436
E5S250_5ecu_250signals_001	E5S250_5ecu_250signals	on_demand_tmr	3240681659	0	0	0	3	2	20	20	1	0	3.96e-08	1	0.8712
E5S250_5ecu_250signals_001	E5S250_5ecu_250signals	on_demand_tmr	3243172715	0	0	0	4	3	20	20	1	0	4.16e-08	1	1.8716
E5S250_5ecu_250signals_001	E5S250_5ecu_250signals	on_demand_tmr	3257042480	0	0	0	2	1	20	20	1	0	4.16e-08	1	3.3528
E5S250_5ecu_250signals_001	E5S250_5ecu_250signals	on_demand_tmr	3274100636	0	0	0	1	0	1	1	1	0	3.96e-08	1	0.236
E5S250_5ecu_250signals_001	E5S250_5ecu_250signals	on_demand_tmr	3293105281	0	0	0	1	0	20	20	1	0	3.96e-08	1	1.7052
E5S250_5ecu_250signals_001	E5S250_5ecu_250signals	on_demand_tmr	3311893079	0	0	0	2	3	20	20	1	0	4.16e-08	1	2.034
E5S250_5ecu_250signals_001	E5S250_5ecu_250signals	on_demand_tmr	3342701266	0	0	0	2	0	10	10	1	0	3.96e-08	1	0.5148
E5S250_5ecu_250signals_001	E5S250_5ecu_250signals	on_demand_tmr	3408605394	0	0	0	0	3	10	10	1	0	4.16e-08	1	1.4832
E5S250_5ecu_250signals_001	E5S250_5ecu_250signals	on_demand_tmr	3437074414	0	0	0	4	3	1000	1000	1	0	3.96e-08	1	4.9072
E5S250_5ecu_250signals_001	E5S250_5ecu_250signals	on_demand_tmr	3486614233	0	0	0	0	1	20	20	1	0	4.16e-08	1	1.83
E5S250_5ecu_250signals_001	E5S250_5ecu_250signals	on_demand_tmr	3500992107	0	0	0	0	1	100	100	1	0	3.96e-08	1	3.7172
E5S250_5ecu_250signals_001	E5S250_5ecu_250signals	on_demand_tmr	3512865393	0	0	0	0	1	20	20	1	0	4.16e-08	1	1.83
E5S250_5ecu_250signals_001	E5S250_5ecu_250signals	on_demand_tmr	3545077392	0	0	0	1	4	20	20	1	0	3.96e-08	1	0.9108
E5S250_5ecu_250signals_001	E5S250_5ecu_250signals	on_demand_tmr	3549932127	0	0	0	0	2	10	10	1	0	3.96e-08	1	0.4356
E5S250_5ecu_250signals_001	E5S250_5ecu_250signals	on_demand_tmr	3561954930	0	0	0	4	1	20	20	1	0	4.16e-08	1	2.632
E5S250_5ecu_250signals_001	E5S250_5ecu_250signals	on_demand_tmr	3573364692	0	0	0	4	3	10	10	1	0	4.16e-08	1	1.8716
E5S250_5ecu_250signals_001	E5S250_5ecu_250signals	on_demand_tmr	3574901676	0	0	0	0	2	5	5	1	0	3.96e-08	1	0.6732
E5S250_5ecu_250signals_001	E5S250_5ecu_250signals	on_demand_tmr	3619916983	0	0	0	4	0	100	100	1	0	3.96e-08	1	4.63
E5S250_5ecu_250signals_001	E5S250_5ecu_250signals	on_demand_tmr	3639717999	0	0	0	0	2	100	100	1	0	3.96e-08	1	3.4756
E5S250_5ecu_250signals_001	E5S250_5ecu_250signals	on_demand_tmr	3677709098	0	0	0	2	3	10	10	1	0	4.16e-08	1	1.4
E5S250_5ecu_250signals_001	E5S250_5ecu_250signals	on_demand_tmr	3684816361	0	0	0	2	1	10	10	1	0	3.96e-08	1	0.396
E5S250_5ecu_250signals_001	E5S250_5ecu_250signals	on_demand_tmr	3695928441	0	0	0	4	0	20	20	1	0	4.16e-08	1	0.992
E5S250_5ecu_250signals_001	E5S250_5ecu_250signals	on_demand_tmr	3723123109	0	0	0	1	3	10	10	1	0	3.96e-08	1	2.43
E5S250_5ecu_250signals_001	E5S250_5ecu_250signals	on_demand_tmr	3741481964	0	0	0	2	1	20	20	1	0	4.16e-08	1	3.3528
E5S250_5ecu_250signals_001	E5S250_5ecu_250signals	on_demand_tmr	3758163844	0	0	0	3	4	20	20	1	0	4.16e-08	1	1.4416
E5S250_5ecu_250signals_001	E5S250_5ecu_250signals	on_demand_tmr	3770516376	0	0	0	0	2	20	20	1	0	4.16e-08	1	1.7884
E5S250_5ecu_250signals_001	E5S250_5ecu_250signals	on_demand_tmr	3826656461	0	0	0	0	4	1000	1000	1	0	3.96e-08	1	5.818
E5S250_5ecu_250signals_001	E5S250_5ecu_250signals	on_demand_tmr	3854523446	0	0	0	4	1	100	100	1	0	3.96e-08	1	3.9964
E5S250_5ecu_250signals_001	E5S250_5ecu_250signals	on_demand_tmr	3869546001	0	0	0	1	2	10	10	1	0	3.96e-08	1	1.9924
E5S250_5ecu_250signals_001	E5S250_5ecu_250signals	on_demand_tmr	3886531722	0	0	0	1	0	1	1	1	0	3.96e-08	1	0.236
E5S250_5ecu_250signals_001	E5S250_5ecu_250signals	on_demand_tmr	3900962867	0	0	0	2	4	20	20	1	0	6.16e-08	1	1.5844
E5S250_5ecu_250signals_001	E5S250_5ecu_250signals	on_demand_tmr	3958724721	0	0	0	2	4	1000	1000	1	0	3.96e-08	1	5.8972
E5S250_5ecu_250signals_001	E5S250_5ecu_250signals	on_demand_tmr	3983631663	0	0	0	1	2	20	20	1	0	3.96e-08	1	1.9924
E5S250_5ecu_250signals_001	E5S250_5ecu_250signals	on_demand_tmr	4005565282	0	0	0	0	4	20	20	1	0	4.16e-08	1	1.9528
E5S250_5ecu_250signals_001	E5S250_5ecu_250signals	on_demand_tmr	4028215569	0	0	0	2	3	20	20	1	0	4.16e-08	1	2.034
E5S250_5ecu_250signals_001	E5S250_5ecu_250signals	on_demand_tmr	4050569195	0	0	0	0	3	10	10	1	0	4.16e-08	1	1.4832
E5S250_5ecu_250signals_001	E5S250_5ecu_250signals	on_demand_tmr	4131653566	0	0	0	3	1	20	20	1	0	4.96e-08	1	1.3188
E5S250_5ecu_250signals_001	E5S250_5ecu_250signals	on_demand_tmr	4153046880	0	0	0	1	2	10	10	1	0	3.96e-08	1	0.3564
E5S250_5ecu_250signals_001	E5S250_5ecu_250signals	on_demand_tmr	4164547044	0	0	0	0	4	100	100	1	0	3.96e-08	1	4.5112
E5S250_5ecu_250signals_001	E5S250_5ecu_250signals	on_demand_tmr	4188047416	0	0	0	0	4	10	10	1	0	4.16e-08	1	1.9528
E5S250_5ecu_250signals_001	E5S250_5ecu_250signals	always_on_tmr	451908486	0	3	0	2	1	2	2	2	1	1.56816e-15	5.55556e-15	0.3212
E5S250_5ecu_250signals_001	E5S250_5ecu_250signals	always_on_tmr	574077934	0	3	0	2	4	10	10	2	1	2.56256e-15	2.77778e-14	2.3628
E5S250_5ecu_250signals_001	E5S250_5ecu_250signals	always_on_tmr	928090276	0	3	0	1	3	20	20	2	1	1.56816e-15	5.55556e-14	1.822
E5S250_5ecu_250signals_001	E5S250_5ecu_250signals	always_on_tmr	963314774	0	3	0	3	2	100	100	2	1	1.56816e-15	2.77778e-13	4.3568
E5S250_5ecu_250signals_001	E5S250_5ecu_250signals	always_on_tmr	1205382420	0	3	0	1	2	1	1	2	1	1.56816e-15	2.77778e-15	0.1132
E5S250_5ecu_250signals_001	E5S250_5ecu_250signals	always_on_tmr	1727322922	0	3	0	1	2	10	10	2	1	1.64736e-15	2.77778e-14	0.7188
E5S250_5ecu_250signals_001	E5S250_5ecu_250signals	always_on_tmr	2054999896	0	3	0	0	2	100	100	2	1	1.56816e-15	2.77778e-13	3.2836
E5S250_5ecu_250signals_001	E5S250_5ecu_250signals	always_on_tmr	2618470185	0	3	0	4	3	20	20	2	1	1.64736e-15	5.55556e-14	2.646
E5S250_5ecu_250signals_001	E5S250_5ecu_250signals	always_on_tmr	3855444880	0	3	0	4	2	20	20	2	1	1.73056e-15	5.55556e-14	1.006
E5S250_5ecu_250signals_001	E5S250_5ecu_250signals	always_on_tmr	4092937341	0	3	0	3	2	1000	1000	2	1	1.56816e-15	2.77778e-12	4.9548
E5S250_5ecu_250signals_001	E5S250_5ecu_250signals	always_on_tmr	4209254968	0	3	0	1	3	10	10	2	1	1.56816e-15	2.77778e-14	1.822
E5S250_5ecu_250signals_001	E5S250_5ecu_250signals	always_on_tmr	4261097810	0	3	0	2	0	5	5	2	1	1.64736e-15	1.38889e-14	0.598
E5S250_5ecu_250signals_001	E5S250_5ecu_250signals	always_on_tmr	43910001	0	2	0	4	2	10	10	2	1	1.73056e-15	2.77778e-13	1.006
E5S250_5ecu_250signals_001	E5S250_5ecu_250signals	always_on_tmr	83144869	0	2	0	0	4	100	100	2	1	1.56816e-15	2.77778e-12	4.4796
E5S250_5ecu_250signals_001	E5S250_5ecu_250signals	always_on_tmr	301398390	0	2	0	3	2	10	10	2	1	1.64736e-15	2.77778e-13	1.9032
E5S250_5ecu_250signals_001	E5S250_5ecu_250signals	always_on_tmr	495130845	0	2	0	2	0	20	20	2	1	1.56816e-15	5.55556e-13	2.6064
E5S250_5ecu_250signals_001	E5S250_5ecu_250signals	always_on_tmr	606666641	0	2	0	1	2	20	20	2	1	1.56816e-15	5.55556e-13	2.6856
E5S250_5ecu_250signals_001	E5S250_5ecu_250signals	always_on_tmr	643637346	0	2	0	4	0	10	10	2	1	1.64736e-15	2.77778e-13	0.9228
E5S250_5ecu_250signals_001	E5S250_5ecu_250signals	always_on_tmr	918728477	0	2	0	1	0	1000	1000	2	1	1.56816e-15	2.77778e-11	4.7568
E5S250_5ecu_250signals_001	E5S250_5ecu_250signals	always_on_tmr	1146288808	0	2	0	2	1	100	100	2	1	1.56816e-15	2.77778e-12	3.6024
E5S250_5ecu_250signals_001	E5S250_5ecu_250signals	always_on_tmr	1444972920	0	2	0	3	2	20	20	2	1	1.64736e-15	5.55556e-13	1.9032
E5S250_5ecu_250signals_001	E5S250_5ecu_250signals	always_on_tmr	1493603441	0	2	0	2	3	10	10	2	1	1.73056e-15	2.77778e-13	0.802
E5S250_5ecu_250signals_001	E5S250_5ecu_250signals	always_on_tmr	1735361969	0	2	0	0	4	10	10	2	1	1.64736e-15	2.77778e-13	2.444
E5S250_5ecu_250signals_001	E5S250_5ecu_250signals	always_on_tmr	1771568086	0	2	0	4	0	20	20	2	1	1.64736e-15	5.55556e-13	0.9228
E5S250_5ecu_250signals_001	E5S250_5ecu_250signals	always_on_tmr	2061692099	0	2	0	3	4	10	10	2	1	1.73056e-15	2.77778e-13	2.5668
E5S250_5ecu_250signals_001	E5S250_5ecu_250signals	always_on_tmr	2105150962	0	2	0	0	4	100	100	2	1	1.56816e-15	2.77778e-12	4.4796
E5S250_5ecu_250signals_001	E5S250_5ecu_250signals	always_on_tmr	2386479733	0	2	0	1	0	10	10	2	1	1.64736e-15	2.77778e-13	1.4536
E5S250_5ecu_250signals_001	E5S250_5ecu_250signals	always_on_tmr	2509435700	0	2	0	4	2	20	20	2	1	1.73056e-15	5.55556e-13	1.006
E5S250_5ecu_250signals_001	E5S250_5ecu_250signals	always_on_tmr	2965207900	0	2	0	0	3	10	10	2	1	1.81376e-15	2.77778e-13	1.6616
E5S250_5ecu_250signals_001	E5S250_5ecu_250signals	always_on_tmr	2981702680	0	2	0	4	1	10	10	2	1	1.64736e-15	2.77778e-13	1.7428
E5S250_5ecu_250signals_001	E5S250_5ecu_250signals	always_on_tmr	3216041206	0	2	0	2	4	20	20	2	1	2.56256e-15	5.55556e-13	2.3628
E5S250_5ecu_250signals_001	E5S250_5ecu_250signals	always_on_tmr	3274264934	0	2	0	0	1	100	100	2	1	1.56816e-15	2.77778e-12	3.8004
E5S250_5ecu_250signals_001	E5S250_5ecu_250signals	always_on_tmr	3350261578	0	2	0	3	2	20	20	2	1	1.64736e-15	5.55556e-13	1.9032
E5S250_5ecu_250signals_001	E5S250_5ecu_250signals	always_on_tmr	3669929619	0	2	0	4	2	10	10	2	1	1.73056e-15	2.77778e-13	1.006
E5S250_5ecu_250signals_001	E5S250_5ecu_250signals	always_on_tmr	3719879691	0	2	0	0	3	20	20	2	1	1.81376e-15	5.55556e-13	1.6616
E5S250_5ecu_250signals_001	E5S250_5ecu_250signals	always_on_tmr	4102731467	0	2	0	3	1	10	10	2	1	1.88496e-15	2.77778e-13	1.3308
E5S250_5ecu_250signals_001	E5S250_5ecu_250signals	always_on_tmr	4140315631	0	2	0	0	2	5	5	2	1	1.56816e-15	1.38889e-13	0.4356
E5S250_5ecu_250signals_001	E5S250_5ecu_250signals	always_on_tmr	157189317	0	1	0	0	2	50	50	2	1	1.56816e-15	1.38889e-12	3.2836
E5S250_5ecu_250signals_001	E5S250_5ecu_250signals	always_on_tmr	216000811	0	1	0	1	2	5	5	2	1	1.64736e-15	1.38889e-13	0.5168
E5S250_5ecu_250signals_001	E5S250_5ecu_250signals	always_on_tmr	277774490	0	1	0	3	1	1000	1000	2	1	1.56816e-15	2.77778e-11	4.7172
E5S250_5ecu_250signals_001	E5S250_5ecu_250signals	always_on_tmr	596748705	0	1	0	1	4	10	10	2	1	1.56816e-15	2.77778e-13	2.5252
E5S250_5ecu_250signals_001	E5S250_5ecu_250signals	always_on_tmr	866443803	0	1	0	2	1	20	20	2	1	1.64736e-15	5.55556e-13	2.846
E5S250_5ecu_250signals_001	E5S250_5ecu_250signals	always_on_tmr	922020646	0	1	0	3	2	20	20	2	1	1.64736e-15	5.55556e-13	1.9032
E5S250_5ecu_250signals_001	E5S250_5ecu_250signals	always_on_tmr	926964416	0	1	0	3	2	20	20	2	1	1.64736e-15	5.55556e-13	1.9032
E5S250_5ecu_250signals_001	E5S250_5ecu_250signals	always_on_tmr	955672303	0	1	0	0	2	10	10	2	1	1.56816e-15	2.77778e-13	0.8416
E5S250_5ecu_250signals_001	E5S250_5ecu_250signals	always_on_tmr	962605062	0	1	0	3	0	10	10	2	1	1.72656e-15	2.77778e-13	1.5368
E5S250_5ecu_250signals_001	E5S250_5ecu_250signals	always_on_tmr	1018788787	0	1	0	3	4	100	100	2	1	1.72656e-15	2.77778e-12	4.4004
E5S250_5ecu_250signals_001	E5S250_5ecu_250signals	always_on_tmr	1040233980	0	1	0	4	1	10	10	2	1	1.64736e-15	2.77778e-13	1.7428
E5S250_5ecu_250signals_001	E5S250_5ecu_250signals	always_on_tmr	1456204505	0	1	0	2	3	1000	1000	2	1	1.56816e-15	2.77778e-11	4.638
E5S250_5ecu_250signals_001	E5S250_5ecu_250signals	always_on_tmr	1534885091	0	1	0	1	4	10	10	2	1	1.56816e-15	2.77778e-13	2.5252
E5S250_5ecu_250signals_001	E5S250_5ecu_250signals	always_on_tmr	1567166222	0	1	0	2	0	20	20	2	1	1.56816e-15	5.55556e-13	2.7252
E5S250_5ecu_250signals_001	E5S250_5ecu_250signals	always_on_tmr	2057991592	0	1	0	2	0	10	10	2	1	1.64736e-15	2.77778e-13	0.598
E5S250_5ecu_250signals_001	E5S250_5ecu_250signals	always_on_tmr	2118130205	0	1	0	0	2	100	100	2	1	1.56816e-15	2.77778e-12	3.2836
E5S250_5ecu_250signals_001	E5S250_5ecu_250signals	always_on_tmr	2474918491	0	1	0	0	3	10	10	2	1	1.81376e-15	2.77778e-13	1.6616
E5S250_5ecu_250signals_001	E5S250_5ecu_250signals	always_on_tmr	2607491937	0	1	0	4	1	100	100	2	1	1.56816e-15	2.77778e-12	3.8796
E5S250_5ecu_250signals_001	E5S250_5ecu_250signals	always_on_tmr	2863991460	0	1	0	0	3	10	10	2	1	1.81376e-15	2.77778e-13	1.6616
E5S250_5ecu_250signals_001	E5S250_5ecu_250signals	always_on_tmr	3172778085	0	1	0	0	2	2	2	2	1	1.56816e-15	5.55556e-14	0.2816
E5S250_5ecu_250signals_001	E5S250_5ecu_250signals	always_on_tmr	3370370065	0	1	0	1	0	20	20	2	1	1.64736e-15	5.55556e-13	1.4536
E5S250_5ecu_250signals_001	E5S250_5ecu_250signals	always_on_tmr	3461435426	0	1	0	2	4	20	20	2	1	2.56256e-15	5.55556e-13	2.3628
E5S250_5ecu_250signals_001	E5S250_5ecu_250signals	always_on_tmr	3496591172	0	1	0	4	1	10	10	2	1	1.64736e-15	2.77778e-13	1.7428
E5S250_5ecu_250signals_001	E5S250_5ecu_250signals	always_on_tmr	4114386274	0	1	0	4	1	10	10	2	1	1.64736e-15	2.77778e-13	1.7428
E5S250_5ecu_250signals_001	E5S250_5ecu_250signals	always_on_tmr	4205950855	0	1	0	2	1	20	20	2	1	1.64736e-15	5.55556e-13	2.846
E5S250_5ecu_250signals_001	E5S250_5ecu_250signals	always_on_tmr	15154635	0	0	0	0	1	5	5	1	0	4.16e-08	1	0.6396
E5S250_5ecu_250signals_001	E5S250_5ecu_250signals	always_on_tmr	62808135	0	0	0	0	4	20	20	1	0	3.96e-08	1	2.7648
E5S250_5ecu_250signals_001	E5S250_5ecu_250signals	always_on_tmr	89125888	0	0	0	1	4	1000	1000	1	0	3.96e-08	1	5.034
E5S250_5ecu_250signals_001	E5S250_5ecu_250signals	always_on_tmr	106606146	0	0	0	4	1	20	20	1	0	3.96e-08	1	1.7012
E5S250_5ecu_250signals_001	E5S250_5ecu_250signals	always_on_tmr	109305538	0	0	0	3	4	50	50	1	0	3.96e-08	1	3.442
E5S250_5ecu_250signals_001	E5S250_5ecu_250signals	always_on_tmr	131191557	0	0	0	3	4	100	100	1	0	4.36e-08	1	4.4004
E5S250_5ecu_250signals_001	E5S250_5ecu_250signals	always_on_tmr	150008389	0	0	0	1	4	20	20	1	0	3.96e-08	1	1.9428
E5S250_5ecu_250signals_001	E5S250_5ecu_250signals	always_on_tmr	228523049	0	0	0	3	4	20	20	1	0	4.16e-08	1	2.5668
E5S250_5ecu_250signals_001	E5S250_5ecu_250signals	always_on_tmr	250529172	0	0	0	2	1	2	2	1	0	3.96e-08	1	0.1924
E5S250_5ecu_250signals_001	E5S250_5ecu_250signals	always_on_tmr	277860819	0	0	0	2	0	20	20	1	0	3.96e-08	1	1.5764
E5S250_5ecu_250signals_001	E5S250_5ecu_250signals	always_on_tmr	293948492	0	0	0	0	1	10	10	1	0	4.16e-08	1	0.6396
E5S250_5ecu_250signals_001	E5S250_5ecu_250signals	always_on_tmr	294000755	0	0	0	4	1	1000	1000	1	0	3.96e-08	1	4.8756
E5S250_5ecu_250signals_001	E5S250_5ecu_250signals	always_on_tmr	318280796	0	0	0	3	1	20	20	1	0	3.96e-08	1	1.3308
E5S250_5ecu_250signals_001	E5S250_5ecu_250signals	always_on_tmr	319419472	0	0	0	3	0	10	10	1	0	3.96e-08	1	1.4932
E5S250_5ecu_250signals_001	E5S250_5ecu_250signals	always_on_tmr	387229271	0	0	0	4	3	100	100	1	0	3.96e-08	1	3.3628
E5S250_5ecu_250signals_001	E5S250_5ecu_250signals	always_on_tmr	396952203	0	0	0	0	4	20	20	1	0	3.96e-08	1	2.444
E5S250_5ecu_250signals_001	E5S250_5ecu_250signals	always_on_tmr	400799953	0	0	0	0	4	10	10	1	0	4.16e-08	1	2.4044
E5S250_5ecu_250signals_001	E5S250_5ecu_250signals	always_on_tmr	406007865	0	0	0	3	0	10	10	1	0	4.36e-08	1	1.5368
E5S250_5ecu_250signals_001	E5S250_5ecu_250signals	always_on_tmr	408724641	0	0	0	1	0	20	20	1	0	4.16e-08	1	1.414
E5S250_5ecu_250signals_001	E5S250_5ecu_250signals	always_on_tmr	464014652	0	0	0	4	3	20	20	1	0	4.16e-08	1	2.4856
E5S250_5ecu_250signals_001	E5S250_5ecu_250signals	always_on_tmr	476717859	0	0	0	4	1	10	10	1	0	4.16e-08	1	1.7428
E5S250_5ecu_250signals_001	E5S250_5ecu_250signals	always_on_tmr	509286032	0	0	0	2	0	1	1	1	0	3.96e-08	1	0.2716
E5S250_5ecu_250signals_001	E5S250_5ecu_250signals	always_on_tmr	518397843	0	0	0	3	0	10	10	1	0	4.36e-08	1	1.5368
E5S250_5ecu_250signals_001	E5S250_5ecu_250signals	always_on_tmr	519322812	0	0	0	4	3	50	50	1	0	3.96e-08	1	3.3628
E5S250_5ecu_250signals_001	E5S250_5ecu_250signals	always_on_tmr	546621314	0	0	0	3	4	20	20	1	0	4.16e-08	1	1.3724
E5S250_5ecu_250signals_001	E5S250_5ecu_250signals	always_on_tmr	591080722	0	0	0	2	1	2	2	1	0	3.96e-08	1	0.3212
E5S250_5ecu_250signals_001	E5S250_5ecu_250signals	always_on_tmr	594084072	0	0	0	1	0	1	1	1	0	3.96e-08	1	0.232
E5S250_5ecu_250signals_001	E5S250_5ecu_250signals	always_on_tmr	627310569	0	0	1	2	4	10	10	1	0	4.16e-08	1	2.3628
E5S250_5ecu_250signals_001	E5S250_5ecu_250signals	always_on_tmr	627310569	1	0	2	3	4	10	10	1	0	4.16e-08	1	1.3724
E5S250_5ecu_250signals_001	E5S250_5ecu_250signals	always_on_tmr	627310569	2	0	2	0	4	10	10	1	0	4.16e-08	1	2.4044
E5S250_5ecu_250signals_001	E5S250_5ecu_250signals	always_on_tmr	684083983	0	0	0	3	0	100	100	1	0	3.96e-08	1	3.6816
E5S250_5ecu_250signals_001	E5S250_5ecu_250signals	always_on_tmr	726295545	0	0	0	0	2	20	20	1	0	3.96e-08	1	0.8416
E5S250_5ecu_250signals_001	E5S250_5ecu_250signals	always_on_tmr	748477874	0	0	0	1	0	100	100	1	0	3.96e-08	1	3.642
E5S250_5ecu_250signals_001	E5S250_5ecu_250signals	always_on_tmr	766827143	0	0	0	0	2	50	50	1	0	3.96e-08	1	3.0064
E5S250_5ecu_250signals_001	E5S250_5ecu_250signals	always_on_tmr	767807202	0	0	0	1	4	20	20	1	0	3.96e-08	1	2.5252
E5S250_5ecu_250signals_001	E5S250_5ecu_250signals	always_on_tmr	801030254	0	0	0	0	2	100	100	1	0	3.96e-08	1	3.0064
E5S250_5ecu_250signals_001	E5S250_5ecu_250signals	always_on_tmr	827543720	0	0	0	0	2	20	20	1	0	3.96e-08	1	2.8856
E5S250_5ecu_250signals_001	E5S250_5ecu_250signals	always_on_tmr	836935876	0	0	0	2	1	1	1	1	0	3.96e-08	1	0.1924
E5S250_5ecu_250signals_001	E5S250_5ecu_250signals	always_on_tmr	854759611	0	0	0	1	2	100	100	1	0	4.16e-08	1	3.4836
E5S250_5ecu_250signals_001	E5S250_5ecu_250signals	always_on_tmr	866350570	0	0	0	3	2	100	100	1	0	3.96e-08	1	4.3568
E5S250_5ecu_250signals_001	E5S250_5ecu_250signals	always_on_tmr	880560806	0	0	0	3	0	100	100	1	0	3.96e-08	1	3.6816
E5S250_5ecu_250signals_001	E5S250_5ecu_250signals	always_on_tmr	901799424	0	0	0	2	4	10	10	1	0	6.16e-08	1	2.0044
E5S250_5ecu_250signals_001	E5S250_5ecu_250signals	always_on_tmr	904285308	0	0	1	2	1	5	5	1	0	3.96e-08	1	0.4752
E5S250_5ecu_250signals_001	E5S250_5ecu_250signals	always_on_tmr	904285308	1	0	2	0	1	5	5	1	0	4.16e-08	1	0.6396
E5S250_5ecu_250signals_001	E5S250_5ecu_250signals	always_on_tmr	904285308	2	0	2	4	1	5	5	1	0	3.96e-08	1	0.6792
E5S250_5ecu_250signals_001	E5S250_5ecu_250signals	always_on_tmr	971429946	0	0	0	3	4	100	100	1	0	4.36e-08	1	4.4004
E5S250_5ecu_250signals_001	E5S250_5ecu_250signals	always_on_tmr	1007784046	0	0	0	2	0	20	20	1	0	3.96e-08	1	2.6064
E5S250_5ecu_250signals_001	E5S250_5ecu_250signals	always_on_tmr	1022957872	0	0	0	4	1	20	20	1	0	3.96e-08	1	1.7012
E5S250_5ecu_250signals_001	E5S250_5ecu_250signals	always_on_tmr	1026226728	0	0	0	1	3	100	100	1	0	3.96e-08	1	3.9608
E5S250_5ecu_250signals_001	E5S250_5ecu_250signals	always_on_tmr	1138065792	0	0	0	0	2	20	20	1	0	3.96e-08	1	0.8416
E5S250_5ecu_250signals_001	E5S250_5ecu_250signals	always_on_tmr	1171349047	0	0	0	1	4	50	50	1	0	3.96e-08	1	3.4024
E5S250_5ecu_250signals_001	E5S250_5ecu_250signals	always_on_tmr	1236050172	0	0	0	3	1	10	10	1	0	3.96e-08	1	1.3308
E5S250_5ecu_250signals_001	E5S250_5ecu_250signals	always_on_tmr	1242157975	0	0	0	3	4	10	10	1	0	4.16e-08	1	2.5668
E5S250_5ecu_250signals_001	E5S250_5ecu_250signals	always_on_tmr	1249876648	0	0	0	3	1	10	10	1	0	4.76e-08	1	1.2912
E5S250_5ecu_250signals_001	E5S250_5ecu_250signals	always_on_tmr	1299766368	0	0	0	3	0	10	10	1	0	4.36e-08	1	1.5368
E5S250_5ecu_250signals_001	E5S250_5ecu_250signals	always_on_tmr	1304448576	0	0	0	2	1	100	100	1	0	3.96e-08	1	3.6024
E5S250_5ecu_250signals_001	E5S250_5ecu_250signals	always_on_tmr	1351175526	0	0	0	4	3	10	10	1	0	4.16e-08	1	2.4856
E5S250_5ecu_250signals_001	E5S250_5ecu_250signals	always_on_tmr	1354385865	0	0	0	1	4	100	100	1	0	4.16e-08	1	3.9212
E5S250_5ecu_250signals_001	E5S250_5ecu_250signals	always_on_tmr	1365296168	0	0	0	0	1	5	5	1	0	4.16e-08	1	0.6396
E5S250_5ecu_250signals_001	E5S250_5ecu_250signals	always_on_tmr	1367798863	0	0	0	2	0	20	20	1	0	3.96e-08	1	2.7252
E5S250_5ecu_250signals_001	E5S250_5ecu_250signals	always_on_tmr	1380230927	0	0	0	1	2	2	2	1	0	3.96e-08	1	0.1132
E5S250_5ecu_250signals_001	E5S250_5ecu_250signals	always_on_tmr	1413873153	0	0	0	1	0	20	20	1	0	4.16e-08	1	1.414
E5S250_5ecu_250signals_001	E5S250_5ecu_250signals	always_on_tmr	1414910729	0	0	0	3	0	20	20	1	0	3.96e-08	1	1.4932
E5S250_5ecu_250signals_001	E5S250_5ecu_250signals	always_on_tmr	1445037519	0	0	0	1	0	20	20	1	0	4.16e-08	1	1.414
E5S250_5ecu_250signals_001	E5S250_5ecu_250signals	always_on_tmr	1477991539	0	0	0	4	3	20	20	1	0	4.16e-08	1	2.4856
E5S250_5ecu_250signals_001	E5S250_5ecu_250signals	always_on_tmr	1486372918	0	0	0	2	4	20	20	1	0	6.16e-08	1	2.0044
E5S250_5ecu_250signals_001	E5S250_5ecu_250signals	always_on_tmr	1514081461	0	0	0	2	0	1	1	1	0	3.96e-08	1	0.2716
E5S250_5ecu_250signals_001	E5S250_5ecu_250signals	always_on_tmr	1565277774	0	0	0	4	0	10	10	1	0	4.16e-08	1	0.8832
E5S250_5ecu_250signals_001	E5S250_5ecu_250signals	always_on_tmr	1629779880	0	0	0	4	2	10	10	1	0	4.16e-08	1	0.9644
E5S250_5ecu_250signals_001	E5S250_5ecu_250signals	always_on_tmr	1634876096	0	0	0	1	0	2	2	1	0	3.96e-08	1	0.232
E5S250_5ecu_250signals_001	E5S250_5ecu_250signals	always_on_tmr	1654974104	0	0	0	0	2	20	20	1	0	3.96e-08	1	0.8416
E5S250_5ecu_250signals_001	E5S250_5ecu_250signals	always_on_tmr	1699694346	0	0	0	1	0	2	2	1	0	3.96e-08	1	0.232
E5S250_5ecu_250signals_001	E5S250_5ecu_250signals	always_on_tmr	1710567383	0	0	0	1	2	100	100	1	0	4.16e-08	1	3.4836
E5S250_5ecu_250signals_001	E5S250_5ecu_250signals	always_on_tmr	1711454593	0	0	0	2	1	100	100	1	0	3.96e-08	1	3.5628
E5S250_5ecu_250signals_001	E5S250_5ecu_250signals	always_on_tmr	1715855286	0	0	0	4	1	50	50	1	0	3.96e-08	1	3.3232
E5S250_5ecu_250signals_001	E5S250_5ecu_250signals	always_on_tmr	1735809062	0	0	0	4	2	10	10	1	0	4.16e-08	1	0.9644
E5S250_5ecu_250signals_001	E5S250_5ecu_250signals	always_on_tmr	1752510742	0	0	0	2	0	1	1	1	0	3.96e-08	1	0.2716
E5S250_5ecu_250signals_001	E5S250_5ecu_250signals	always_on_tmr	1765184460	0	0	0	2	1	1	1	1	0	3.96e-08	1	0.1924
E5S250_5ecu_250signals_001	E5S250_5ecu_250signals	always_on_tmr	1782194709	0	0	0	2	4	10	10	1	0	6.16e-08	1	2.0044
E5S250_5ecu_250signals_001	E5S250_5ecu_250signals	always_on_tmr	1803280226	0	0	0	2	1	10	10	1	0	3.96e-08	1	0.4752
E5S250_5ecu_250signals_001	E5S250_5ecu_250signals	always_on_tmr	1804736884	0	0	0	0	3	10	10	1	0	4.36e-08	1	1.62
E5S250_5ecu_250signals_001	E5S250_5ecu_250signals	always_on_tmr	1805982643	0	0	0	3	1	20	20	1	0	4.76e-08	1	1.2912
E5S250_5ecu_250signals_001	E5S250_5ecu_250signals	always_on_tmr	1824521868	0	0	0	0	2	20	20	1	0	3.96e-08	1	2.8856
E5S250_5ecu_250signals_001	E5S250_5ecu_250signals	always_on_tmr	1831086541	0	0	0	1	2	100	100	1	0	4.16e-08	1	3.4836
E5S250_5ecu_250signals_001	E5S250_5ecu_250signals	always_on_tmr	1851601388	0	0	0	1	3	100	100	1	0	3.96e-08	1	3.9608
E5S250_5ecu_250signals_001	E5S250_5ecu_250signals	always_on_tmr	1879425117	0	0	0	0	2	1	1	1	0	3.96e-08	1	0.1528
E5S250_5ecu_250signals_001	E5S250_5ecu_250signals	always_on_tmr	1886675991	0	0	0	4	0	10	10	1	0	3.96e-08	1	0.9228
E5S250_5ecu_250signals_001	E5S250_5ecu_250signals	always_on_tmr	1896253552	0	0	0	1	2	100	100	1	0	4.16e-08	1	3.4836
E5S250_5ecu_250signals_001	E5S250_5ecu_250signals	always_on_tmr	1900143684	0	0	0	0	1	100	100	1	0	3.96e-08	1	3.7608
E5S250_5ecu_250signals_001	E5S250_5ecu_250signals	always_on_tmr	1905541369	0	0	0	4	0	10	10	1	0	4.16e-08	1	0.8832
E5S250_5ecu_250signals_001	E5S250_5ecu_250signals	always_on_tmr	1929877645	0	0	0	3	4	10	10	1	0	4.16e-08	1	2.5668
E5S250_5ecu_250signals_001	E5S250_5ecu_250signals	always_on_tmr	1937986654	0	0	0	0	4	20	20	1	0	3.96e-08	1	2.7648
E5S250_5ecu_250signals_001	E5S250_5ecu_250signals	always_on_tmr	1942795092	0	0	0	0	1	20	20	1	0	4.16e-08	1	2.9272
E5S250_5ecu_250signals_001	E5S250_5ecu_250signals	always_on_tmr	2010030964	0	0	0	0	3	10	10	1	0	4.16e-08	1	1.6616
E5S250_5ecu_250signals_001	E5S250_5ecu_250signals	always_on_tmr	2013070410	0	0	0	1	2	10	10	1	0	3.96e-08	1	0.7188
E5S250_5ecu_250signals_001	E5S250_5ecu_250signals	always_on_tmr	2014527141	0	0	0	4	3	10	10	1	0	4.16e-08	1	2.4856
E5S250_5ecu_250signals_001	E5S250_5ecu_250signals	always_on_tmr	2018090049	0	0	0	2	4	10	10	1	0	6.16e-08	1	2.0044
E5S250_5ecu_250signals_001	E5S250_5ecu_250signals	always_on_tmr	2019804409	0	0	0	0	4	100	100	1	0	3.96e-08	1	4.44
E5S250_5ecu_250signals_001	E5S250_5ecu_250signals	always_on_tmr	2022221121	0	0	0	4	0	100	100	1	0	3.96e-08	1	3.5232
E5S250_5ecu_250signals_001	E5S250_5ecu_250signals	always_on_tmr	2057426479	0	0	0	1	3	20	20	1	0	3.96e-08	1	1.822
E5S250_5ecu_250signals_001	E5S250_5ecu_250signals	always_on_tmr	2079929923	0	0	0	4	1	10	10	1	0	4.16e-08	1	1.7428
E5S250_5ecu_250signals_001	E5S250_5ecu_250signals	always_on_tmr	2095306678	0	0	0	3	1	20	20	1	0	4.76e-08	1	1.2912
E5S250_5ecu_250signals_001	E5S250_5ecu_250signals	always_on_tmr	2106068404	0	0	0	2	3	10	10	1	0	4.16e-08	1	0.7604
E5S250_5ecu_250signals_001	E5S250_5ecu_250signals	always_on_tmr	2114121105	0	0	0	3	4	10	10	1	0	4.16e-08	1	1.3724
E5S250_5ecu_250signals_001	E5S250_5ecu_250signals	always_on_tmr	2158305652	0	0	0	2	0	10	10	1	0	4.16e-08	1	0.5584
E5S250_5ecu_250signals_001	E5S250_5ecu_250signals	always_on_tmr	2165055877	0	0	0	0	3	100	100	1	0	3.96e-08	1	3.84
E5S250_5ecu_250signals_001	E5S250_5ecu_250signals	always_on_tmr	2204460951	0	0	0	2	0	20	20	1	0	3.96e-08	1	2.6064
E5S250_5ecu_250signals_001	E5S250_5ecu_250signals	always_on_tmr	2222169003	0	0	0	3	2	100	100	1	0	3.96e-08	1	4.0004
E5S250_5ecu_250signals_001	E5S250_5ecu_250signals	always_on_tmr	2242481275	0	0	0	1	0	100	100	1	0	3.96e-08	1	3.642
E5S250_5ecu_250signals_001	E5S250_5ecu_250signals	always_on_tmr	2278180317	0	0	0	1	3	100	100	1	0	3.96e-08	1	3.9608
E5S250_5ecu_250signals_001	E5S250_5ecu_250signals	always_on_tmr	2281144853	0	0	0	2	0	5	5	1	0	4.16e-08	1	0.5584
E5S250_5ecu_250signals_001	E5S250_5ecu_250signals	always_on_tmr	2283689033	0	0	0	1	2	100	100	1	0	4.16e-08	1	3.4836
E5S250_5ecu_250signals_001	E5S250_5ecu_250signals	always_on_tmr	2294663989	0	0	0	1	0	1000	1000	1	0	3.96e-08	1	4.7568
E5S250_5ecu_250signals_001	E5S250_5ecu_250signals	always_on_tmr	2417797500	0	0	0	1	4	100	100	1	0	3.96e-08	1	3.4024
E5S250_5ecu_250signals_001	E5S250_5ecu_250signals	always_on_tmr	2424392458	0	0	0	2	3	20	20	1	0	4.16e-08	1	0.802
E5S250_5ecu_250signals_001	E5S250_5ecu_250signals	always_on_tmr	2430664854	0	0	0	3	4	10	10	1	0	4.16e-08	1	2.5668
E5S250_5ecu_250signals_001	E5S250_5ecu_250signals	always_on_tmr	2463219099	0	0	0	4	3	100	100	1	0	3.96e-08	1	3.3628
E5S250_5ecu_250signals_001	E5S250_5ecu_250signals	always_on_tmr	2484803182	0	0	0	3	2	10	10	1	0	4.16e-08	1	1.9032
E5S250_5ecu_250signals_001	E5S250_5ecu_250signals	always_on_tmr	2495894253	0	0	0	0	1	20	20	1	0	4.16e-08	1	2.9272
E5S250_5ecu_250signals_001	E5S250_5ecu_250signals	always_on_tmr	2507541484	0	0	0	0	3	1000	1000	1	0	3.96e-08	1	4.836
E5S250_5ecu_250signals_001	E5S250_5ecu_250signals	always_on_tmr	2513021432	0	0	0	2	3	100	100	1	0	3.96e-08	1	2.9668
E5S250_5ecu_250signals_001	E5S250_5ecu_250signals	always_on_tmr	2528186269	0	0	0	0	3	20	20	1	0	4.16e-08	1	1.6616
E5S250_5ecu_250signals_001	E5S250_5ecu_250signals	always_on_tmr	2542342536	0	0	0	4	0	100	100	1	0	3.96e-08	1	3.5232
E5S250_5ecu_250signals_001	E5S250_5ecu_250signals	always_on_tmr	2617641263	0	0	0	4	1	20	20	1	0	4.16e-08	1	1.7428
E5S250_5ecu_250signals_001	E5S250_5ecu_250signals	always_on_tmr	2620701887	0	0	0	0	2	10	10	1	0	3.96e-08	1	0.396
E5S250_5ecu_250signals_001	E5S250_5ecu_250signals	always_on_tmr	2638409861	0	0	0	2	0	10	10	1	0	3.96e-08	1	1.5764
E5S250_5ecu_250signals_001	E5S250_5ecu_250signals	always_on_tmr	2657179305	0	0	0	1	2	100	100	1	0	4.16e-08	1	3.4836
E5S250_5ecu_250signals_001	E5S250_5ecu_250signals	always_on_tmr	2691819380	0	0	0	0	4	1000	1000	1	0	3.96e-08	1	4.5192
E5S250_5ecu_250signals_001	E5S250_5ecu_250signals	always_on_tmr	2711836198	0	0	0	3	2	100	100	1	0	3.96e-08	1	4.0004
E5S250_5ecu_250signals_001	E5S250_5ecu_250signals	always_on_tmr	2715828202	0	0	0	4	2	10	10	1	0	4.16e-08	1	0.9644
E5S250_5ecu_250signals_001	E5S250_5ecu_250signals	always_on_tmr	2742074374	0	0	0	0	2	100	100	1	0	3.96e-08	1	3.2836
E5S250_5ecu_250signals_001	E5S250_5ecu_250signals	always_on_tmr	2747385633	0	0	0	4	1	10	10	1	0	3.96e-08	1	0.6792
E5S250_5ecu_250signals_001	E5S250_5ecu_250signals	always_on_tmr	2766424585	0	0	0	0	3	10	10	1	0	4.36e-08	1	1.62
E5S250_5ecu_250signals_001	E5S250_5ecu_250signals	always_on_tmr	2808703438	0	0	0	4	1	100	100	1	0	3.96e-08	1	3.3232
E5S250_5ecu_250signals_001	E5S250_5ecu_250signals	always_on_tmr	2845015553	0	0	0	2	3	20	20	1	0	4.16e-08	1	0.7604
E5S250_5ecu_250signals_001	E5S250_5ecu_250signals	always_on_tmr	2856075595	0	0	0	4	2	10	10	1	0	4.16e-08	1	1.006
E5S250_5ecu_250signals_001	E5S250_5ecu_250signals	always_on_tmr	2891579887	0	0	0	1	0	20	20	1	0	3.96e-08	1	1.4536
E5S250_5ecu_250signals_001	E5S250_5ecu_250signals	always_on_tmr	2891698372	0	0	0	0	4	20	20	1	0	3.96e-08	1	2.7648
E5S250_5ecu_250signals_001	E5S250_5ecu_250signals	always_on_tmr	2995249302	0	0	0	1	2	100	100	1	0	4.16e-08	1	3.4836
E5S250_5ecu_250signals_001	E5S250_5ecu_250signals	always_on_tmr	3004365994	0	0	0	4	2	10	10	1	0	4.16e-08	1	1.006
E5S250_5ecu_250signals_001	E5S250_5ecu_250signals	always_on_tmr	3007097306	0	0	0	2	0	100	100	1	0	3.96e-08	1	3.7212
E5S250_5ecu_250signals_001	E5S250_5ecu_250signals	always_on_tmr	3009411108	0	0	0	1	2	2	2	1	0	3.96e-08	1	0.0736
E5S250_5ecu_250signals_001	E5S250_5ecu_250signals	always_on_tmr	3010809874	0	0	0	2	1	20	20	1	0	4.16e-08	1	2.8064
E5S250_5ecu_250signals_001	E5S250_5ecu_250signals	always_on_tmr	3074991811	0	0	0	2	4	10	10	1	0	4.16e-08	1	2.3628
E5S250_5ecu_250signals_001	E5S250_5ecu_250signals	always_on_tmr	3095652560	0	0	0	3	2	20	20	1	0	4.16e-08	1	1.9032
E5S250_5ecu_250signals_001	E5S250_5ecu_250signals	always_on_tmr	3100848962	0	0	0	0	1	10	10	1	0	4.16e-08	1	0.6396
E5S250_5ecu_250signals_001	E5S250_5ecu_250signals	always_on_tmr	3121250325	0	0	0	0	4	20	20	1	0	3.96e-08	1	2.444
E5S250_5ecu_250signals_001	E5S250_5ecu_250signals	always_on_tmr	3124271464	0	0	0	0	3	10	10	1	0	4.36e-08	1	1.62
E5S250_5ecu_250signals_001	E5S250_5ecu_250signals	always_on_tmr	3139780527	0	0	0	0	1	10	10	1	0	4.16e-08	1	0.6396
E5S250_5ecu_250signals_001	E5S250_5ecu_250signals	always_on_tmr	3177648830	0	0	0	3	2	100	100	1	0	3.96e-08	1	4.0004
E5S250_5ecu_250signals_001	E5S250_5ecu_250signals	always_on_tmr	3183134398	0	0	0	2	1	20	20	1	0	4.16e-08	1	2.8064
E5S250_5ecu_250signals_001	E5S250_5ecu_250signals	always_on_tmr	3226231995	0	0	0	2	3	50	50	1	0	3.96e-08	1	2.9668
E5S250_5ecu_250signals_001	E5S250_5ecu_250signals	always_on_tmr	3240681659	0	0	0	3	2	20	20	1	0	4.16e-08	1	1.9032
E5S250_5ecu_250signals_001	E5S250_5ecu_250signals	always_on_tmr	3243172715	0	0	0	4	3	20	20	1	0	3.96e-08	1	2.646
E5S250_5ecu_250signals_001	E5S250_5ecu_250signals	always_on_tmr	3257042480	0	0	0	2	1	20	20	1	0	4.16e-08	1	2.8064
E5S250_5ecu_250signals_001	E5S250_5ecu_250signals	always_on_tmr	3274100636	0	0	0	1	0	1	1	1	0	3.96e-08	1	0.232
E5S250_5ecu_250signals_001	E5S250_5ecu_250signals	always_on_tmr	3293105281	0	0	0	1	0	20	20	1	0	4.16e-08	1	1.414
E5S250_5ecu_250signals_001	E5S250_5ecu_250signals	always_on_tmr	3311893079	0	0	0	2	3	20	20	1	0	4.16e-08	1	0.7604
E5S250_5ecu_250signals_001	E5S250_5ecu_250signals	always_on_tmr	3342701266	0	0	0	2	0	10	10	1	0	3.96e-08	1	0.598
E5S250_5ecu_250signals_001	E5S250_5ecu_250signals	always_on_tmr	3408605394	0	0	0	0	3	10	10	1	0	4.16e-08	1	1.6616
E5S250_5ecu_250signals_001	E5S250_5ecu_250signals	always_on_tmr	3437074414	0	0	0	4	3	1000	1000	1	0	3.96e-08	1	4.7964
E5S250_5ecu_250signals_001	E5S250_5ecu_250signals	always_on_tmr	3486614233	0	0	0	0	1	20	20	1	0	4.16e-08	1	2.9272
E5S250_5ecu_250signals_001	E5S250_5ecu_250signals	always_on_tmr	3500992107	0	0	0	0	1	100	100	1	0	3.96e-08	1	3.8004
E5S250_5ecu_250signals_001	E5S250_5ecu_250signals	always_on_tmr	3512865393	0	0	0	0	1	20	20	1	0	4.16e-08	1	2.9272
E5S250_5ecu_250signals_001	E5S250_5ecu_250signals	always_on_tmr	3545077392	0	0	0	1	4	20	20	1	0	3.96e-08	1	2.5252
E5S250_5ecu_250signals_001	E5S250_5ecu_250signals	always_on_tmr	3549932127	0	0	0	0	2	10	10	1	0	3.96e-08	1	0.4356
E5S250_5ecu_250signals_001	E5S250_5ecu_250signals	always_on_tmr	3561954930	0	0	0	4	1	20	20	1	0	3.96e-08	1	1.7012
E5S250_5ecu_250signals_001	E5S250_5ecu_250signals	always_on_tmr	3573364692	0	0	0	4	3	10	10	1	0	4.16e-08	1	2.4856
E5S250_5ecu_250signals_001	E5S250_5ecu_250signals	always_on_tmr	3574901676	0	0	0	0	2	5	5	1	0	3.96e-08	1	0.396
E5S250_5ecu_250signals_001	E5S250_5ecu_250signals	always_on_tmr	3619916983	0	0	0	4	0	100	100	1	0	3.96e-08	1	3.5232
E5S250_5ecu_250signals_001	E5S250_5ecu_250signals	always_on_tmr	3639717999	0	0	0	0	2	100	100	1	0	3.96e-08	1	3.2836
E5S250_5ecu_250signals_001	E5S250_5ecu_250signals	always_on_tmr	3677709098	0	0	0	2	3	10	10	1	0	4.16e-08	1	0.802
E5S250_5ecu_250signals_001	E5S250_5ecu_250signals	always_on_tmr	3684816361	0	0	0	2	1	10	10	1	0	3.96e-08	1	0.4752
E5S250_5ecu_250signals_001	E5S250_5ecu_250signals	always_on_tmr	3695928441	0	0	0	4	0	20	20	1	0	4.16e-08	1	0.8832
E5S250_5ecu_250signals_001	E5S250_5ecu_250signals	always_on_tmr	3723123109	0	0	0	1	3	10	10	1	0	3.96e-08	1	1.7824
E5S250_5ecu_250signals_001	E5S250_5ecu_250signals	always_on_tmr	3741481964	0	0	0	2	1	20	20	1	0	3.96e-08	1	2.846
E5S250_5ecu_250signals_001	E5S250_5ecu_250signals	always_on_tmr	3758163844	0	0	0	3	4	20	20	1	0	4.16e-08	1	1.3724
E5S250_5ecu_250signals_001	E5S250_5ecu_250signals	always_on_tmr	3770516376	0	0	0	0	2	20	20	1	0	3.96e-08	1	2.8856
E5S250_5ecu_250signals_001	E5S250_5ecu_250signals	always_on_tmr	3826656461	0	0	0	0	4	1000	1000	1	0	3.96e-08	1	4.5192
E5S250_5ecu_250signals_001	E5S250_5ecu_250signals	always_on_tmr	3854523446	0	0	0	4	1	100	100	1	0	3.96e-08	1	3.8796
E5S250_5ecu_250signals_001	E5S250_5ecu_250signals	always_on_tmr	3869546001	0	0	0	1	2	10	10	1	0	4.16e-08	1	0.5168
E5S250_5ecu_250signals_001	E5S250_5ecu_250signals	always_on_tmr	3886531722	0	0	0	1	0	1	1	1	0	3.96e-08	1	0.232
E5S250_5ecu_250signals_001	E5S250_5ecu_250signals	always_on_tmr	3900962867	0	0	0	2	4	20	20	1	0	6.16e-08	1	2.0044
E5S250_5ecu_250signals_001	E5S250_5ecu_250signals	always_on_tmr	3958724721	0	0	0	2	4	1000	1000	1	0	3.96e-08	1	4.9944
E5S250_5ecu_250signals_001	E5S250_5ecu_250signals	always_on_tmr	3983631663	0	0	0	1	2	20	20	1	0	3.96e-08	1	0.7188
E5S250_5ecu_250signals_001	E5S250_5ecu_250signals	always_on_tmr	4005565282	0	0	0	0	4	20	20	1	0	4.16e-08	1	2.4044
E5S250_5ecu_250signals_001	E5S250_5ecu_250signals	always_on_tmr	4028215569	0	0	0	2	3	20	20	1	0	4.16e-08	1	0.7604
E5S250_5ecu_250signals_001	E5S250_5ecu_250signals	always_on_tmr	4050569195	0	0	0	0	3	10	10	1	0	4.36e-08	1	1.62
E5S250_5ecu_250signals_001	E5S250_5ecu_250signals	always_on_tmr	4131653566	0	0	0	3	1	20	20	1	0	4.76e-08	1	1.2912
E5S250_5ecu_250signals_001	E5S250_5ecu_250signals	always_on_tmr	4153046880	0	0	0	1	2	10	10	1	0	3.96e-08	1	0.3564
E5S250_5ecu_250signals_001	E5S250_5ecu_250signals	always_on_tmr	4164547044	0	0	0	0	4	100	100	1	0	3.96e-08	1	4.4796
E5S250_5ecu_250signals_001	E5S250_5ecu_250signals	always_on_tmr	4188047416	0	0	0	0	4	10	10	1	0	4.16e-08	1	2.4044
