base_bandwidth_utilization	0.2266911999999999
expected_bandwidth_utilization	0.22669129578788574

rounded_expected_bandwidth_utilization	0.45338240000000007

bandwidth_utilization_p99	0.22669120000000004

[frame_summary]
frame_id	priority	period_ms	deadline_ms	trans_time_ms	expected_retry_count	expected_tx_count	rounded_expected_retry_count	rounded_expected_tx_count	retry_p99	tx_count_p99	expected_wcrt_ms	p_timeout	wcrt_p95_ms
0	6	10	10	0.039600000000000003	3.188000190004811e-07	1.0000003188000191	1	2	0	1	0.31880001900048111	0	0.31879999999999997
1	45	1000	1000	0.039600000000000003	1.9424001204293219e-06	1.0000019424001205	1	2	0	1	1.9424001196522771	1.1102230246251565e-16	1.942400000000001
2	22	20	20	0.039600000000000003	9.524000567630838e-07	1.0000009524000568	1	2	0	1	0.9524000567630837	0	0.95239999999999991
3	35	100	100	0.039600000000000003	1.5464000952582438e-06	1.0000015464000953	1	2	0	1	1.546400095258246	0	1.5464000000000002
4	0	1	1	0.039600000000000003	8.1200004839520388e-08	1.0000000812000049	1	2	0	1	0.081200004839520279	0	0.081199999999999994
5	23	20	20	0.039600000000000003	9.9200013768956906e-07	1.0000009920001376	1	2	0	1	0.99200013768956907	0	0.99199999999999977
6	7	10	10	0.039600000000000003	3.5840002136064138e-07	1.0000003584000214	1	2	0	1	0.35840002136064125	0	0.3584
7	8	10	10	0.039600000000000003	3.9800002372080187e-07	1.0000003980000238	1	2	0	1	0.39800002372080145	0	0.39800000000000002
8	24	20	20	0.039600000000000003	1.0316001431860461e-06	1.0000010316001431	1	2	0	1	1.0316001431860464	0	1.0315999999999999
9	9	10	10	0.039600000000000003	4.3760002608096215e-07	1.000000437600026	1	2	0	1	0.4376000260809616	0	0.43760000000000004
10	25	20	20	0.039600000000000003	1.1504000685638449e-06	1.0000011504000685	1	2	0	1	1.150400068563844	0	1.1503999999999999
11	36	100	100	0.039600000000000003	1.5860000983637385e-06	1.0000015860000984	1	2	0	1	1.5860000976976174	1.1102230246251565e-16	1.5860000000000003
12	2	2	2	0.039600000000000003	1.6040000955984078e-07	1.0000001604000095	1	2	0	1	0.16040000955984057	0	0.16039999999999999
13	10	10	10	0.039600000000000003	4.772000284411218e-07	1.0000004772000284	1	2	0	1	0.4772000284411218	0	0.47720000000000007
14	26	20	20	0.039600000000000003	1.1900000715901374e-06	1.0000011900000716	1	2	0	1	1.1900000709240062	1.1102230246251565e-16	1.1899999999999997
15	37	100	100	0.039600000000000003	1.6256001008031013e-06	1.0000016256001008	1	2	0	1	1.6256001001369775	1.1102230246251565e-16	1.6256000000000004
16	11	10	10	0.039600000000000003	5.1680003080128202e-07	1.0000005168000308	1	2	0	1	0.51680003080128201	0	0.51680000000000015
17	12	10	10	0.039600000000000003	5.5640003316144225e-07	1.0000005564000332	1	2	0	1	0.55640003316144215	0	0.55640000000000012
18	13	10	10	0.039600000000000003	5.9600003552160216e-07	1.0000005960000355	1	2	0	1	0.59600003552160219	0	0.59600000000000009
19	38	100	100	0.039600000000000003	1.665200102576326e-06	1.0000016652001025	1	2	0	1	1.6652001025763266	0	1.6652000000000002
20	14	10	10	0.039600000000000003	6.356000378817626e-07	1.0000006356000379	1	2	0	1	0.63560003788176245	0	0.63560000000000016
21	15	10	10	0.039600000000000003	6.752000402419224e-07	1.0000006752000403	1	2	0	1	0.67520004024192248	0	0.67520000000000002
23	16	10	10	0.039600000000000003	7.1480004260208157e-07	1.0000007148000427	1	2	0	1	0.71480004260208263	0	0.7148000000000001
24	27	20	20	0.039600000000000003	1.2296000732841641e-06	1.0000012296000733	1	2	0	1	1.2296000732841641	0	1.2295999999999996
25	3	2	2	0.039600000000000003	2.000000119200006e-07	1.0000002000000119	1	2	0	1	0.20000001192000072	0	0.20000000000000001
26	39	100	100	0.039600000000000003	1.7048001050156888e-06	1.0000017048001051	1	2	0	1	1.7048001050156871	0	1.7048000000000005
27	4	5	5	0.039600000000000003	2.3960001428016065e-07	1.0000002396000143	1	2	0	1	0.23960001428016087	0	0.23960000000000001
28	40	100	100	0.039600000000000003	1.7444001074550475e-06	1.0000017444001075	1	2	0	1	1.744400107455047	0	1.7444000000000004
29	41	100	100	0.039600000000000003	1.7840001098944095e-06	1.0000017840001099	1	2	0	1	1.7840001098944074	0	1.7840000000000007
30	17	10	10	0.039600000000000003	7.5440004496224254e-07	1.0000007544000449	1	2	0	1	0.75440004496224278	0	0.75439999999999996
31	42	100	100	0.039600000000000003	1.8236001123337651e-06	1.0000018236001122	1	2	0	1	1.8236001123337675	0	1.8236000000000006
32	1	1	1	0.039600000000000003	1.2080000719968042e-07	1.0000001208000071	1	2	0	1	0.12080000719968043	0	0.12079999999999999
33	5	5	5	0.039600000000000003	2.7920001664032114e-07	1.0000002792000167	1	2	0	1	0.27920001664032096	0	0.2792
34	18	10	10	0.039600000000000003	7.9400004732240329e-07	1.0000007940000473	1	2	0	1	0.79400004732240281	0	0.79400000000000004
36	19	10	10	0.039600000000000003	8.3360004968256246e-07	1.0000008336000497	1	2	0	1	0.83360004968256285	0	0.8335999999999999
37	28	20	20	0.039600000000000003	1.269200076310458e-06	1.0000012692000764	1	2	0	1	1.2692000756443262	1.1102230246251565e-16	1.2691999999999997
38	20	10	10	0.039600000000000003	8.7320005204272406e-07	1.000000873200052	1	2	0	1	0.87320005204272311	0	0.87319999999999998
39	29	20	20	0.039600000000000003	1.3088000786706167e-06	1.0000013088000788	1	2	0	1	1.3088000780044864	1.1102230246251565e-16	1.3087999999999997
40	43	100	100	0.039600000000000003	1.8632001147731259e-06	1.0000018632001149	1	2	0	1	1.8632001147731279	0	1.8632000000000009
41	30	20	20	0.041599999999999998	1.3484000830614438e-06	1.0000013484000831	1	2	0	1	1.3484000830614449	0	1.3483999999999998
43	31	20	20	0.039600000000000003	1.3880000855008058e-06	1.0000013880000855	1	2	0	1	1.3880000855008054	0	1.3879999999999999
44	46	1000	1000	0.039600000000000003	1.9424001204293219e-06	1.0000019424001205	1	2	0	1	1.9424001196522773	1.1102230246251565e-16	1.9424000000000012
45	21	10	10	0.039600000000000003	9.1280005440288408e-07	1.0000009128000544	1	2	0	1	0.91280005440288314	0	0.91279999999999983
46	34	50	50	0.039600000000000003	1.5068000928188865e-06	1.0000015068000929	1	2	0	1	1.5068000928188858	0	1.5068000000000001
47	32	20	20	0.039600000000000003	1.427600087940165e-06	1.0000014276000879	1	2	0	1	1.4276000879401654	0	1.4276
48	33	20	20	0.039600000000000003	1.4672000903795267e-06	1.0000014672000903	1	2	0	1	1.4672000903795257	0	1.4672000000000001
49	44	100	100	0.039600000000000003	1.9028001172124885e-06	1.0000019028001172	1	2	0	1	1.902800117212488	0	1.9028000000000009

[frame_retry_distribution]
frame_id	retry_count	probability
0	0	0.99999968120005089
0	1	3.1879987936610279e-07
0	2	6.9817169420073188e-14
0	3	1.3156112834849957e-20
0	4	2.2979477640940791e-27
0	5	3.8451589915230027e-34
1	0	0.99999805760188643
1	1	1.9423961074343011e-06
1	2	2.0061062584147214e-12
1	3	1.7826506704863101e-18
1	4	1.1254604764595586e-24
1	5	5.8848077737556585e-31
1	6	2.0020614681081937e-37
1	7	1.1102230246251565e-16
2	0	0.99999904760045366
2	1	9.5239903617168773e-07
2	2	5.1029533275179284e-13
2	3	2.4353244880147887e-19
2	4	8.7103677776011348e-26
2	5	2.6752607906891805e-32
3	0	0.99999845360119566
3	1	1.5463975133907972e-06
3	2	1.2909325646571904e-12
3	3	7.7243923602137188e-19
3	4	3.7128324512278859e-25
3	5	1.5238897462260881e-31
4	0	0.99999991880000338
4	1	8.1199988567040908e-08
4	2	8.1362383694976496e-15
4	3	9.1485309547149399e-22
4	4	1.1044980683036896e-28
4	5	1.3990974672351706e-35
5	0	0.99999900800049213
5	1	9.9199887824703393e-07
5	2	6.2972085037985468e-13
5	3	2.7807934093394044e-19
5	4	1.0014205798906439e-25
5	5	3.1359661815300678e-32
6	0	0.99999964160006427
6	1	3.583998501888314e-07
6	2	8.5585879124174351e-14
6	3	1.7238065449042127e-20
6	4	3.1742632674636543e-27
6	5	5.5444797743965633e-34
7	0	0.99999960200007931
7	1	3.9799981787524212e-07
7	2	1.0292274676834171e-13
7	3	2.2068970523947491e-20
7	4	4.2742711258743244e-27
7	5	7.7828476223036369e-34
8	0	0.99999896840053215
8	1	1.0315987926160664e-06
8	2	6.7528452939951914e-13
8	3	3.0701031130058173e-19
8	4	1.1356616009107586e-25
8	5	3.64495608058857e-32
9	0	0.9999995624000958
9	1	4.3759978242533469e-07
9	2	1.2182777216627774e-13
9	3	2.7710927068312754e-20
9	4	5.632560508121164e-27
9	5	1.0677330278310609e-33
10	0	0.99999884960066177
10	1	1.1503986080168429e-06
10	2	7.3027299284482125e-13
10	3	3.387487572441866e-19
10	4	1.2839737698618364e-25
10	5	4.2191127551941856e-32
11	0	0.99999841400125766
11	1	1.5859973869085512e-06
11	2	1.3553932833598207e-12
11	3	8.2887719339630091e-19
11	4	4.0658560146899657e-25
11	5	1.7007524172166625e-31
11	6	1.1102230246251565e-16
12	0	0.99999983960001293
12	1	1.6039996471200407e-07
12	2	2.2423913730272827e-14
12	3	3.0758464660060318e-21
12	4	4.2389510153513236e-28
12	5	5.9020297401530198e-35
13	0	0.99999952280011395
13	1	4.7719974383910883e-07
13	2	1.4230095513168524e-13
13	3	3.4226034081047674e-20
13	4	7.2861797015460825e-27
13	5	1.436064533451611e-33
14	0	0.999998810000708
14	1	1.1899985129769286e-06
14	2	7.7897298016790727e-13
14	3	3.7159949028760228e-19
14	4	1.445055821456518e-25
14	5	4.8615735970798724e-32
14	6	1.1102230246251565e-16
15	0	0.99999837440132122
15	1	1.6255972572899951e-06
15	2	1.4214221542147676e-12
15	3	8.8799544052093843e-19
15	4	4.4434384535874513e-25
15	5	1.8936435777533617e-31
15	6	1.1102230246251565e-16
16	0	0.99999948320013354
16	1	5.1679970211656597e-07
16	2	1.6434229547826706e-13
16	3	4.1676390551226183e-20
16	4	9.2746361115511379e-27
16	5	1.8982134042260171e-33
17	0	0.9999994436001548
17	1	5.5639965725770586e-07
17	2	1.8795179301972609e-13
17	3	5.0124095458084903e-20
17	4	1.1639896261111316e-26
17	5	2.4708735122101945e-33
18	0	0.99999940400017762
18	1	5.9599960926252807e-07
18	2	2.1312944756976477e-13
18	3	5.9631247771024665e-20
18	4	1.442638579028798e-26
18	5	3.1725958573566153e-33
19	0	0.99999833480138645
19	1	1.6651971245351223e-06
19	2	1.489019177035724e-12
19	3	9.4985607609796907e-19
19	4	4.8466917100062759e-25
19	5	2.1036273680675006e-31
20	0	0.9999993644002021
20	1	6.3559955813103386e-07
20	2	2.3987525894208659e-13
20	3	7.0259946449609729e-20
20	4	1.7680989455741812e-26
20	5	4.023885948465839e-33
21	0	0.99999932480022802
21	1	6.751995038632223e-07
21	2	2.6818922695039363e-13
21	3	8.2072290443567214e-20
21	4	2.1453051130245582e-26
21	5	5.047301184114793e-33
23	0	0.99999928520025549
23	1	7.1479944645909336e-07
23	2	2.9807135140838943e-13
23	3	9.5130378692789118e-20
23	4	2.5794373802198107e-26
23	5	6.2675482335621441e-33
24	0	0.99999877040075602
24	1	1.2295984148007015e-06
24	2	8.2924112151882165e-13
24	3	4.0650325290974808e-19
24	4	1.6208026645212719e-25
24	5	5.5798254816881814e-32
25	0	0.99999980000001998
25	1	1.9999994808000664e-07
25	2	3.191998981113763e-14
25	3	4.782979521540349e-21
25	4	7.0215048471049405e-28
25	5	1.025099317051922e-34
26	0	0.99999829520145322
26	1	1.7047969886439418e-06
26	2	1.5581843516364076e-12
26	3	1.0145211988202688e-18
26	4	5.2767523170662935e-25
26	5	2.3318139629791006e-31
27	0	0.99999976040002869
27	1	2.3959992831169055e-07
27	2	4.2984224577257443e-14
27	3	6.9906689044368517e-21
27	4	1.0903327429541568e-27
27	5	1.6677940308973636e-34
28	0	0.99999825560152156
28	1	1.7443968496164457e-06
28	2	1.6289176778305076e-12
28	3	1.0820529073708517e-18
28	4	5.734781398916094e-25
28	5	2.5793605456998187e-31
29	0	0.99999821600159133
29	1	1.7839967074526411e-06
29	2	1.7012191554317389e-12
29	3	1.1525133004229176e-18
29	4	6.2219646707283459e-25
29	5	2.8474714700119576e-31
29	6	1.2775635182738493e-37
30	0	0.99999924560028464
30	1	7.5439938591864982e-07
30	2	3.2952163212977724e-13
30	3	1.094963101273292e-19
30	4	3.075921957513617e-26
30	5	7.711580417630225e-33
31	0	0.99999817640166277
31	1	1.8235965621525187e-06
31	2	1.7750887842537941e-12
31	3	1.225964476639808e-18
31	4	6.7395113711561186e-25
31	5	4.2049409865472183e-31
31	6	1.4343586766140171e-37
32	0	0.99999987920000732
32	1	1.2079997820768194e-07
32	2	1.4495996520960393e-14
32	3	1.8071706799049136e-21
32	4	2.3327302467124744e-28
32	5	3.0967934264666627e-35
33	0	0.99999972080003896
33	1	2.7919990540705617e-07
33	2	5.5616617842335139e-14
33	3	9.7610136627880633e-21
33	4	1.6131945660044092e-27
33	5	2.582493569208251e-34
34	0	0.99999920600031522
34	1	7.9399932224188976e-07
34	2	3.6254006892825932e-13
34	3	1.252321836674062e-19
34	4	3.6404309667248718e-26
34	5	9.4086950895640422e-33
36	0	0.99999916640034747
36	1	8.3359925542881202e-07
36	2	3.9712666161753605e-13
36	3	1.4240009822340047e-19
36	4	4.2788821022014008e-26
36	5	1.4779505640810639e-32
37	0	0.99999873080080537
37	1	1.2691983134881603e-06
37	2	8.81077416711266e-13
37	3	4.4352214391280334e-19
37	4	1.8120766046163856e-25
37	5	6.3803705532943421e-32
37	6	1.1102230246251565e-16
38	0	0.99999912680038128
38	1	8.7319918547942083e-07
38	2	4.3328141001131601e-13
38	3	1.6106213993973804e-19
38	4	6.2730520017078592e-26
38	5	1.8915045282492749e-32
39	0	0.99999869120085638
39	1	1.3087982090393034e-06
39	2	9.3448186555894373e-13
39	3	4.8271826208911136e-19
39	4	2.0197645383853928e-25
39	5	7.2700719543398149e-32
39	6	1.1102230246251565e-16
40	0	0.99999813680173577
40	1	1.8631964137160904e-06
40	2	1.8505265641103864e-12
40	3	1.302468328364043e-18
40	4	9.3517681505390001e-25
40	5	4.8954659458190027e-31
40	6	1.6065837467082577e-37
41	0	0.99999865160090906
41	1	1.3483980987573391e-06
41	2	9.9215125994913341e-13
41	3	5.2828034010929419e-19
41	4	2.2789011654125859e-25
41	5	8.4585854830371996e-32
43	0	0.9999986120009634
43	1	1.3879979879566588e-06
43	2	1.0487712150957464e-12
43	3	5.7224832962045412e-19
43	4	2.5249487964663974e-25
43	5	9.569978307091351e-32
44	0	0.99999805760188643
44	1	1.9423961074343011e-06
44	2	2.0061062584147218e-12
44	3	1.7826506704863093e-18
44	4	1.1254604764595584e-24
44	5	5.8848077737556533e-31
44	6	2.002061468108192e-37
44	7	1.1102230246251565e-16
45	0	0.99999908720041664
45	1	9.1279911239371248e-07
45	2	4.7100431392329771e-13
45	3	1.8128043161807994e-19
45	4	7.2382549482928864e-26
45	5	2.236855906947618e-32
46	0	0.99999849320113521
46	1	1.506797636736734e-06
46	2	1.2280399982931721e-12
46	3	7.1861946968360981e-19
46	4	3.3832804121537509e-25
46	5	1.3620364853356297e-31
47	0	0.99999857240101908
47	1	1.4275978740196624e-06
47	2	1.1069593233261493e-12
47	3	6.1858611522027706e-19
47	4	2.7903644582019779e-25
47	5	1.0795013371763004e-31
48	0	0.99999853280107631
48	1	1.4671977569463558e-06
48	2	1.1667155844540609e-12
48	3	6.6735579566065041e-19
48	4	3.0761371374636606e-25
48	5	1.214217642081093e-31
49	0	0.99999809720181032
49	1	1.9027962621433527e-06
49	2	1.9275324948152188e-12
49	3	1.3820873542496565e-18
49	4	1.0059890630485754e-24
49	5	5.3429453984181876e-31
49	6	1.7954072148716234e-37

[frame_retry_cdf]
frame_id	retry_count	cumulative_probability
0	0	0.99999968120005089
0	1	0.99999999999993028
0	2	1
0	3	1
0	4	1
0	5	1
1	0	0.99999805760188643
1	1	0.99999999999799383
1	2	0.99999999999999989
1	3	0.99999999999999989
1	4	0.99999999999999989
1	5	0.99999999999999989
1	6	0.99999999999999989
1	7	1
2	0	0.99999904760045366
2	1	0.99999999999948985
2	2	1
2	3	1
2	4	1
2	5	1
3	0	0.99999845360119566
3	1	0.99999999999870903
3	2	1
3	3	1
3	4	1
3	5	1
4	0	0.99999991880000338
4	1	0.99999999999999201
4	2	1
4	3	1
4	4	1
4	5	1
5	0	0.99999900800049213
5	1	0.99999999999937039
5	2	1
5	3	1
5	4	1
5	5	1
6	0	0.99999964160006427
6	1	0.99999999999991451
6	2	1
6	3	1
6	4	1
6	5	1
7	0	0.99999960200007931
7	1	0.99999999999989719
7	2	1
7	3	1
7	4	1
7	5	1
8	0	0.99999896840053215
8	1	0.99999999999932476
8	2	1
8	3	1
8	4	1
8	5	1
9	0	0.9999995624000958
9	1	0.99999999999987821
9	2	1
9	3	1
9	4	1
9	5	1
10	0	0.99999884960066177
10	1	0.99999999999926981
10	2	1
10	3	1
10	4	1
10	5	1
11	0	0.99999841400125766
11	1	0.99999999999864453
11	2	0.99999999999999989
11	3	0.99999999999999989
11	4	0.99999999999999989
11	5	0.99999999999999989
11	6	1
12	0	0.99999983960001293
12	1	0.99999999999997768
12	2	1
12	3	1
12	4	1
12	5	1
13	0	0.99999952280011395
13	1	0.99999999999985778
13	2	1
13	3	1
13	4	1
13	5	1
14	0	0.999998810000708
14	1	0.99999999999922096
14	2	0.99999999999999989
14	3	0.99999999999999989
14	4	0.99999999999999989
14	5	0.99999999999999989
14	6	1
15	0	0.99999837440132122
15	1	0.99999999999857847
15	2	0.99999999999999989
15	3	0.99999999999999989
15	4	0.99999999999999989
15	5	0.99999999999999989
15	6	1
16	0	0.99999948320013354
16	1	0.99999999999983569
16	2	1
16	3	1
16	4	1
16	5	1
17	0	0.9999994436001548
17	1	0.99999999999981204
17	2	1
17	3	1
17	4	1
17	5	1
18	0	0.99999940400017762
18	1	0.99999999999978684
18	2	1
18	3	1
18	4	1
18	5	1
19	0	0.99999833480138645
19	1	0.99999999999851097
19	2	1
19	3	1
19	4	1
19	5	1
20	0	0.9999993644002021
20	1	0.99999999999976019
20	2	1
20	3	1
20	4	1
20	5	1
21	0	0.99999932480022802
21	1	0.99999999999973188
21	2	1
21	3	1
21	4	1
21	5	1
23	0	0.99999928520025549
23	1	0.99999999999970191
23	2	1
23	3	1
23	4	1
23	5	1
24	0	0.99999877040075602
24	1	0.99999999999917077
24	2	1
24	3	1
24	4	1
24	5	1
25	0	0.99999980000001998
25	1	0.99999999999996803
25	2	1
25	3	1
25	4	1
25	5	1
26	0	0.99999829520145322
26	1	0.99999999999844191
26	2	1
26	3	1
26	4	1
26	5	1
27	0	0.99999976040002869
27	1	0.99999999999995703
27	2	1
27	3	1
27	4	1
27	5	1
28	0	0.99999825560152156
28	1	0.99999999999837119
28	2	1
28	3	1
28	4	1
28	5	1
29	0	0.99999821600159133
29	1	0.99999999999829881
29	2	1
29	3	1
29	4	1
29	5	1
29	6	1
30	0	0.99999924560028464
30	1	0.9999999999996706
30	2	1
30	3	1
30	4	1
30	5	1
31	0	0.99999817640166277
31	1	0.99999999999822498
31	2	1
31	3	1
31	4	1
31	5	1
31	6	1
32	0	0.99999987920000732
32	1	0.99999999999998557
32	2	1
32	3	1
32	4	1
32	5	1
33	0	0.99999972080003896
33	1	0.99999999999994438
33	2	1
33	3	1
33	4	1
33	5	1
34	0	0.99999920600031522
34	1	0.99999999999963751
34	2	1
34	3	1
34	4	1
34	5	1
36	0	0.99999916640034747
36	1	0.99999999999960287
36	2	1
36	3	1
36	4	1
36	5	1
37	0	0.99999873080080537
37	1	0.99999999999911882
37	2	0.99999999999999989
37	3	0.99999999999999989
37	4	0.99999999999999989
37	5	0.99999999999999989
37	6	1
38	0	0.99999912680038128
38	1	0.99999999999956679
38	2	1
38	3	1
38	4	1
38	5	1
39	0	0.99999869120085638
39	1	0.99999999999906541
39	2	0.99999999999999989
39	3	0.99999999999999989
39	4	0.99999999999999989
39	5	0.99999999999999989
39	6	1
40	0	0.99999813680173577
40	1	0.99999999999814948
40	2	1
40	3	1
40	4	1
40	5	1
40	6	1
41	0	0.99999865160090906
41	1	0.99999999999900779
41	2	1
41	3	1
41	4	1
41	5	1
43	0	0.9999986120009634
43	1	0.99999999999895139
43	2	1
43	3	1
43	4	1
43	5	1
44	0	0.99999805760188643
44	1	0.99999999999799383
44	2	0.99999999999999989
44	3	0.99999999999999989
44	4	0.99999999999999989
44	5	0.99999999999999989
44	6	0.99999999999999989
44	7	1
45	0	0.99999908720041664
45	1	0.99999999999952904
45	2	1
45	3	1
45	4	1
45	5	1
46	0	0.99999849320113521
46	1	0.99999999999877198
46	2	1
46	3	1
46	4	1
46	5	1
47	0	0.99999857240101908
47	1	0.99999999999889311
47	2	1
47	3	1
47	4	1
47	5	1
48	0	0.99999853280107631
48	1	0.99999999999883327
48	2	1
48	3	1
48	4	1
48	5	1
49	0	0.99999809720181032
49	1	0.99999999999807243
49	2	1
49	3	1
49	4	1
49	5	1
49	6	1

[frame_wcrt_distribution]
frame_id	response_time_ms	probability
0	0.31879999999999997	0.99999968120005089
0	0.37839999999999996	3.1879987936610279e-07
0	0.43799999999999994	6.9817169420073188e-14
0	0.49759999999999999	1.3156112834849957e-20
0	0.55719999999999992	2.2979477640940791e-27
0	0.61680000000000001	3.8451589915230027e-34
1	1.942400000000001	0.99999805760188643
1	2.0040000000000009	1.9423961074343011e-06
1	2.1712000000000011	8.1151147711214807e-40
1	2.2240000000000015	2.0061062584147214e-12
1	2.2504000000000008	2.1834937931571343e-32
1	2.2856000000000014	1.7826506704863101e-18
1	2.3120000000000012	5.1079212799446345e-38
1	2.3472000000000013	1.1254604764595586e-24
1	2.4088000000000012	5.6664583863248316e-31
1	2.4704000000000015	1.4912693401137298e-37
1	1000.0616	1.1102230246251565e-16
2	0.95239999999999991	0.99999904760045366
2	1.012	9.5239903617168773e-07
2	1.1508	5.1029533275179284e-13
2	1.2104000000000001	2.4353244880147887e-19
2	1.2504	6.7564836537347689e-33
2	1.27	8.7103677776011348e-26
2	1.3296000000000001	1.9996124253157032e-32
3	1.5464000000000002	0.99999845360119566
3	1.6080000000000003	1.5463975133907972e-06
3	1.6696000000000002	1.2909325646571904e-12
3	1.7312000000000003	7.7243923602137188e-19
3	1.7752000000000006	8.1151147711214807e-40
3	1.7928000000000002	3.7128324512278859e-25
3	1.8544000000000003	1.5238897381109734e-31
4	0.081199999999999994	0.99999991880000338
4	0.14079999999999998	8.1199988567040908e-08
4	0.20039999999999999	8.1362383694976496e-15
4	0.26000000000000001	9.1485309547149399e-22
4	0.3196	1.1044980683036896e-28
4	0.37919999999999998	1.3990974672351706e-35
5	0.99199999999999977	0.99999900800049213
5	1.1308	9.9199887824703393e-07
5	1.1903999999999999	6.2972085037985468e-13
5	1.25	2.7807934093394044e-19
5	1.2899999999999998	6.5300320188778874e-33
5	1.3095999999999999	1.0014205798906439e-25
5	1.3692	2.4829629796422784e-32
6	0.3584	0.99999964160006427
6	0.41799999999999998	3.583998501888314e-07
6	0.47760000000000002	8.5585879124174351e-14
6	0.53720000000000001	1.7238065449042127e-20
6	0.5968	3.1742632674636543e-27
6	0.65639999999999998	5.5444797743965633e-34
7	0.39800000000000002	0.99999960200007931
7	0.45760000000000001	3.9799981787524212e-07
7	0.51719999999999999	1.0292274676834171e-13
7	0.57679999999999998	2.2068970523947491e-20
7	0.63640000000000008	4.2742711258743244e-27
7	0.69599999999999995	7.7828476223036369e-34
8	1.0315999999999999	0.99999896840053215
8	1.1703999999999999	1.0315987926160664e-06
8	1.2299999999999998	6.7528452939951914e-13
8	1.2895999999999999	3.0701031130058173e-19
8	1.3295999999999999	8.0052833903180064e-33
8	1.3491999999999997	1.1356616009107586e-25
8	1.4087999999999998	2.8444277415567683e-32
9	0.43760000000000004	0.9999995624000958
9	0.49720000000000003	4.3759978242533469e-07
9	0.55680000000000007	1.2182777216627774e-13
9	0.61640000000000006	2.7710927068312754e-20
9	0.67600000000000005	5.632560508121164e-27
9	0.73560000000000003	1.0677330278310609e-33
10	1.1503999999999999	0.99999884960066177
10	1.21	1.1503986080168429e-06
10	1.2695999999999998	7.3027299284482125e-13
10	1.3291999999999999	3.387487572441866e-19
10	1.3691999999999998	8.1151147711214807e-40
10	1.3887999999999998	1.2839737698618364e-25
10	1.4483999999999999	4.2191126740430385e-32
11	1.5860000000000003	0.99999841400125766
11	1.6476000000000004	1.5859973869085512e-06
11	1.7092000000000003	1.3553932833598207e-12
11	1.7708000000000004	8.2887719339630091e-19
11	1.8148000000000006	8.1151147711214807e-40
11	1.8324000000000003	4.0658560146899657e-25
11	1.8940000000000003	1.7007524091015478e-31
11	100.0616	1.1102230246251565e-16
12	0.16039999999999999	0.99999983960001293
12	0.21999999999999997	1.6039996471200407e-07
12	0.27959999999999996	2.2423913730272827e-14
12	0.3392	3.0758464660060318e-21
12	0.39879999999999999	4.2389510153513236e-28
12	0.45839999999999997	5.9020297401530198e-35
13	0.47720000000000007	0.99999952280011395
13	0.53680000000000005	4.7719974383910883e-07
13	0.59640000000000004	1.4230095513168524e-13
13	0.65600000000000014	3.4226034081047674e-20
13	0.71560000000000001	7.2861797015460825e-27
13	0.77520000000000011	1.436064533451611e-33
14	1.1899999999999997	0.999998810000708
14	1.2495999999999998	1.1899985129769286e-06
14	1.3091999999999997	7.7897298016790727e-13
14	1.3687999999999998	3.7159949028760228e-19
14	1.4087999999999998	8.1151147711214807e-40
14	1.4283999999999997	1.445055821456518e-25
14	1.4879999999999998	4.8615735159287253e-32
14	20.0596	1.1102230246251565e-16
15	1.6256000000000004	0.99999837440132122
15	1.6872000000000005	1.6255972572899951e-06
15	1.7488000000000004	1.4214221542147676e-12
15	1.8104000000000005	8.8799544052093843e-19
15	1.8544000000000007	8.1151147711214807e-40
15	1.8720000000000003	4.4434384535874513e-25
15	1.9336000000000004	1.8936435696382467e-31
15	100.0616	1.1102230246251565e-16
16	0.51680000000000015	0.99999948320013354
16	0.57640000000000013	5.1679970211656597e-07
16	0.63600000000000012	1.6434229547826706e-13
16	0.69560000000000022	4.1676390551226183e-20
16	0.75520000000000009	9.2746361115511379e-27
16	0.81480000000000019	1.8982134042260171e-33
17	0.55640000000000012	0.9999994436001548
17	0.6160000000000001	5.5639965725770586e-07
17	0.67560000000000009	1.8795179301972609e-13
17	0.73520000000000008	5.0124095458084903e-20
17	0.79480000000000017	1.1639896261111316e-26
17	0.85440000000000005	2.4708735122101945e-33
18	0.59600000000000009	0.99999940400017762
18	0.65560000000000007	5.9599960926252807e-07
18	0.71520000000000006	2.1312944756976477e-13
18	0.77480000000000016	5.9631247771024665e-20
18	0.83440000000000003	1.442638579028798e-26
18	0.89400000000000013	3.1725958573566153e-33
19	1.6652000000000002	0.99999833480138645
19	1.7268000000000003	1.6651971245351223e-06
19	1.7884000000000002	1.489019177035724e-12
19	1.8500000000000003	9.4985607609796907e-19
19	1.8940000000000006	8.1151147711214807e-40
19	1.9116000000000002	4.8466917100062759e-25
19	1.9732000000000003	2.1036273599523854e-31
20	0.63560000000000016	0.9999993644002021
20	0.69520000000000015	6.3559955813103386e-07
20	0.75480000000000014	2.3987525894208659e-13
20	0.81440000000000023	7.0259946449609729e-20
20	0.87400000000000011	1.7680989455741812e-26
20	0.93360000000000021	4.023885948465839e-33
21	0.67520000000000002	0.99999932480022802
21	0.73480000000000001	6.751995038632223e-07
21	0.7944	2.6818922695039363e-13
21	0.85400000000000009	8.2072290443567214e-20
21	0.91359999999999997	2.1453051130245582e-26
21	0.97320000000000007	5.047301184114793e-33
23	0.7148000000000001	0.99999928520025549
23	0.77440000000000009	7.1479944645909336e-07
23	0.83400000000000007	2.9807135140838943e-13
23	0.89360000000000017	9.5130378692789118e-20
23	0.95320000000000005	2.5794373802198107e-26
23	1.0128000000000001	6.2675482335621441e-33
24	1.2295999999999996	0.99999877040075602
24	1.2891999999999997	1.2295984148007015e-06
24	1.3487999999999996	8.2924112151882165e-13
24	1.4083999999999997	4.0650325290974808e-19
24	1.4483999999999999	8.1151147711214807e-40
24	1.4679999999999995	1.6208026645212719e-25
24	1.5275999999999996	5.5798254005370343e-32
25	0.20000000000000001	0.99999980000001998
25	0.2596	1.9999994808000664e-07
25	0.31920000000000004	3.191998981113763e-14
25	0.37880000000000003	4.782979521540349e-21
25	0.43840000000000001	7.0215048471049405e-28
25	0.498	1.025099317051922e-34
26	1.7048000000000005	0.99999829520145322
26	1.7664000000000006	1.7047969886439418e-06
26	1.8280000000000005	1.5581843516364076e-12
26	1.8896000000000006	1.0145211988202688e-18
26	1.9336000000000009	8.1151147711214807e-40
26	1.9512000000000005	5.2767523170662935e-25
26	2.0128000000000004	2.3318139548639859e-31
27	0.23960000000000001	0.99999976040002869
27	0.29920000000000002	2.3959992831169055e-07
27	0.35880000000000001	4.2984224577257443e-14
27	0.41839999999999999	6.9906689044368517e-21
27	0.47799999999999998	1.0903327429541568e-27
27	0.53759999999999997	1.6677940308973636e-34
28	1.7444000000000004	0.99999825560152156
28	1.8060000000000005	1.7443968496164457e-06
28	1.8676000000000004	1.6289176778305076e-12
28	1.9292000000000005	1.0820529073708517e-18
28	1.9732000000000007	8.1151147711214807e-40
28	1.9908000000000003	5.734781398916094e-25
28	2.0524000000000004	2.579360537584704e-31
29	1.7840000000000007	0.99999821600159133
29	1.8456000000000008	1.7839967074526411e-06
29	1.9072000000000007	1.7012191554317389e-12
29	1.9688000000000008	1.1525133004229176e-18
29	2.0128000000000008	8.1151147711214807e-40
29	2.0304000000000006	6.2219646707283459e-25
29	2.0920000000000005	7.373789698746338e-32
29	2.1536000000000008	4.6593959891493224e-38
29	2.2504000000000004	2.1100924920222095e-31
29	2.3120000000000007	8.1162391935891737e-38
30	0.75439999999999996	0.99999924560028464
30	0.81399999999999995	7.5439938591864982e-07
30	0.87359999999999993	3.2952163212977724e-13
30	0.93320000000000003	1.094963101273292e-19
30	0.9927999999999999	3.075921957513617e-26
30	1.0524	7.711580417630225e-33
31	1.8236000000000006	0.99999817640166277
31	1.8852000000000007	1.8235965621525187e-06
31	1.9468000000000005	1.7750887842537941e-12
31	2.0084000000000004	1.225964476639808e-18
31	2.0524000000000009	8.1151147711214807e-40
31	2.1316000000000006	4.9754838466290229e-32
31	2.1932000000000005	3.4096308843969006e-38
31	2.2284000000000006	6.7395113711561186e-25
31	2.2900000000000005	3.7073925937692011e-31
31	2.3516000000000004	1.0933955881743273e-37
32	0.12079999999999999	0.99999987920000732
32	0.1804	1.2079997820768194e-07
32	0.23999999999999999	1.4495996520960393e-14
32	0.29959999999999998	1.8071706799049136e-21
32	0.35919999999999996	2.3327302467124744e-28
32	0.41879999999999995	3.0967934264666627e-35
33	0.2792	0.99999972080003896
33	0.33879999999999999	2.7919990540705617e-07
33	0.39839999999999998	5.5616617842335139e-14
33	0.45800000000000002	9.7610136627880633e-21
33	0.51760000000000006	1.6131945660044092e-27
33	0.57719999999999994	2.582493569208251e-34
34	0.79400000000000004	0.99999920600031522
34	0.85360000000000003	7.9399932224188976e-07
34	0.91320000000000001	3.6254006892825932e-13
34	0.97280000000000011	1.252321836674062e-19
34	1.0324	3.6404309667248718e-26
34	1.0920000000000001	9.4086950895640422e-33
36	0.8335999999999999	0.99999916640034747
36	0.89319999999999988	8.3359925542881202e-07
36	0.95279999999999987	3.9712666161753605e-13
36	1.0124	1.4240009822340047e-19
36	1.1315999999999999	5.225131776974554e-33
36	1.1512	4.2788821022014008e-26
36	1.2108000000000001	9.5543738638360963e-33
37	1.2691999999999997	0.99999873080080537
37	1.3287999999999998	1.2691983134881603e-06
37	1.3883999999999996	8.81077416711266e-13
37	1.4479999999999997	4.4352214391280334e-19
37	1.488	8.1151147711214807e-40
37	1.5075999999999996	1.8120766046163856e-25
37	1.5671999999999997	6.380370472143195e-32
37	20.0596	1.1102230246251565e-16
38	0.87319999999999998	0.99999912680038128
38	0.93279999999999996	8.7319918547942083e-07
38	0.99239999999999995	4.3328141001131601e-13
38	1.1312000000000002	1.6106213993973804e-19
38	1.1712	4.6191054310617037e-33
38	1.1908000000000001	6.2730520017078592e-26
38	1.2504000000000002	1.4295939851431047e-32
39	1.3087999999999997	0.99999869120085638
39	1.3683999999999998	1.3087982090393034e-06
39	1.4279999999999997	9.3448186555894373e-13
39	1.4875999999999998	4.8271826208911136e-19
39	1.5276000000000001	8.1151147711214807e-40
39	1.5471999999999997	2.0197645383853928e-25
39	1.6067999999999998	7.2700718731886678e-32
39	20.0596	1.1102230246251565e-16
40	1.8632000000000009	0.99999813680173577
40	1.924800000000001	1.8631964137160904e-06
40	1.9864000000000008	1.8505265641103864e-12
40	2.092000000000001	8.1151147711214807e-40
40	2.1712000000000007	2.0599256874662562e-32
40	2.2064000000000008	1.302468328364043e-18
40	2.232800000000001	3.9133004855968846e-38
40	2.2680000000000007	9.3517681505390001e-25
40	2.3296000000000006	4.6894733689572626e-31
40	2.3912000000000009	1.2152536981485693e-37
41	1.3483999999999998	0.99999865160090906
41	1.4099999999999999	1.3483980987573391e-06
41	1.4715999999999998	9.9215125994913341e-13
41	1.5331999999999999	5.2828034010929419e-19
41	1.5772000000000002	1.0382104335251053e-39
41	1.5947999999999998	2.2789011654125859e-25
41	1.6563999999999999	8.4585853792161569e-32
43	1.3879999999999999	0.9999986120009634
43	1.4496	1.3879979879566588e-06
43	1.5111999999999999	1.0487712150957464e-12
43	1.5728	5.7224832962045412e-19
43	1.6168000000000002	8.1151147711214807e-40
43	1.6343999999999999	2.5249487964663974e-25
43	1.696	9.5699782259402039e-32
44	1.9424000000000012	0.99999805760188643
44	2.0040000000000013	1.9423961074343011e-06
44	2.1712000000000016	8.1151147711214807e-40
44	2.2240000000000015	2.0061062584147218e-12
44	2.2504000000000013	2.1834937931571345e-32
44	2.2856000000000014	1.7826506704863093e-18
44	2.3120000000000012	5.1079212799446345e-38
44	2.3472000000000013	1.1254604764595584e-24
44	2.4088000000000012	5.6664583863248263e-31
44	2.4704000000000015	1.4912693401137283e-37
44	1000.0616	1.1102230246251565e-16
45	0.91279999999999983	0.99999908720041664
45	0.97239999999999982	9.1279911239371248e-07
45	1.0319999999999998	4.7100431392329771e-13
45	1.1708000000000001	1.8128043161807994e-19
45	1.2107999999999999	5.7186084964003621e-33
45	1.2303999999999999	7.2382549482928864e-26
45	1.29	1.6649950573075823e-32
46	1.5068000000000001	0.99999849320113521
46	1.5684000000000002	1.506797636736734e-06
46	1.6300000000000001	1.2280399982931721e-12
46	1.6916000000000002	7.1861946968360981e-19
46	1.7356000000000005	8.1151147711214807e-40
46	1.7532000000000001	3.3832804121537509e-25
46	1.8148000000000002	1.362036477220515e-31
47	1.4276	0.99999857240101908
47	1.4892000000000001	1.4275978740196624e-06
47	1.5508	1.1069593233261493e-12
47	1.6124000000000001	6.1858611522027706e-19
47	1.6564000000000003	8.1151147711214807e-40
47	1.6739999999999999	2.7903644582019779e-25
47	1.7356	1.0795013290611856e-31
48	1.4672000000000001	0.99999853280107631
48	1.5288000000000002	1.4671977569463558e-06
48	1.5904	1.1667155844540609e-12
48	1.6520000000000001	6.6735579566065041e-19
48	1.6960000000000004	8.1151147711214807e-40
48	1.7136	3.0761371374636606e-25
48	1.7752000000000001	1.214217633965978e-31
49	1.9028000000000009	0.99999809720181032
49	1.964400000000001	1.9027962621433527e-06
49	2.0260000000000011	1.9275324948152188e-12
49	2.131600000000001	8.1151147711214807e-40
49	2.2108000000000008	2.2344217340600634e-32
49	2.2460000000000009	1.3820873542496565e-18
49	2.2724000000000011	4.4775022404169147e-38
49	2.3076000000000008	1.0059890630485754e-24
49	2.3692000000000006	5.1195032168970665e-31
49	2.430800000000001	1.347656990829932e-37

[frame_wcrt_cdf]
frame_id	response_time_ms	cumulative_probability
0	0.31879999999999997	0.99999968120005089
0	0.37839999999999996	0.99999999999993028
0	0.43799999999999994	1
0	0.49759999999999999	1
0	0.55719999999999992	1
0	0.61680000000000001	1
1	1.942400000000001	0.99999805760188643
1	2.0040000000000009	0.99999999999799383
1	2.1712000000000011	0.99999999999799383
1	2.2240000000000015	0.99999999999999989
1	2.2504000000000008	0.99999999999999989
1	2.2856000000000014	0.99999999999999989
1	2.3120000000000012	0.99999999999999989
1	2.3472000000000013	0.99999999999999989
1	2.4088000000000012	0.99999999999999989
1	2.4704000000000015	0.99999999999999989
1	1000.0616	1
2	0.95239999999999991	0.99999904760045366
2	1.012	0.99999999999948985
2	1.1508	1
2	1.2104000000000001	1
2	1.2504	1
2	1.27	1
2	1.3296000000000001	1
3	1.5464000000000002	0.99999845360119566
3	1.6080000000000003	0.99999999999870903
3	1.6696000000000002	1
3	1.7312000000000003	1
3	1.7752000000000006	1
3	1.7928000000000002	1
3	1.8544000000000003	1
4	0.081199999999999994	0.99999991880000338
4	0.14079999999999998	0.99999999999999201
4	0.20039999999999999	1
4	0.26000000000000001	1
4	0.3196	1
4	0.37919999999999998	1
5	0.99199999999999977	0.99999900800049213
5	1.1308	0.99999999999937039
5	1.1903999999999999	1
5	1.25	1
5	1.2899999999999998	1
5	1.3095999999999999	1
5	1.3692	1
6	0.3584	0.99999964160006427
6	0.41799999999999998	0.99999999999991451
6	0.47760000000000002	1
6	0.53720000000000001	1
6	0.5968	1
6	0.65639999999999998	1
7	0.39800000000000002	0.99999960200007931
7	0.45760000000000001	0.99999999999989719
7	0.51719999999999999	1
7	0.57679999999999998	1
7	0.63640000000000008	1
7	0.69599999999999995	1
8	1.0315999999999999	0.99999896840053215
8	1.1703999999999999	0.99999999999932476
8	1.2299999999999998	1
8	1.2895999999999999	1
8	1.3295999999999999	1
8	1.3491999999999997	1
8	1.4087999999999998	1
9	0.43760000000000004	0.9999995624000958
9	0.49720000000000003	0.99999999999987821
9	0.55680000000000007	1
9	0.61640000000000006	1
9	0.67600000000000005	1
9	0.73560000000000003	1
10	1.1503999999999999	0.99999884960066177
10	1.21	0.99999999999926981
10	1.2695999999999998	1
10	1.3291999999999999	1
10	1.3691999999999998	1
10	1.3887999999999998	1
10	1.4483999999999999	1
11	1.5860000000000003	0.99999841400125766
11	1.6476000000000004	0.99999999999864453
11	1.7092000000000003	0.99999999999999989
11	1.7708000000000004	0.99999999999999989
11	1.8148000000000006	0.99999999999999989
11	1.8324000000000003	0.99999999999999989
11	1.8940000000000003	0.99999999999999989
11	100.0616	1
12	0.16039999999999999	0.99999983960001293
12	0.21999999999999997	0.99999999999997768
12	0.27959999999999996	1
12	0.3392	1
12	0.39879999999999999	1
12	0.45839999999999997	1
13	0.47720000000000007	0.99999952280011395
13	0.53680000000000005	0.99999999999985778
13	0.59640000000000004	1
13	0.65600000000000014	1
13	0.71560000000000001	1
13	0.77520000000000011	1
14	1.1899999999999997	0.999998810000708
14	1.2495999999999998	0.99999999999922096
14	1.3091999999999997	0.99999999999999989
14	1.3687999999999998	0.99999999999999989
14	1.4087999999999998	0.99999999999999989
14	1.4283999999999997	0.99999999999999989
14	1.4879999999999998	0.99999999999999989
14	20.0596	1
15	1.6256000000000004	0.99999837440132122
15	1.6872000000000005	0.99999999999857847
15	1.7488000000000004	0.99999999999999989
15	1.8104000000000005	0.99999999999999989
15	1.8544000000000007	0.99999999999999989
15	1.8720000000000003	0.99999999999999989
15	1.9336000000000004	0.99999999999999989
15	100.0616	1
16	0.51680000000000015	0.99999948320013354
16	0.57640000000000013	0.99999999999983569
16	0.63600000000000012	1
16	0.69560000000000022	1
16	0.75520000000000009	1
16	0.81480000000000019	1
17	0.55640000000000012	0.9999994436001548
17	0.6160000000000001	0.99999999999981204
17	0.67560000000000009	1
17	0.73520000000000008	1
17	0.79480000000000017	1
17	0.85440000000000005	1
18	0.59600000000000009	0.99999940400017762
18	0.65560000000000007	0.99999999999978684
18	0.71520000000000006	1
18	0.77480000000000016	1
18	0.83440000000000003	1
18	0.89400000000000013	1
19	1.6652000000000002	0.99999833480138645
19	1.7268000000000003	0.99999999999851097
19	1.7884000000000002	1
19	1.8500000000000003	1
19	1.8940000000000006	1
19	1.9116000000000002	1
19	1.9732000000000003	1
20	0.63560000000000016	0.9999993644002021
20	0.69520000000000015	0.99999999999976019
20	0.75480000000000014	1
20	0.81440000000000023	1
20	0.87400000000000011	1
20	0.93360000000000021	1
21	0.67520000000000002	0.99999932480022802
21	0.73480000000000001	0.99999999999973188
21	0.7944	1
21	0.85400000000000009	1
21	0.91359999999999997	1
21	0.97320000000000007	1
23	0.7148000000000001	0.99999928520025549
23	0.77440000000000009	0.99999999999970191
23	0.83400000000000007	1
23	0.89360000000000017	1
23	0.95320000000000005	1
23	1.0128000000000001	1
24	1.2295999999999996	0.99999877040075602
24	1.2891999999999997	0.99999999999917077
24	1.3487999999999996	1
24	1.4083999999999997	1
24	1.4483999999999999	1
24	1.4679999999999995	1
24	1.5275999999999996	1
25	0.20000000000000001	0.99999980000001998
25	0.2596	0.99999999999996803
25	0.31920000000000004	1
25	0.37880000000000003	1
25	0.43840000000000001	1
25	0.498	1
26	1.7048000000000005	0.99999829520145322
26	1.7664000000000006	0.99999999999844191
26	1.8280000000000005	1
26	1.8896000000000006	1
26	1.9336000000000009	1
26	1.9512000000000005	1
26	2.0128000000000004	1
27	0.23960000000000001	0.99999976040002869
27	0.29920000000000002	0.99999999999995703
27	0.35880000000000001	1
27	0.41839999999999999	1
27	0.47799999999999998	1
27	0.53759999999999997	1
28	1.7444000000000004	0.99999825560152156
28	1.8060000000000005	0.99999999999837119
28	1.8676000000000004	1
28	1.9292000000000005	1
28	1.9732000000000007	1
28	1.9908000000000003	1
28	2.0524000000000004	1
29	1.7840000000000007	0.99999821600159133
29	1.8456000000000008	0.99999999999829881
29	1.9072000000000007	1
29	1.9688000000000008	1
29	2.0128000000000008	1
29	2.0304000000000006	1
29	2.0920000000000005	1
29	2.1536000000000008	1
29	2.2504000000000004	1
29	2.3120000000000007	1
30	0.75439999999999996	0.99999924560028464
30	0.81399999999999995	0.9999999999996706
30	0.87359999999999993	1
30	0.93320000000000003	1
30	0.9927999999999999	1
30	1.0524	1
31	1.8236000000000006	0.99999817640166277
31	1.8852000000000007	0.99999999999822498
31	1.9468000000000005	1
31	2.0084000000000004	1
31	2.0524000000000009	1
31	2.1316000000000006	1
31	2.1932000000000005	1
31	2.2284000000000006	1
31	2.2900000000000005	1
31	2.3516000000000004	1
32	0.12079999999999999	0.99999987920000732
32	0.1804	0.99999999999998557
32	0.23999999999999999	1
32	0.29959999999999998	1
32	0.35919999999999996	1
32	0.41879999999999995	1
33	0.2792	0.99999972080003896
33	0.33879999999999999	0.99999999999994438
33	0.39839999999999998	1
33	0.45800000000000002	1
33	0.51760000000000006	1
33	0.57719999999999994	1
34	0.79400000000000004	0.99999920600031522
34	0.85360000000000003	0.99999999999963751
34	0.91320000000000001	1
34	0.97280000000000011	1
34	1.0324	1
34	1.0920000000000001	1
36	0.8335999999999999	0.99999916640034747
36	0.89319999999999988	0.99999999999960287
36	0.95279999999999987	1
36	1.0124	1
36	1.1315999999999999	1
36	1.1512	1
36	1.2108000000000001	1
37	1.2691999999999997	0.99999873080080537
37	1.3287999999999998	0.99999999999911882
37	1.3883999999999996	0.99999999999999989
37	1.4479999999999997	0.99999999999999989
37	1.488	0.99999999999999989
37	1.5075999999999996	0.99999999999999989
37	1.5671999999999997	0.99999999999999989
37	20.0596	1
38	0.87319999999999998	0.99999912680038128
38	0.93279999999999996	0.99999999999956679
38	0.99239999999999995	1
38	1.1312000000000002	1
38	1.1712	1
38	1.1908000000000001	1
38	1.2504000000000002	1
39	1.3087999999999997	0.99999869120085638
39	1.3683999999999998	0.99999999999906541
39	1.4279999999999997	0.99999999999999989
39	1.4875999999999998	0.99999999999999989
39	1.5276000000000001	0.99999999999999989
39	1.5471999999999997	0.99999999999999989
39	1.6067999999999998	0.99999999999999989
39	20.0596	1
40	1.8632000000000009	0.99999813680173577
40	1.924800000000001	0.99999999999814948
40	1.9864000000000008	1
40	2.092000000000001	1
40	2.1712000000000007	1
40	2.2064000000000008	1
40	2.232800000000001	1
40	2.2680000000000007	1
40	2.3296000000000006	1
40	2.3912000000000009	1
41	1.3483999999999998	0.99999865160090906
41	1.4099999999999999	0.99999999999900779
41	1.4715999999999998	1
41	1.5331999999999999	1
41	1.5772000000000002	1
41	1.5947999999999998	1
41	1.6563999999999999	1
43	1.3879999999999999	0.9999986120009634
43	1.4496	0.99999999999895139
43	1.5111999999999999	1
43	1.5728	1
43	1.6168000000000002	1
43	1.6343999999999999	1
43	1.696	1
44	1.9424000000000012	0.99999805760188643
44	2.0040000000000013	0.99999999999799383
44	2.1712000000000016	0.99999999999799383
44	2.2240000000000015	0.99999999999999989
44	2.2504000000000013	0.99999999999999989
44	2.2856000000000014	0.99999999999999989
44	2.3120000000000012	0.99999999999999989
44	2.3472000000000013	0.99999999999999989
44	2.4088000000000012	0.99999999999999989
44	2.4704000000000015	0.99999999999999989
44	1000.0616	1
45	0.91279999999999983	0.99999908720041664
45	0.97239999999999982	0.99999999999952904
45	1.0319999999999998	1
45	1.1708000000000001	1
45	1.2107999999999999	1
45	1.2303999999999999	1
45	1.29	1
46	1.5068000000000001	0.99999849320113521
46	1.5684000000000002	0.99999999999877198
46	1.6300000000000001	1
46	1.6916000000000002	1
46	1.7356000000000005	1
46	1.7532000000000001	1
46	1.8148000000000002	1
47	1.4276	0.99999857240101908
47	1.4892000000000001	0.99999999999889311
47	1.5508	1
47	1.6124000000000001	1
47	1.6564000000000003	1
47	1.6739999999999999	1
47	1.7356	1
48	1.4672000000000001	0.99999853280107631
48	1.5288000000000002	0.99999999999883327
48	1.5904	1
48	1.6520000000000001	1
48	1.6960000000000004	1
48	1.7136	1
48	1.7752000000000001	1
49	1.9028000000000009	0.99999809720181032
49	1.964400000000001	0.99999999999807243
49	2.0260000000000011	1
49	2.131600000000001	1
49	2.2108000000000008	1
49	2.2460000000000009	1
49	2.2724000000000011	1
49	2.3076000000000008	1
49	2.3692000000000006	1
49	2.430800000000001	1

[frame_distribution_quantiles]
frame_id	retry_q50	retry_q90	retry_q95	retry_q99	wcrt_q50_ms	wcrt_q90_ms	wcrt_q95_ms	wcrt_q99_ms
0	0	0	0	0	0.31879999999999997	0.31879999999999997	0.31879999999999997	0.31879999999999997
1	0	0	0	0	1.942400000000001	1.942400000000001	1.942400000000001	1.942400000000001
2	0	0	0	0	0.95239999999999991	0.95239999999999991	0.95239999999999991	0.95239999999999991
3	0	0	0	0	1.5464000000000002	1.5464000000000002	1.5464000000000002	1.5464000000000002
4	0	0	0	0	0.081199999999999994	0.081199999999999994	0.081199999999999994	0.081199999999999994
5	0	0	0	0	0.99199999999999977	0.99199999999999977	0.99199999999999977	0.99199999999999977
6	0	0	0	0	0.3584	0.3584	0.3584	0.3584
7	0	0	0	0	0.39800000000000002	0.39800000000000002	0.39800000000000002	0.39800000000000002
8	0	0	0	0	1.0315999999999999	1.0315999999999999	1.0315999999999999	1.0315999999999999
9	0	0	0	0	0.43760000000000004	0.43760000000000004	0.43760000000000004	0.43760000000000004
10	0	0	0	0	1.1503999999999999	1.1503999999999999	1.1503999999999999	1.1503999999999999
11	0	0	0	0	1.5860000000000003	1.5860000000000003	1.5860000000000003	1.5860000000000003
12	0	0	0	0	0.16039999999999999	0.16039999999999999	0.16039999999999999	0.16039999999999999
13	0	0	0	0	0.47720000000000007	0.47720000000000007	0.47720000000000007	0.47720000000000007
14	0	0	0	0	1.1899999999999997	1.1899999999999997	1.1899999999999997	1.1899999999999997
15	0	0	0	0	1.6256000000000004	1.6256000000000004	1.6256000000000004	1.6256000000000004
16	0	0	0	0	0.51680000000000015	0.51680000000000015	0.51680000000000015	0.51680000000000015
17	0	0	0	0	0.55640000000000012	0.55640000000000012	0.55640000000000012	0.55640000000000012
18	0	0	0	0	0.59600000000000009	0.59600000000000009	0.59600000000000009	0.59600000000000009
19	0	0	0	0	1.6652000000000002	1.6652000000000002	1.6652000000000002	1.6652000000000002
20	0	0	0	0	0.63560000000000016	0.63560000000000016	0.63560000000000016	0.63560000000000016
21	0	0	0	0	0.67520000000000002	0.67520000000000002	0.67520000000000002	0.67520000000000002
23	0	0	0	0	0.7148000000000001	0.7148000000000001	0.7148000000000001	0.7148000000000001
24	0	0	0	0	1.2295999999999996	1.2295999999999996	1.2295999999999996	1.2295999999999996
25	0	0	0	0	0.20000000000000001	0.20000000000000001	0.20000000000000001	0.20000000000000001
26	0	0	0	0	1.7048000000000005	1.7048000000000005	1.7048000000000005	1.7048000000000005
27	0	0	0	0	0.23960000000000001	0.23960000000000001	0.23960000000000001	0.23960000000000001
28	0	0	0	0	1.7444000000000004	1.7444000000000004	1.7444000000000004	1.7444000000000004
29	0	0	0	0	1.7840000000000007	1.7840000000000007	1.7840000000000007	1.7840000000000007
30	0	0	0	0	0.75439999999999996	0.75439999999999996	0.75439999999999996	0.75439999999999996
31	0	0	0	0	1.8236000000000006	1.8236000000000006	1.8236000000000006	1.8236000000000006
32	0	0	0	0	0.12079999999999999	0.12079999999999999	0.12079999999999999	0.12079999999999999
33	0	0	0	0	0.2792	0.2792	0.2792	0.2792
34	0	0	0	0	0.79400000000000004	0.79400000000000004	0.79400000000000004	0.79400000000000004
36	0	0	0	0	0.8335999999999999	0.8335999999999999	0.8335999999999999	0.8335999999999999
37	0	0	0	0	1.2691999999999997	1.2691999999999997	1.2691999999999997	1.2691999999999997
38	0	0	0	0	0.87319999999999998	0.87319999999999998	0.87319999999999998	0.87319999999999998
39	0	0	0	0	1.3087999999999997	1.3087999999999997	1.3087999999999997	1.3087999999999997
40	0	0	0	0	1.8632000000000009	1.8632000000000009	1.8632000000000009	1.8632000000000009
41	0	0	0	0	1.3483999999999998	1.3483999999999998	1.3483999999999998	1.3483999999999998
43	0	0	0	0	1.3879999999999999	1.3879999999999999	1.3879999999999999	1.3879999999999999
44	0	0	0	0	1.9424000000000012	1.9424000000000012	1.9424000000000012	1.9424000000000012
45	0	0	0	0	0.91279999999999983	0.91279999999999983	0.91279999999999983	0.91279999999999983
46	0	0	0	0	1.5068000000000001	1.5068000000000001	1.5068000000000001	1.5068000000000001
47	0	0	0	0	1.4276	1.4276	1.4276	1.4276
48	0	0	0	0	1.4672000000000001	1.4672000000000001	1.4672000000000001	1.4672000000000001
49	0	0	0	0	1.9028000000000009	1.9028000000000009	1.9028000000000009	1.9028000000000009

[signal_summary]
code	frame_id	period_ms	level	type	p_timeout	expected_wcrt_ms	wcrt_p95_ms	threshold_wcrt_ms	expected_retry_count	p_threshold
23070235	48	20	0	0	0	1.4672000903795257	1.4672000000000001	1.4672000000000001	1.4672000903795267e-06	1
68779699	21	10	0	0	0	0.67520004024192248	0.67520000000000002	0.67520000000000002	6.752000402419224e-07	1
156415381	45	10	0	0	0	0.91280005440288314	0.91279999999999983	0.91279999999999983	9.1280005440288408e-07	1
158359991	31	100	2	0	0	1.8236001123337675	1.8236000000000006	1.8852000000000007	1.8236001123337651e-06	2.7777777777777777e-12
179096853	2	20	0	0	0	0.9524000567630837	0.95239999999999991	0.95239999999999991	9.524000567630838e-07	1
255194953	10	20	0	0	0	1.150400068563844	1.1503999999999999	1.1503999999999999	1.1504000685638449e-06	1
294429496	4	1	0	0	0	0.081200004839520279	0.081199999999999994	0.081199999999999994	8.1200004839520388e-08	1
320184372	24	20	0	0	0	1.2296000732841641	1.2295999999999996	1.2295999999999996	1.2296000732841641e-06	1
323372948	7	20	0	0	0	0.39800002372080145	0.39800000000000002	0.39800000000000002	3.9800002372080187e-07	1
359982619	29	100	0	0	0	1.7840001098944074	1.7840000000000007	1.7840000000000007	1.7840001098944095e-06	1
382827410	44	1000	0	0	1.1102230246251565e-16	1.9424001196522773	1.9424000000000012	1.9424000000000012	1.9424001204293219e-06	1
394784606	32	1	0	0	0	0.12080000719968043	0.12079999999999999	0.12079999999999999	1.2080000719968042e-07	1
480899503	20	10	0	0	0	0.63560003788176245	0.63560000000000016	0.63560000000000016	6.356000378817626e-07	1
655417645	34	10	1	0	0	0.79400004732240281	0.79400000000000004	0.91320000000000001	7.9400004732240329e-07	2.7777777777777779e-13
892204050	8	20	0	0	0	1.0316001431860464	1.0315999999999999	1.0315999999999999	1.0316001431860461e-06	1
911466524	18	10	2	0	0	0.59600003552160219	0.59600000000000009	0.65560000000000007	5.9600003552160216e-07	2.7777777777777779e-13
1179076076	33	5	0	0	0	0.27920001664032096	0.2792	0.2792	2.7920001664032114e-07	1
1259466458	36	10	0	0	0	0.83360004968256285	0.8335999999999999	0.8335999999999999	8.3360004968256246e-07	1
1415864290	27	5	0	0	0	0.23960001428016087	0.23960000000000001	0.23960000000000001	2.3960001428016065e-07	1
1576439521	41	20	2	0	0	1.3484000830614449	1.3483999999999998	1.4715999999999998	1.3484000830614438e-06	5.5555555555555559e-13
1662412917	23	10	1	0	0	0.71480004260208263	0.7148000000000001	0.83400000000000007	7.1480004260208157e-07	2.7777777777777779e-13
1663916971	1	1000	0	0	1.1102230246251565e-16	1.9424001196522771	1.942400000000001	1.942400000000001	1.9424001204293219e-06	1
1889008523	47	20	0	0	0	1.4276000879401654	1.4276	1.4276	1.427600087940165e-06	1
1951393091	3	100	0	0	0	1.546400095258246	1.5464000000000002	1.5464000000000002	1.5464000952582438e-06	1
2092275333	37	20	0	0	1.1102230246251565e-16	1.2692000756443262	1.2691999999999997	1.2691999999999997	1.269200076310458e-06	1
2115970151	46	50	1	0	0	1.5068000928188858	1.5068000000000001	1.5684000000000002	1.5068000928188865e-06	1.3888888888888889e-12
2223496497	16	20	0	0	0	0.51680003080128201	0.51680000000000015	0.51680000000000015	5.1680003080128202e-07	1
2259785642	38	10	0	0	0	0.87320005204272311	0.87319999999999998	0.87319999999999998	8.7320005204272406e-07	1
2281084213	16	10	2	0	0	0.51680003080128201	0.51680000000000015	0.57640000000000013	5.1680003080128202e-07	2.7777777777777779e-13
2299100439	12	2	0	0	0	0.16040000955984057	0.16039999999999999	0.16039999999999999	1.6040000955984078e-07	1
2336332861	15	100	3	0	1.1102230246251565e-16	1.6256001001369775	1.6256000000000004	1.7488000000000004	1.6256001008031013e-06	2.7777777777777779e-13
2467951772	20	20	1	0	0	0.63560003788176245	0.63560000000000016	0.69520000000000015	6.356000378817626e-07	5.5555555555555559e-13
2576275186	26	100	0	0	0	1.7048001050156871	1.7048000000000005	1.7048000000000005	1.7048001050156888e-06	1
2793312089	43	20	0	0	0	1.3880000855008054	1.3879999999999999	1.3879999999999999	1.3880000855008058e-06	1
2866857765	17	10	0	0	0	0.55640003316144215	0.55640000000000012	0.55640000000000012	5.5640003316144225e-07	1
2878688603	40	100	0	0	0	1.8632001147731279	1.8632000000000009	1.8632000000000009	1.8632001147731259e-06	1
2901040429	5	20	0	0	0	0.99200013768956907	0.99199999999999977	0.99199999999999977	9.9200013768956906e-07	1
2957230339	13	10	1	0	0	0.4772000284411218	0.47720000000000007	0.53680000000000005	4.772000284411218e-07	2.7777777777777779e-13
2996032384	19	100	0	0	0	1.6652001025763266	1.6652000000000002	1.6652000000000002	1.665200102576326e-06	1
3022309250	28	100	0	0	0	1.744400107455047	1.7444000000000004	1.7444000000000004	1.7444001074550475e-06	1
3143101330	49	100	2	0	0	1.902800117212488	1.9028000000000009	1.964400000000001	1.9028001172124885e-06	2.7777777777777777e-12
3209331532	39	20	0	0	1.1102230246251565e-16	1.3088000780044864	1.3087999999999997	1.3087999999999997	1.3088000786706167e-06	1
3261529167	7	10	0	0	0	0.39800002372080145	0.39800000000000002	0.39800000000000002	3.9800002372080187e-07	1
3271461532	14	20	0	0	1.1102230246251565e-16	1.1900000709240062	1.1899999999999997	1.1899999999999997	1.1900000715901374e-06	1
3320582597	11	100	0	0	1.1102230246251565e-16	1.5860000976976174	1.5860000000000003	1.5860000000000003	1.5860000983637385e-06	1
3434659718	30	10	3	0	0	0.75440004496224278	0.75439999999999996	0.87359999999999993	7.5440004496224254e-07	2.7777777777777781e-14
3569305569	25	2	0	0	0	0.20000001192000072	0.20000000000000001	0.20000000000000001	2.000000119200006e-07	1
3903541015	9	10	0	0	0	0.4376000260809616	0.43760000000000004	0.43760000000000004	4.3760002608096215e-07	1
3974713588	0	10	0	0	0	0.31880001900048111	0.31879999999999997	0.31879999999999997	3.188000190004811e-07	1
4167091777	6	10	0	0	0	0.35840002136064125	0.3584	0.3584	3.5840002136064138e-07	1
