# algorithm2: 按需三模冗余 + 功能路内同源通信副本。
# 正常模式带宽只统计 comm_id=0/1 的功能路；故障模式带宽统计全量功能路与事件触发控制报文。
# 事件报文集合 F_evt={f_act,f_iso,f_hang}，统一取 1 byte 负载，MIT 取对应功能簇原始信号周期。

[scheme_summary]
scheme	normal_bandwidth_utilization	fault_bandwidth_utilization	total_added_signal_copies	schedulable
on_demand_tmr	0.558401	0.579603	38	1
always_on_tmr	0.561084	0.561084	38	1

[foundation_summary]
scheme	bandwidth_utilization	max_wcrt_ms	total_added_signal_copies	schedulable
homo_only_foundation	0.558878	5.7582	34	1

[cluster_summary]
scheme	code	route_count	p_function_fault	p_threshold
on_demand_tmr	939080970	3	0	2.77778e-12
on_demand_tmr	1492082320	3	0	2.77778e-14
always_on_tmr	939080970	3	0	2.77778e-12
always_on_tmr	1492082320	3	0	2.77778e-14

[cluster_wcrt_summary]
scheme	code	period_ms	deadline_ms	normal_main_route_wcrt_ms	fault_main_route_wcrt_ms	tmr_all_route_wcrt_ms	activation_wcrt_ms	backup_route_wcrt_ms	compare_time_ms	backup_compute_time_ms	end_to_end_normal_wcrt_ms	end_to_end_fault_wcrt_ms	meets_deadline
on_demand_tmr	939080970	1000	1000	5.5566	5.9686	0	0.5736	5.8418	0.01	0	5.5666	12.404	1
on_demand_tmr	1492082320	10	10	1.7692	2.0068	0	0.4548	3.3476	0.01	0	1.7792	5.8292	1
always_on_tmr	939080970	1000	1000	0	0	5.8202	0	0	0.01	0	5.8302	5.8302	1
always_on_tmr	1492082320	10	10	0	0	1.7932	0	0	0.01	0	1.8032	1.8032	1

[route_summary]
scheme	code	comm_id	level	type	src_ecu	dst_ecu	period_ms	deadline_ms	signal_instance_count	added_signal_copies	p_comm_fault	p_threshold	max_wcrt_ms
on_demand_tmr	939080970	0	3	1	0	3	1000	1000	2	1	1.73056e-15	2.77778e-12	5.717
on_demand_tmr	939080970	1	3	2	2	3	1000	1000	2	1	1.73056e-15	2.77778e-12	5.9686
on_demand_tmr	939080970	2	3	2	1	3	1000	1000	2	1	1.73056e-15	2.77778e-12	5.8418
on_demand_tmr	1492082320	0	3	1	0	1	10	10	2	1	3.73056e-15	2.77778e-14	2.0068
on_demand_tmr	1492082320	1	3	2	4	1	10	10	2	1	2.76576e-15	2.77778e-14	0.9584
on_demand_tmr	1492082320	2	3	2	3	1	10	10	2	1	2.07936e-15	2.77778e-14	3.3476
on_demand_tmr	1636460622	0	3	0	0	4	10	10	2	1	2.36096e-15	2.77778e-14	2.789
on_demand_tmr	1766811948	0	3	0	1	2	10	10	2	1	1.98816e-15	2.77778e-14	2.9894
on_demand_tmr	1882920223	0	3	0	1	4	100	100	2	1	2.44416e-15	2.77778e-13	4.9604
on_demand_tmr	1900580849	0	3	0	0	1	1000	1000	2	1	1.56816e-15	2.77778e-12	6.463
on_demand_tmr	2417567862	0	3	0	3	0	100	100	2	1	1.73056e-15	2.77778e-13	4.9148
on_demand_tmr	2813626674	0	3	0	0	4	20	20	2	1	2.36096e-15	5.55556e-14	2.789
on_demand_tmr	3021144392	0	3	0	2	4	10	10	2	1	2.65856e-15	2.77778e-14	1.6552
on_demand_tmr	3160310743	0	3	0	3	4	10	10	2	1	2.89536e-15	2.77778e-14	2.9002
on_demand_tmr	372313646	0	2	0	2	4	10	10	2	1	2.65856e-15	2.77778e-13	1.6552
on_demand_tmr	938005009	0	2	0	2	3	20	20	2	1	2.26176e-15	5.55556e-13	3.4884
on_demand_tmr	1872553976	0	2	0	2	4	100	100	2	1	1.81376e-15	2.77778e-12	4.8036
on_demand_tmr	2111307984	0	2	0	4	1	20	20	2	1	2.76576e-15	5.55556e-13	0.9584
on_demand_tmr	2264569753	0	2	0	1	4	20	20	2	1	2.65856e-15	5.55556e-13	2.5252
on_demand_tmr	3166107327	0	2	0	4	1	20	20	2	1	2.76576e-15	5.55556e-13	0.9584
on_demand_tmr	3279821700	0	2	0	3	1	100	100	2	1	1.72656e-15	2.77778e-12	5.5922
on_demand_tmr	3914986302	0	2	0	3	0	1000	1000	2	1	1.56816e-15	2.77778e-11	6.5422
on_demand_tmr	4184155027	0	2	0	0	3	20	20	2	1	2.87296e-15	5.55556e-13	3.542
on_demand_tmr	865458323	0	1	0	1	4	10	10	2	1	2.65856e-15	2.77778e-13	2.5252
on_demand_tmr	969621544	0	1	0	2	4	10	10	2	1	2.65856e-15	2.77778e-13	1.6552
on_demand_tmr	1075523152	0	1	0	4	3	10	10	2	1	2.33696e-15	2.77778e-13	1.9372
on_demand_tmr	1556937050	0	1	0	0	1	20	20	2	1	3.31296e-15	5.55556e-13	3.5896
on_demand_tmr	1588304517	0	1	0	0	2	1	1	2	1	2.36096e-15	2.77778e-14	0.255
on_demand_tmr	1763252633	0	1	0	0	1	20	20	2	1	3.31296e-15	5.55556e-13	3.5896
on_demand_tmr	1780631429	0	1	0	1	3	100	100	2	1	1.81376e-15	2.77778e-12	4.4984
on_demand_tmr	2422842957	0	1	0	3	4	1000	1000	2	1	1.73056e-15	2.77778e-11	6.6254
on_demand_tmr	2471026393	0	1	0	0	1	20	20	2	1	3.31296e-15	5.55556e-13	3.5896
on_demand_tmr	2481221880	0	1	0	1	3	20	20	2	1	2.14656e-15	5.55556e-13	3.4428
on_demand_tmr	3056862518	0	1	0	0	3	20	20	2	1	2.87296e-15	5.55556e-13	3.542
on_demand_tmr	3079124971	0	1	0	1	4	100	100	2	1	2.44416e-15	2.77778e-12	4.9604
on_demand_tmr	3273145861	0	1	0	2	0	20	20	2	1	1.96416e-15	5.55556e-13	3.6788
on_demand_tmr	3363705472	0	1	0	0	3	20	20	2	1	2.87296e-15	5.55556e-13	3.542
on_demand_tmr	4190068345	0	1	0	2	1	10	10	2	1	2.80896e-15	2.77778e-13	1.7704
on_demand_tmr	32329530	0	0	0	4	0	10	10	1	0	6.16e-08	1	1.4238
on_demand_tmr	83430519	0	0	0	2	3	10	10	1	0	4.96e-08	1	1.4734
on_demand_tmr	85857536	0	0	0	0	2	20	20	1	0	7.86e-08	1	1.552
on_demand_tmr	114881579	0	0	0	4	1	10	10	1	0	5.36e-08	1	0.9584
on_demand_tmr	116735156	0	0	0	1	3	20	20	1	0	5.16e-08	1	3.4428
on_demand_tmr	122650962	0	0	0	2	1	10	10	1	0	6.16e-08	1	1.7704
on_demand_tmr	324653719	0	0	0	2	0	20	20	1	0	4.96e-08	1	3.6788
on_demand_tmr	343877281	0	0	0	3	2	10	10	1	0	4.16e-08	1	1.3206
on_demand_tmr	362527203	0	0	0	2	1	10	10	1	0	6.16e-08	1	1.7704
on_demand_tmr	395404940	0	0	0	0	1	1	1	1	0	4.56e-08	1	0.3006
on_demand_tmr	436559395	0	0	0	1	2	1	1	1	0	4.56e-08	1	0.4248
on_demand_tmr	436920984	0	0	0	2	0	50	50	1	0	3.96e-08	1	3.762
on_demand_tmr	444101272	0	0	0	1	0	10	10	1	0	4.36e-08	1	3.3912
on_demand_tmr	479288383	0	0	0	2	4	50	50	1	0	4.36e-08	1	3.7224
on_demand_tmr	542117681	0	0	0	0	2	100	100	1	0	5.16e-08	1	4.6372
on_demand_tmr	543424736	0	0	0	0	4	20	20	1	0	4.76e-08	1	2.7394
on_demand_tmr	556762204	0	0	0	0	4	50	50	1	0	4.56e-08	1	3.8612
on_demand_tmr	585939624	0	0	0	0	1	2	2	1	0	4.56e-08	1	0.3006
on_demand_tmr	615824992	0	0	0	3	4	100	100	1	0	3.96e-08	1	5
on_demand_tmr	660371982	0	0	0	2	1	100	100	1	0	4.36e-08	1	4.6808
on_demand_tmr	692035937	0	0	0	1	2	20	20	1	0	4.36e-08	1	2.9438
on_demand_tmr	733030440	0	0	0	2	1	10	10	1	0	4.56e-08	1	0.738
on_demand_tmr	769681793	0	0	0	1	3	100	100	1	0	4.36e-08	1	4.0416
on_demand_tmr	777377300	0	0	0	4	0	10	10	1	0	6.16e-08	1	1.4238
on_demand_tmr	784443071	0	0	0	3	2	10	10	1	0	4.16e-08	1	1.3206
on_demand_tmr	801181697	0	0	0	1	2	1000	1000	1	0	3.96e-08	1	6.665
on_demand_tmr	857044822	0	0	0	1	3	20	20	1	0	5.16e-08	1	3.4428
on_demand_tmr	861215929	0	0	0	2	4	10	10	1	0	5.36e-08	1	1.6552
on_demand_tmr	870152094	0	0	0	2	4	10	10	1	0	5.36e-08	1	1.6552
on_demand_tmr	896227041	0	0	0	2	3	100	100	1	0	4.76e-08	1	4.5856
on_demand_tmr	1034433489	0	0	0	0	3	20	20	1	0	5.36e-08	1	3.542
on_demand_tmr	1162321222	0	0	0	0	4	20	20	1	0	4.96e-08	1	2.789
on_demand_tmr	1163852926	0	0	0	0	2	20	20	1	0	7.86e-08	1	1.552
on_demand_tmr	1185640211	0	0	0	0	3	20	20	1	0	5.36e-08	1	3.542
on_demand_tmr	1245911012	0	0	0	2	1	20	20	1	0	6.16e-08	1	1.7704
on_demand_tmr	1306510031	0	0	0	4	3	20	20	1	0	5.36e-08	1	1.8936
on_demand_tmr	1370273612	0	0	0	2	3	100	100	1	0	4.76e-08	1	4.5856
on_demand_tmr	1420592221	0	0	0	0	2	10	10	1	0	7.86e-08	1	1.552
on_demand_tmr	1489179606	0	0	0	2	1	20	20	1	0	6.16e-08	1	1.7704
on_demand_tmr	1521961868	0	0	0	1	4	10	10	1	0	1.666e-07	1	2.6918
on_demand_tmr	1558334472	0	0	0	3	4	10	10	1	0	6.96e-08	1	2.9002
on_demand_tmr	1576413719	0	0	0	3	1	100	100	1	0	4.36e-08	1	5.5922
on_demand_tmr	1586355825	0	0	0	0	2	2	2	1	0	1.026e-07	1	0.5274
on_demand_tmr	1607207455	0	0	0	0	2	20	20	1	0	7.86e-08	1	1.552
on_demand_tmr	1690627154	0	0	0	0	2	100	100	1	0	5.16e-08	1	4.6372
on_demand_tmr	1711328524	0	0	0	3	4	20	20	1	0	6.96e-08	1	2.9002
on_demand_tmr	1786980651	0	0	0	0	2	2	2	1	0	4.76e-08	1	0.255
on_demand_tmr	1857256782	0	0	0	0	1	100	100	1	0	6.96e-08	1	4.8732
on_demand_tmr	1874827613	0	0	0	2	1	100	100	1	0	4.36e-08	1	4.6808
on_demand_tmr	1892025854	0	0	0	0	2	20	20	1	0	7.86e-08	1	1.552
on_demand_tmr	1943112382	0	0	0	3	0	20	20	1	0	6.96e-08	1	1.84
on_demand_tmr	1956382612	0	0	0	2	0	20	20	1	0	4.96e-08	1	3.6788
on_demand_tmr	1986516006	0	0	0	3	4	10	10	1	0	6.96e-08	1	2.9002
on_demand_tmr	2035733646	0	0	0	3	4	10	10	1	0	6.96e-08	1	2.9002
on_demand_tmr	2059674102	0	0	0	2	3	10	10	1	0	4.96e-08	1	1.4734
on_demand_tmr	2167318315	0	0	0	1	3	20	20	1	0	5.16e-08	1	3.4428
on_demand_tmr	2217690427	0	0	0	1	0	20	20	1	0	4.36e-08	1	3.3912
on_demand_tmr	2237476797	0	0	0	1	2	1	1	1	0	4.56e-08	1	0.4248
on_demand_tmr	2274617615	0	0	0	2	0	5	5	1	0	6.16e-08	1	0.8532
on_demand_tmr	2285362546	0	0	0	0	1	10	10	1	0	6.96e-08	1	2.0068
on_demand_tmr	2295408493	0	0	0	2	1	20	20	1	0	6.16e-08	1	1.7704
on_demand_tmr	2364461499	0	0	0	1	0	100	100	1	0	4.16e-08	1	5.6338
on_demand_tmr	2382351887	0	0	0	2	4	1000	1000	1	0	4.56e-08	1	5.8874
on_demand_tmr	2449662289	0	0	0	1	2	100	100	1	0	4.16e-08	1	5.509
on_demand_tmr	2455066468	0	0	0	0	3	100	100	1	0	4.36e-08	1	3.9544
on_demand_tmr	2467430410	0	0	0	2	0	1	1	1	0	7.86e-08	1	0.3792
on_demand_tmr	2547307965	0	0	0	0	1	10	10	1	0	6.96e-08	1	2.0068
on_demand_tmr	2555918152	0	0	0	4	0	10	10	1	0	6.16e-08	1	1.4238
on_demand_tmr	2562726000	0	0	0	2	0	10	10	1	0	6.16e-08	1	0.8532
on_demand_tmr	2586914656	0	0	0	4	3	10	10	1	0	5.36e-08	1	1.8936
on_demand_tmr	2619486741	0	0	0	0	2	100	100	1	0	5.16e-08	1	4.6372
on_demand_tmr	2641863669	0	0	0	0	3	20	20	1	0	5.36e-08	1	3.542
on_demand_tmr	2643301474	0	0	0	4	0	10	10	1	0	6.16e-08	1	1.4238
on_demand_tmr	2725532500	0	0	0	1	4	50	50	1	0	5.36e-08	1	3.8156
on_demand_tmr	2732460673	0	0	0	1	3	10	10	1	0	4.16e-08	1	1.3622
on_demand_tmr	2736962250	0	0	0	2	0	20	20	1	0	4.96e-08	1	3.6788
on_demand_tmr	2747294000	0	0	0	4	3	20	20	1	0	5.36e-08	1	1.8936
on_demand_tmr	2747403880	0	0	0	4	3	100	100	1	0	3.96e-08	1	4.762
on_demand_tmr	2788783556	0	0	0	3	2	100	100	1	0	4.36e-08	1	3.998
on_demand_tmr	2896210668	0	0	0	4	3	10	10	1	0	5.36e-08	1	1.8936
on_demand_tmr	2900631453	0	0	0	4	2	10	10	1	0	5.36e-08	1	1.7088
on_demand_tmr	2976642226	0	0	0	1	4	1000	1000	1	0	3.96e-08	1	6.5026
on_demand_tmr	2996044761	0	0	0	0	3	100	100	1	0	4.36e-08	1	3.9544
on_demand_tmr	3020392094	0	0	0	4	3	20	20	1	0	4.36e-08	1	1.9372
on_demand_tmr	3052459332	0	0	0	4	1	100	100	1	0	4.96e-08	1	3.9108
on_demand_tmr	3063743657	0	0	0	0	1	5	5	1	0	5.36e-08	1	0.7916
on_demand_tmr	3139712431	0	0	0	4	2	10	10	1	0	5.36e-08	1	1.7088
on_demand_tmr	3167322999	0	0	0	3	0	10	10	1	0	6.96e-08	1	1.84
on_demand_tmr	3234149931	0	0	0	3	0	20	20	1	0	6.96e-08	1	1.84
on_demand_tmr	3256941391	0	0	0	2	3	100	100	1	0	4.76e-08	1	4.5856
on_demand_tmr	3258338098	0	0	0	4	2	20	20	1	0	5.36e-08	1	1.7088
on_demand_tmr	3290962780	0	0	0	4	0	10	10	1	0	6.16e-08	1	1.4238
on_demand_tmr	3324114475	0	0	0	2	0	5	5	1	0	6.16e-08	1	0.8532
on_demand_tmr	3385042172	0	0	0	4	1	100	100	1	0	4.96e-08	1	3.9108
on_demand_tmr	3385777693	0	0	0	2	3	20	20	1	0	4.56e-08	1	3.4884
on_demand_tmr	3408723278	0	0	0	0	1	10	10	1	0	5.36e-08	1	0.7916
on_demand_tmr	3471723031	0	0	0	3	4	20	20	1	0	6.96e-08	1	2.9002
on_demand_tmr	3475978964	0	0	0	0	2	100	100	1	0	5.16e-08	1	4.6372
on_demand_tmr	3493646023	0	0	0	1	4	20	20	1	0	5.36e-08	1	2.4756
on_demand_tmr	3505106331	0	0	0	2	3	10	10	1	0	4.96e-08	1	1.4734
on_demand_tmr	3507212182	0	0	0	4	0	20	20	1	0	6.16e-08	1	1.4238
on_demand_tmr	3521500659	0	0	0	2	1	2	2	1	0	4.56e-08	1	0.573
on_demand_tmr	3535436180	0	0	0	4	0	100	100	1	0	3.96e-08	1	4.538
on_demand_tmr	3540340430	0	0	0	3	2	100	100	1	0	4.36e-08	1	3.998
on_demand_tmr	3562636620	0	0	0	0	2	5	5	1	0	3.96e-08	1	0.6924
on_demand_tmr	3661504883	0	0	0	3	0	10	10	1	0	6.96e-08	1	1.84
on_demand_tmr	3689505910	0	0	0	3	4	10	10	1	0	6.96e-08	1	2.9002
on_demand_tmr	3731589944	0	0	0	1	2	20	20	1	0	4.56e-08	1	2.9894
on_demand_tmr	3788563403	0	0	0	0	3	10	10	1	0	5.36e-08	1	1.012
on_demand_tmr	3896252629	0	0	0	2	0	1	1	1	0	7.86e-08	1	0.3792
on_demand_tmr	3940829691	0	0	0	0	4	100	100	1	0	4.56e-08	1	3.8612
on_demand_tmr	3949181935	0	0	0	3	0	10	10	1	0	6.96e-08	1	1.84
on_demand_tmr	3995522116	0	0	0	2	1	5	5	1	0	4.56e-08	1	0.738
on_demand_tmr	4082090646	0	0	0	0	2	2	2	1	0	4.96e-08	1	0.2074
on_demand_tmr	4288488364	0	0	0	0	2	10	10	1	0	7.86e-08	1	1.552
on_demand_tmr	4292910152	0	0	0	2	4	20	20	1	0	4.96e-08	1	1.6016
always_on_tmr	939080970	0	3	1	0	3	1000	1000	2	1	1.73056e-15	2.77778e-12	4.9744
always_on_tmr	939080970	1	3	2	4	3	1000	1000	2	1	1.73056e-15	2.77778e-12	5.6994
always_on_tmr	939080970	2	3	2	1	3	1000	1000	2	1	1.73056e-15	2.77778e-12	5.8202
always_on_tmr	1492082320	0	3	1	0	1	10	10	2	1	3.73056e-15	2.77778e-14	1.7932
always_on_tmr	1492082320	1	3	2	4	1	10	10	2	1	2.76576e-15	2.77778e-14	0.7288
always_on_tmr	1492082320	2	3	2	2	1	10	10	2	1	3.73056e-15	2.77778e-14	1.5568
always_on_tmr	1636460622	0	3	0	0	4	10	10	2	1	2.35296e-15	2.77778e-14	2.5754
always_on_tmr	1766811948	0	3	0	1	2	10	10	2	1	1.98816e-15	2.77778e-14	2.7738
always_on_tmr	1882920223	0	3	0	1	4	100	100	2	1	2.44416e-15	2.77778e-13	4.6892
always_on_tmr	1900580849	0	3	0	0	1	1000	1000	2	1	1.56816e-15	2.77778e-12	5.739
always_on_tmr	2417567862	0	3	0	3	0	100	100	2	1	1.73056e-15	2.77778e-13	4.6
always_on_tmr	2813626674	0	3	0	0	4	20	20	2	1	2.35296e-15	5.55556e-14	2.5754
always_on_tmr	3021144392	0	3	0	2	4	10	10	2	1	2.65856e-15	2.77778e-14	1.372
always_on_tmr	3160310743	0	3	0	3	4	10	10	2	1	2.93216e-15	2.77778e-14	2.6846
always_on_tmr	372313646	0	2	0	2	4	10	10	2	1	2.65856e-15	2.77778e-13	1.372
always_on_tmr	938005009	0	2	0	2	3	20	20	2	1	2.26176e-15	5.55556e-13	2.9602
always_on_tmr	1872553976	0	2	0	2	4	100	100	2	1	1.81376e-15	2.77778e-12	4.0184
always_on_tmr	2111307984	0	2	0	4	1	20	20	2	1	2.76576e-15	5.55556e-13	0.7288
always_on_tmr	2264569753	0	2	0	1	4	20	20	2	1	2.65856e-15	5.55556e-13	1.8964
always_on_tmr	3166107327	0	2	0	4	1	20	20	2	1	2.76576e-15	5.55556e-13	0.7288
always_on_tmr	3279821700	0	2	0	3	1	100	100	2	1	1.72656e-15	2.77778e-12	4.7684
always_on_tmr	3914986302	0	2	0	3	0	1000	1000	2	1	1.56816e-15	2.77778e-11	5.6162
always_on_tmr	4184155027	0	2	0	0	3	20	20	2	1	2.80896e-15	5.55556e-13	2.863
always_on_tmr	865458323	0	1	0	1	4	10	10	2	1	2.65856e-15	2.77778e-13	1.8964
always_on_tmr	969621544	0	1	0	2	4	10	10	2	1	2.65856e-15	2.77778e-13	1.372
always_on_tmr	1075523152	0	1	0	4	3	10	10	2	1	2.36096e-15	2.77778e-13	1.7236
always_on_tmr	1556937050	0	1	0	0	1	20	20	2	1	3.31296e-15	5.55556e-13	3.0078
always_on_tmr	1588304517	0	1	0	0	2	1	1	2	1	2.35296e-15	2.77778e-14	0.1602
always_on_tmr	1763252633	0	1	0	0	1	20	20	2	1	3.31296e-15	5.55556e-13	3.0078
always_on_tmr	1780631429	0	1	0	1	3	100	100	2	1	1.81376e-15	2.77778e-12	3.7944
always_on_tmr	2422842957	0	1	0	3	4	1000	1000	2	1	1.73056e-15	2.77778e-11	5.9034
always_on_tmr	2471026393	0	1	0	0	1	20	20	2	1	3.31296e-15	5.55556e-13	3.0078
always_on_tmr	2481221880	0	1	0	1	3	20	20	2	1	2.14656e-15	5.55556e-13	2.9146
always_on_tmr	3056862518	0	1	0	0	3	20	20	2	1	2.80896e-15	5.55556e-13	2.863
always_on_tmr	3079124971	0	1	0	1	4	100	100	2	1	2.44416e-15	2.77778e-12	4.6892
always_on_tmr	3273145861	0	1	0	2	0	20	20	2	1	1.96416e-15	5.55556e-13	3.364
always_on_tmr	3363705472	0	1	0	0	3	20	20	2	1	2.80896e-15	5.55556e-13	2.863
always_on_tmr	4190068345	0	1	0	2	1	10	10	2	1	3.73056e-15	2.77778e-13	1.5568
always_on_tmr	32329530	0	0	0	4	0	10	10	1	0	6.16e-08	1	1.4336
always_on_tmr	83430519	0	0	0	2	3	10	10	1	0	4.96e-08	1	0.9232
always_on_tmr	85857536	0	0	0	0	2	20	20	1	0	7.86e-08	1	1.0018
always_on_tmr	114881579	0	0	0	4	1	10	10	1	0	5.36e-08	1	0.7288
always_on_tmr	116735156	0	0	0	1	3	20	20	1	0	5.16e-08	1	2.9146
always_on_tmr	122650962	0	0	0	2	1	10	10	1	0	5.36e-08	1	0.5084
always_on_tmr	324653719	0	0	0	2	0	20	20	1	0	4.96e-08	1	3.3244
always_on_tmr	343877281	0	0	0	3	2	10	10	1	0	4.16e-08	1	0.832
always_on_tmr	362527203	0	0	0	2	1	10	10	1	0	6.96e-08	1	1.5568
always_on_tmr	395404940	0	0	0	0	1	1	1	1	0	4.56e-08	1	0.2058
always_on_tmr	436559395	0	0	0	1	2	1	1	1	0	4.56e-08	1	0.33
always_on_tmr	436920984	0	0	0	2	0	50	50	1	0	3.96e-08	1	3.4036
always_on_tmr	444101272	0	0	0	1	0	10	10	1	0	4.36e-08	1	2.8174
always_on_tmr	479288383	0	0	0	2	4	50	50	1	0	4.36e-08	1	3.5008
always_on_tmr	542117681	0	0	0	0	2	100	100	1	0	5.16e-08	1	3.9768
always_on_tmr	543424736	0	0	0	0	4	20	20	1	0	5.16e-08	1	2.5754
always_on_tmr	556762204	0	0	0	0	4	50	50	1	0	4.56e-08	1	3.5464
always_on_tmr	585939624	0	0	0	0	1	2	2	1	0	4.56e-08	1	0.2058
always_on_tmr	615824992	0	0	0	3	4	100	100	1	0	3.96e-08	1	4.7288
always_on_tmr	660371982	0	0	0	2	1	100	100	1	0	4.36e-08	1	4.4772
always_on_tmr	692035937	0	0	0	1	2	20	20	1	0	4.36e-08	1	2.7282
always_on_tmr	733030440	0	0	0	2	1	10	10	1	0	6.96e-08	1	1.5568
always_on_tmr	769681793	0	0	0	1	3	100	100	1	0	4.36e-08	1	3.7944
always_on_tmr	777377300	0	0	0	4	0	10	10	1	0	6.16e-08	1	1.4336
always_on_tmr	784443071	0	0	0	3	2	10	10	1	0	4.16e-08	1	0.832
always_on_tmr	801181697	0	0	0	1	2	1000	1000	1	0	3.96e-08	1	5.943
always_on_tmr	857044822	0	0	0	1	3	20	20	1	0	5.16e-08	1	2.9146
always_on_tmr	861215929	0	0	0	2	4	10	10	1	0	5.36e-08	1	1.3224
always_on_tmr	870152094	0	0	0	2	4	10	10	1	0	4.96e-08	1	1.372
always_on_tmr	896227041	0	0	0	2	3	100	100	1	0	4.76e-08	1	3.9252
always_on_tmr	1034433489	0	0	0	0	3	20	20	1	0	6.16e-08	1	0.7904
always_on_tmr	1162321222	0	0	0	0	4	20	20	1	0	5.16e-08	1	2.5754
always_on_tmr	1163852926	0	0	0	0	2	20	20	1	0	7.86e-08	1	1.0018
always_on_tmr	1185640211	0	0	0	0	3	20	20	1	0	6.16e-08	1	0.7904
always_on_tmr	1245911012	0	0	0	2	1	20	20	1	0	6.96e-08	1	1.5568
always_on_tmr	1306510031	0	0	0	4	3	20	20	1	0	4.96e-08	1	1.676
always_on_tmr	1370273612	0	0	0	2	3	100	100	1	0	4.76e-08	1	3.9252
always_on_tmr	1420592221	0	0	0	0	2	10	10	1	0	7.86e-08	1	1.0018
always_on_tmr	1489179606	0	0	0	2	1	20	20	1	0	6.96e-08	1	1.5568
always_on_tmr	1521961868	0	0	0	1	4	10	10	1	0	1.666e-07	1	2.063
always_on_tmr	1558334472	0	0	0	3	4	10	10	1	0	6.16e-08	1	2.6846
always_on_tmr	1576413719	0	0	0	3	1	100	100	1	0	4.36e-08	1	3.8776
always_on_tmr	1586355825	0	0	0	0	2	2	2	1	0	1.026e-07	1	0.4326
always_on_tmr	1607207455	0	0	0	0	2	20	20	1	0	7.86e-08	1	1.0018
always_on_tmr	1690627154	0	0	0	0	2	100	100	1	0	5.16e-08	1	3.9768
always_on_tmr	1711328524	0	0	0	3	4	20	20	1	0	6.16e-08	1	2.6846
always_on_tmr	1786980651	0	0	0	0	2	2	2	1	0	5.16e-08	1	0.1602
always_on_tmr	1857256782	0	0	0	0	1	100	100	1	0	6.96e-08	1	3.616
always_on_tmr	1874827613	0	0	0	2	1	100	100	1	0	4.36e-08	1	4.4772
always_on_tmr	1892025854	0	0	0	0	2	20	20	1	0	7.86e-08	1	1.0018
always_on_tmr	1943112382	0	0	0	3	0	20	20	1	0	6.96e-08	1	1.6264
always_on_tmr	1956382612	0	0	0	2	0	20	20	1	0	4.96e-08	1	3.3244
always_on_tmr	1986516006	0	0	0	3	4	10	10	1	0	4.76e-08	1	2.623
always_on_tmr	2035733646	0	0	0	3	4	10	10	1	0	6.16e-08	1	2.6846
always_on_tmr	2059674102	0	0	0	2	3	10	10	1	0	4.96e-08	1	0.9232
always_on_tmr	2167318315	0	0	0	1	3	20	20	1	0	5.16e-08	1	2.9146
always_on_tmr	2217690427	0	0	0	1	0	20	20	1	0	4.36e-08	1	2.8174
always_on_tmr	2237476797	0	0	0	1	2	1	1	1	0	4.56e-08	1	0.33
always_on_tmr	2274617615	0	0	0	2	0	5	5	1	0	6.16e-08	1	0.6236
always_on_tmr	2285362546	0	0	0	0	1	10	10	1	0	6.96e-08	1	1.7932
always_on_tmr	2295408493	0	0	0	2	1	20	20	1	0	6.96e-08	1	1.5568
always_on_tmr	2364461499	0	0	0	1	0	100	100	1	0	4.16e-08	1	4.8516
always_on_tmr	2382351887	0	0	0	2	4	1000	1000	1	0	4.56e-08	1	5.537
always_on_tmr	2449662289	0	0	0	1	2	100	100	1	0	4.16e-08	1	4.81
always_on_tmr	2455066468	0	0	0	0	3	100	100	1	0	4.36e-08	1	3.7092
always_on_tmr	2467430410	0	0	0	2	0	1	1	1	0	7.86e-08	1	0.2844
always_on_tmr	2547307965	0	0	0	0	1	10	10	1	0	6.96e-08	1	1.7932
always_on_tmr	2555918152	0	0	0	4	0	10	10	1	0	6.16e-08	1	1.4336
always_on_tmr	2562726000	0	0	0	2	0	10	10	1	0	6.16e-08	1	0.6236
always_on_tmr	2586914656	0	0	0	4	3	10	10	1	0	4.96e-08	1	1.676
always_on_tmr	2619486741	0	0	0	0	2	100	100	1	0	5.16e-08	1	3.9768
always_on_tmr	2641863669	0	0	0	0	3	20	20	1	0	6.16e-08	1	0.7904
always_on_tmr	2643301474	0	0	0	4	0	10	10	1	0	6.16e-08	1	1.4336
always_on_tmr	2725532500	0	0	0	1	4	50	50	1	0	5.36e-08	1	3.4572
always_on_tmr	2732460673	0	0	0	1	3	10	10	1	0	4.16e-08	1	0.8736
always_on_tmr	2736962250	0	0	0	2	0	20	20	1	0	4.96e-08	1	3.3244
always_on_tmr	2747294000	0	0	0	4	3	20	20	1	0	4.76e-08	1	1.7236
always_on_tmr	2747403880	0	0	0	4	3	100	100	1	0	3.96e-08	1	4.5584
always_on_tmr	2788783556	0	0	0	3	2	100	100	1	0	4.36e-08	1	4.6436
always_on_tmr	2896210668	0	0	0	4	3	10	10	1	0	4.76e-08	1	1.7236
always_on_tmr	2900631453	0	0	0	4	2	10	10	1	0	5.36e-08	1	1.4872
always_on_tmr	2976642226	0	0	0	1	4	1000	1000	1	0	3.96e-08	1	5.7786
always_on_tmr	2996044761	0	0	0	0	3	100	100	1	0	4.36e-08	1	3.7092
always_on_tmr	3020392094	0	0	0	4	3	20	20	1	0	4.96e-08	1	1.676
always_on_tmr	3052459332	0	0	0	4	1	100	100	1	0	4.96e-08	1	3.6656
always_on_tmr	3063743657	0	0	0	0	1	5	5	1	0	5.36e-08	1	0.562
always_on_tmr	3139712431	0	0	0	4	2	10	10	1	0	5.36e-08	1	1.4872
always_on_tmr	3167322999	0	0	0	3	0	10	10	1	0	6.96e-08	1	1.6264
always_on_tmr	3234149931	0	0	0	3	0	20	20	1	0	6.96e-08	1	1.6264
always_on_tmr	3256941391	0	0	0	2	3	100	100	1	0	4.76e-08	1	3.9252
always_on_tmr	3258338098	0	0	0	4	2	20	20	1	0	5.36e-08	1	1.4872
always_on_tmr	3290962780	0	0	0	4	0	10	10	1	0	6.16e-08	1	1.4336
always_on_tmr	3324114475	0	0	0	2	0	5	5	1	0	6.16e-08	1	0.6236
always_on_tmr	3385042172	0	0	0	4	1	100	100	1	0	4.96e-08	1	3.6656
always_on_tmr	3385777693	0	0	0	2	3	20	20	1	0	4.56e-08	1	2.9602
always_on_tmr	3408723278	0	0	0	0	1	10	10	1	0	5.36e-08	1	0.562
always_on_tmr	3471723031	0	0	0	3	4	20	20	1	0	4.76e-08	1	2.623
always_on_tmr	3475978964	0	0	0	0	2	100	100	1	0	5.16e-08	1	3.9768
always_on_tmr	3493646023	0	0	0	1	4	20	20	1	0	5.36e-08	1	1.8964
always_on_tmr	3505106331	0	0	0	2	3	10	10	1	0	4.96e-08	1	0.9232
always_on_tmr	3507212182	0	0	0	4	0	20	20	1	0	6.16e-08	1	1.4336
always_on_tmr	3521500659	0	0	0	2	1	2	2	1	0	4.56e-08	1	0.4782
always_on_tmr	3535436180	0	0	0	4	0	100	100	1	0	3.96e-08	1	3.834
always_on_tmr	3540340430	0	0	0	3	2	100	100	1	0	4.36e-08	1	4.6436
always_on_tmr	3562636620	0	0	0	0	2	5	5	1	0	3.96e-08	1	0.4548
always_on_tmr	3661504883	0	0	0	3	0	10	10	1	0	6.96e-08	1	1.6264
always_on_tmr	3689505910	0	0	0	3	4	10	10	1	0	6.16e-08	1	2.6846
always_on_tmr	3731589944	0	0	0	1	2	20	20	1	0	4.56e-08	1	2.7738
always_on_tmr	3788563403	0	0	0	0	3	10	10	1	0	6.16e-08	1	0.7904
always_on_tmr	3896252629	0	0	0	2	0	1	1	1	0	7.86e-08	1	0.2844
always_on_tmr	3940829691	0	0	0	0	4	100	100	1	0	4.56e-08	1	3.5464
always_on_tmr	3949181935	0	0	0	3	0	10	10	1	0	6.96e-08	1	1.6264
always_on_tmr	3995522116	0	0	0	2	1	5	5	1	0	5.36e-08	1	0.5084
always_on_tmr	4082090646	0	0	0	0	2	2	2	1	0	5.16e-08	1	0.1602
always_on_tmr	4288488364	0	0	0	0	2	10	10	1	0	7.86e-08	1	1.0018
always_on_tmr	4292910152	0	0	0	2	4	20	20	1	0	5.36e-08	1	1.3224
