# algorithm2: 按需三模冗余 + 功能路内同源通信副本。
# 正常模式带宽只统计 comm_id=0/1 的功能路；故障模式带宽统计全量功能路与事件触发控制报文。
# 事件报文集合 F_evt={f_act,f_iso,f_hang}，统一取 1 byte 负载，MIT 取对应功能簇原始信号周期。

[scheme_summary]
scheme	normal_bandwidth_utilization	fault_bandwidth_utilization	total_added_signal_copies	schedulable
on_demand_tmr	0.463776	0.520856	38	1
always_on_tmr	0.493536	0.493536	38	1

[foundation_summary]
scheme	bandwidth_utilization	max_wcrt_ms	total_added_signal_copies	schedulable
homo_only_foundation	0.429212	4.7516	34	1

[cluster_summary]
scheme	code	route_count	p_function_fault	p_threshold
on_demand_tmr	860279088	3	0	2.77778e-14
on_demand_tmr	882943349	3	0	2.77778e-14
always_on_tmr	860279088	3	0	2.77778e-14
always_on_tmr	882943349	3	0	2.77778e-14

[cluster_wcrt_summary]
scheme	code	period_ms	deadline_ms	normal_main_route_wcrt_ms	fault_main_route_wcrt_ms	tmr_all_route_wcrt_ms	activation_wcrt_ms	backup_route_wcrt_ms	compare_time_ms	backup_compute_time_ms	end_to_end_normal_wcrt_ms	end_to_end_fault_wcrt_ms	meets_deadline
on_demand_tmr	860279088	10	10	2.763	3.0006	0	0.23	3.5242	0.01	0	2.773	6.7748	1
on_demand_tmr	882943349	10	10	1.7214	1.959	0	0.3488	2.5802	0.01	0	1.7314	4.908	1
always_on_tmr	860279088	10	10	0	0	3.0446	0	0	0.01	0	3.0546	3.0546	1
always_on_tmr	882943349	10	10	0	0	2.6282	0	0	0.01	0	2.6382	2.6382	1

[route_summary]
scheme	code	comm_id	level	type	src_ecu	dst_ecu	period_ms	deadline_ms	signal_instance_count	added_signal_copies	p_comm_fault	p_threshold	max_wcrt_ms
on_demand_tmr	860279088	0	3	1	0	4	10	10	2	1	2.77556e-14	2.77778e-14	1.0568
on_demand_tmr	860279088	1	3	2	2	4	10	10	2	1	2.77556e-14	2.77778e-14	3.0006
on_demand_tmr	860279088	2	3	2	3	4	10	10	2	1	2.77556e-14	2.77778e-14	3.5242
on_demand_tmr	882943349	0	3	1	2	3	10	10	2	1	3.17856e-15	2.77778e-14	1.959
on_demand_tmr	882943349	1	3	2	4	3	10	10	2	1	1.88496e-15	2.77778e-14	1.6394
on_demand_tmr	882943349	2	3	2	1	3	10	10	2	1	3.05536e-15	2.77778e-14	2.5802
on_demand_tmr	1222540896	0	3	0	3	2	100	100	2	1	1.98816e-15	2.77778e-13	4.9138
on_demand_tmr	1606638432	0	3	0	2	3	20	20	2	1	3.17856e-15	5.55556e-14	1.959
on_demand_tmr	2421357341	0	3	0	4	2	10	10	2	1	1.98016e-15	2.77778e-14	3.657
on_demand_tmr	2683054691	0	3	0	1	2	100	100	2	1	1.90096e-15	2.77778e-13	4.3726
on_demand_tmr	3416292526	0	3	0	2	4	10	10	2	1	1.73056e-15	2.77778e-14	3.191
on_demand_tmr	3662093426	0	3	0	1	0	20	20	2	1	3.05536e-15	5.55556e-14	3.7482
on_demand_tmr	3809665440	0	3	0	2	0	20	20	2	1	1.89696e-15	5.55556e-14	3.7938
on_demand_tmr	4148488424	0	3	0	1	3	100	100	2	1	3.58416e-15	2.77778e-13	5.038
on_demand_tmr	315714281	0	2	0	1	0	20	20	2	1	3.05536e-15	5.55556e-13	3.7482
on_demand_tmr	575225672	0	2	0	1	2	10	10	2	1	2.07536e-15	2.77778e-13	3.6154
on_demand_tmr	627490595	0	2	0	1	2	50	50	2	1	1.90096e-15	1.38889e-12	4.3726
on_demand_tmr	1524162620	0	2	0	0	3	20	20	2	1	2.33696e-15	5.55556e-13	2.3082
on_demand_tmr	1626734235	0	2	0	0	2	20	20	2	1	1.96416e-15	5.55556e-13	3.8334
on_demand_tmr	2839374062	0	2	0	1	4	20	20	2	1	2.80896e-15	5.55556e-13	2.6674
on_demand_tmr	3171804710	0	2	0	2	1	10	10	2	1	4.84176e-15	2.77778e-13	1.3318
on_demand_tmr	3883866425	0	2	0	3	1	1000	1000	2	1	2.07936e-15	2.77778e-11	6.0098
on_demand_tmr	3902403104	0	2	0	2	4	50	50	2	1	2.07936e-15	1.38889e-12	4.2854
on_demand_tmr	258457630	0	1	0	1	3	20	20	2	1	3.05536e-15	5.55556e-13	2.5802
on_demand_tmr	320138570	0	1	0	1	3	10	10	2	1	3.05536e-15	2.77778e-13	2.5802
on_demand_tmr	856612588	0	1	0	4	1	10	10	2	1	3.17856e-15	2.77778e-13	2.4214
on_demand_tmr	892033900	0	1	0	3	0	20	20	2	1	1.81376e-15	5.55556e-13	3.877
on_demand_tmr	931769856	0	1	0	0	3	10	10	2	1	2.33696e-15	2.77778e-13	2.3082
on_demand_tmr	1093572250	0	1	0	4	1	20	20	2	1	3.17856e-15	5.55556e-13	2.4214
on_demand_tmr	1277232326	0	1	0	2	0	5	5	2	1	1.90096e-15	1.38889e-13	0.6184
on_demand_tmr	1277705233	0	1	0	3	2	100	100	2	1	1.98816e-15	2.77778e-12	4.9138
on_demand_tmr	1825371027	0	1	0	3	1	10	10	2	1	2.93216e-15	2.77778e-13	1.5522
on_demand_tmr	1827616242	0	1	0	1	3	20	20	2	1	3.05536e-15	5.55556e-13	2.5802
on_demand_tmr	1918841433	0	1	0	0	4	1000	1000	2	1	1.73056e-15	2.77778e-11	5.6486
on_demand_tmr	2747263855	0	1	0	0	2	1000	1000	2	1	4.84416e-15	2.77778e-11	5.9186
on_demand_tmr	3006535103	0	1	0	1	2	20	20	2	1	2.07536e-15	5.55556e-13	3.6154
on_demand_tmr	4098460929	0	1	0	4	0	10	10	2	1	2.89536e-15	2.77778e-13	1.8458
on_demand_tmr	4148030315	0	1	0	0	3	20	20	2	1	2.33696e-15	5.55556e-13	2.3082
on_demand_tmr	227076282	0	0	0	0	2	5	5	1	0	5.36e-08	1	0.672
on_demand_tmr	257267243	0	0	0	4	1	20	20	1	0	6.16e-08	1	2.3698
on_demand_tmr	268353226	0	0	0	3	2	20	20	1	0	4.76e-08	1	2.469
on_demand_tmr	270211274	0	0	0	2	1	5	5	1	0	6.16e-08	1	0.4896
on_demand_tmr	275806403	0	0	0	2	0	10	10	1	0	4.36e-08	1	0.5748
on_demand_tmr	347485891	0	0	0	3	2	20	20	1	0	4.76e-08	1	2.469
on_demand_tmr	431212624	0	0	0	4	0	10	10	1	0	6.96e-08	1	1.8042
on_demand_tmr	485891795	0	0	0	1	3	20	20	1	0	6.16e-08	1	2.5802
on_demand_tmr	519638623	0	0	0	3	1	10	10	1	0	4.76e-08	1	1.5522
on_demand_tmr	522151950	0	0	0	4	0	10	10	1	0	6.96e-08	1	1.8042
on_demand_tmr	599532690	0	0	0	4	0	100	100	1	0	4.16e-08	1	4.6898
on_demand_tmr	638910999	0	0	0	3	4	100	100	1	0	1.346e-07	1	5.5654
on_demand_tmr	641167535	0	0	0	0	1	10	10	1	0	5.36e-08	1	1.7346
on_demand_tmr	641837155	0	0	0	3	1	10	10	1	0	6.16e-08	1	1.5046
on_demand_tmr	669254970	0	0	0	0	2	10	10	1	0	4.96e-08	1	1.443
on_demand_tmr	683070431	0	0	0	4	2	50	50	1	0	4.16e-08	1	3.9642
on_demand_tmr	725175221	0	0	0	4	2	20	20	1	0	4.76e-08	1	1.2532
on_demand_tmr	846304519	0	0	0	2	4	100	100	1	0	4.56e-08	1	4.2854
on_demand_tmr	902165878	0	0	0	2	1	1	1	1	0	5.36e-08	1	0.1104
on_demand_tmr	926709846	0	0	0	0	3	20	20	1	0	5.36e-08	1	2.3082
on_demand_tmr	927229290	0	0	0	1	0	5	5	1	0	4.16e-08	1	0.5312
on_demand_tmr	952593899	0	0	0	2	1	10	10	1	0	7.86e-08	1	1.3318
on_demand_tmr	978665846	0	0	0	0	3	100	100	1	0	4.16e-08	1	4.8246
on_demand_tmr	1029803083	0	0	0	1	0	100	100	1	0	4.16e-08	1	4.545
on_demand_tmr	1054533297	0	0	0	1	0	20	20	1	0	6.16e-08	1	2.0206
on_demand_tmr	1082238752	0	0	0	2	3	20	20	1	0	5.16e-08	1	1.959
on_demand_tmr	1115558909	0	0	0	1	2	10	10	1	0	4.76e-08	1	3.6154
on_demand_tmr	1135471294	0	0	0	2	1	20	20	1	0	7.86e-08	1	1.3318
on_demand_tmr	1181772614	0	0	0	4	0	10	10	1	0	6.96e-08	1	1.8042
on_demand_tmr	1196745689	0	0	0	0	1	100	100	1	0	6.16e-08	1	4.6482
on_demand_tmr	1201035759	0	0	0	1	4	1000	1000	1	0	4.56e-08	1	5.6942
on_demand_tmr	1213175917	0	0	0	2	0	10	10	1	0	4.36e-08	1	0.6184
on_demand_tmr	1220167221	0	0	0	4	1	10	10	1	0	5.16e-08	1	2.4214
on_demand_tmr	1227857912	0	0	0	2	1	100	100	1	0	4.56e-08	1	4.5034
on_demand_tmr	1237794944	0	0	0	2	3	20	20	1	0	6.16e-08	1	1.9074
on_demand_tmr	1264561622	0	0	0	3	4	20	20	1	0	4.56e-08	1	3.9226
on_demand_tmr	1303878952	0	0	0	0	2	20	20	1	0	4.96e-08	1	1.443
on_demand_tmr	1320424703	0	0	0	2	3	100	100	1	0	4.96e-08	1	4.7394
on_demand_tmr	1379960706	0	0	0	3	1	20	20	1	0	4.76e-08	1	1.5522
on_demand_tmr	1401452508	0	0	0	0	4	10	10	1	0	5.16e-08	1	0.8902
on_demand_tmr	1541721047	0	0	0	4	1	20	20	1	0	6.16e-08	1	2.3698
on_demand_tmr	1605421994	0	0	0	1	0	20	20	1	0	4.96e-08	1	3.7482
on_demand_tmr	1620411485	0	0	0	3	1	20	20	1	0	6.16e-08	1	1.5046
on_demand_tmr	1645293489	0	0	0	4	1	100	100	1	0	4.36e-08	1	4.8682
on_demand_tmr	1662973682	0	0	0	0	1	100	100	1	0	6.16e-08	1	4.6482
on_demand_tmr	1681309758	0	0	0	4	0	20	20	1	0	6.96e-08	1	1.8042
on_demand_tmr	1682565294	0	0	0	0	2	2	2	1	0	4.56e-08	1	0.2056
on_demand_tmr	1692181705	0	0	0	3	1	20	20	1	0	6.16e-08	1	1.5046
on_demand_tmr	1707582109	0	0	0	2	4	100	100	1	0	4.56e-08	1	4.2398
on_demand_tmr	1723978130	0	0	0	0	2	1	1	1	0	4.56e-08	1	0.2056
on_demand_tmr	1725437399	0	0	0	3	0	10	10	1	0	4.16e-08	1	2.6218
on_demand_tmr	1725607386	0	0	0	0	3	20	20	1	0	5.36e-08	1	2.3082
on_demand_tmr	1806457004	0	0	0	2	1	10	10	1	0	6.16e-08	1	0.4896
on_demand_tmr	1834507522	0	0	0	1	3	100	100	1	0	7.86e-08	1	4.9924
on_demand_tmr	1987208212	0	0	0	0	2	100	100	1	0	4.36e-08	1	4.783
on_demand_tmr	2006694590	0	0	0	0	4	100	100	1	0	4.16e-08	1	4.4142
on_demand_tmr	2052406743	0	0	0	3	2	20	20	1	0	4.76e-08	1	2.469
on_demand_tmr	2116494489	0	0	0	1	0	10	10	1	0	6.16e-08	1	2.0206
on_demand_tmr	2168205532	0	0	0	1	4	10	10	1	0	6.16e-08	1	1.3934
on_demand_tmr	2170130696	0	0	0	0	1	20	20	1	0	5.36e-08	1	1.7346
on_demand_tmr	2254994459	0	0	0	0	1	1	1	1	0	4.96e-08	1	0.16
on_demand_tmr	2269022366	0	0	0	2	0	20	20	1	0	4.56e-08	1	3.7938
on_demand_tmr	2317543407	0	0	0	1	0	20	20	1	0	4.96e-08	1	3.7482
on_demand_tmr	2365606486	0	0	0	0	1	100	100	1	0	6.16e-08	1	4.6482
on_demand_tmr	2405070956	0	0	0	1	3	100	100	1	0	4.56e-08	1	5.038
on_demand_tmr	2451518043	0	0	0	4	3	10	10	1	0	4.76e-08	1	1.5998
on_demand_tmr	2493734828	0	0	0	1	0	10	10	1	0	6.16e-08	1	2.0206
on_demand_tmr	2521634872	0	0	0	2	1	1	1	1	0	5.36e-08	1	0.1104
on_demand_tmr	2572321800	0	0	0	1	4	10	10	1	0	4.56e-08	1	2.6674
on_demand_tmr	2637621116	0	0	0	4	0	10	10	1	0	6.96e-08	1	1.8042
on_demand_tmr	2686963590	0	0	0	3	4	20	20	1	0	4.56e-08	1	3.9226
on_demand_tmr	2722685229	0	0	0	0	3	1000	1000	1	0	4.56e-08	1	5.9642
on_demand_tmr	2739388862	0	0	0	0	4	10	10	1	0	5.16e-08	1	0.8902
on_demand_tmr	2820606656	0	0	0	3	2	10	10	1	0	4.76e-08	1	2.469
on_demand_tmr	2841609489	0	0	0	3	1	20	20	1	0	6.16e-08	1	1.5046
on_demand_tmr	2851921495	0	0	0	2	1	10	10	1	0	7.86e-08	1	1.3318
on_demand_tmr	3086447589	0	0	0	3	1	100	100	1	0	4.16e-08	1	4.5866
on_demand_tmr	3120906573	0	0	0	0	1	100	100	1	0	6.16e-08	1	4.6482
on_demand_tmr	3219229834	0	0	0	0	2	1	1	1	0	4.56e-08	1	0.2056
on_demand_tmr	3242028025	0	0	0	1	4	50	50	1	0	3.96e-08	1	4.0038
on_demand_tmr	3264814799	0	0	0	0	2	5	5	1	0	5.36e-08	1	0.672
on_demand_tmr	3357179158	0	0	0	1	0	10	10	1	0	6.16e-08	1	2.0206
on_demand_tmr	3404264291	0	0	0	2	1	20	20	1	0	7.86e-08	1	1.3318
on_demand_tmr	3422901766	0	0	0	2	0	2	2	1	0	4.16e-08	1	0.211
on_demand_tmr	3429197815	0	0	0	2	1	20	20	1	0	7.86e-08	1	1.3318
on_demand_tmr	3432431923	0	0	0	3	1	10	10	1	0	6.16e-08	1	1.5046
on_demand_tmr	3514472270	0	0	0	4	1	100	100	1	0	4.36e-08	1	4.8682
on_demand_tmr	3525984045	0	0	0	1	4	10	10	1	0	6.16e-08	1	1.3934
on_demand_tmr	3569888054	0	0	0	0	1	100	100	1	0	6.16e-08	1	4.6482
on_demand_tmr	3578691109	0	0	0	0	1	10	10	1	0	5.36e-08	1	1.7346
on_demand_tmr	3621264186	0	0	0	1	3	10	10	1	0	6.16e-08	1	2.5802
on_demand_tmr	3645095123	0	0	0	1	0	100	100	1	0	4.16e-08	1	4.545
on_demand_tmr	3697955697	0	0	0	2	3	100	100	1	0	4.96e-08	1	4.7394
on_demand_tmr	3737585690	0	0	0	0	1	2	2	1	0	4.96e-08	1	0.16
on_demand_tmr	3791356166	0	0	0	4	1	20	20	1	0	6.16e-08	1	2.3698
on_demand_tmr	3800142691	0	0	0	0	3	100	100	1	0	4.16e-08	1	4.8246
on_demand_tmr	3840987326	0	0	0	1	4	10	10	1	0	6.16e-08	1	1.3934
on_demand_tmr	3846140284	0	0	0	1	4	1000	1000	1	0	4.56e-08	1	5.6942
on_demand_tmr	3850257849	0	0	0	3	0	20	20	1	0	4.36e-08	1	3.877
on_demand_tmr	3857935931	0	0	0	1	4	20	20	1	0	6.16e-08	1	1.3934
on_demand_tmr	3864210185	0	0	0	4	2	10	10	1	0	4.76e-08	1	1.2532
on_demand_tmr	3915338890	0	0	0	3	1	20	20	1	0	6.16e-08	1	1.5046
on_demand_tmr	3930612495	0	0	0	3	1	10	10	1	0	4.76e-08	1	1.5522
on_demand_tmr	3955261501	0	0	0	2	1	20	20	1	0	7.86e-08	1	1.3318
on_demand_tmr	3963294458	0	0	0	0	1	1000	1000	1	0	3.96e-08	1	5.7794
on_demand_tmr	3987814118	0	0	0	0	2	100	100	1	0	4.36e-08	1	4.783
on_demand_tmr	3992435362	0	0	0	2	1	2	2	1	0	5.36e-08	1	0.1104
on_demand_tmr	3996464877	0	0	0	2	0	2	2	1	0	4.16e-08	1	0.211
on_demand_tmr	4013524733	0	0	0	0	4	10	10	1	0	5.16e-08	1	0.8902
on_demand_tmr	4032998975	0	0	0	3	2	100	100	1	0	4.56e-08	1	4.9138
on_demand_tmr	4034823921	0	0	0	2	1	1	1	1	0	5.36e-08	1	0.1104
on_demand_tmr	4041502284	0	0	0	3	4	100	100	1	0	1.346e-07	1	5.5654
on_demand_tmr	4115891096	0	0	0	4	3	20	20	1	0	4.76e-08	1	1.5998
on_demand_tmr	4133064337	0	0	0	0	4	10	10	1	0	5.16e-08	1	0.8902
on_demand_tmr	4183526275	0	0	0	2	3	10	10	1	0	6.16e-08	1	1.9074
on_demand_tmr	4195898308	0	0	0	0	2	10	10	1	0	4.96e-08	1	1.443
always_on_tmr	860279088	0	3	1	0	4	10	10	2	1	2.77556e-14	2.77778e-14	0.8312
always_on_tmr	860279088	1	3	2	1	4	10	10	2	1	2.77556e-14	2.77778e-14	1.5306
always_on_tmr	860279088	2	3	2	2	4	10	10	2	1	2.77556e-14	2.77778e-14	3.0446
always_on_tmr	882943349	0	3	1	2	3	10	10	2	1	3.17856e-15	2.77778e-14	2.259
always_on_tmr	882943349	1	3	2	4	3	10	10	2	1	1.90096e-15	2.77778e-14	1.7906
always_on_tmr	882943349	2	3	2	1	3	10	10	2	1	3.05536e-15	2.77778e-14	2.6282
always_on_tmr	1222540896	0	3	0	3	2	100	100	2	1	1.98816e-15	2.77778e-13	4.6742
always_on_tmr	1606638432	0	3	0	2	3	20	20	2	1	3.17856e-15	5.55556e-14	2.259
always_on_tmr	2421357341	0	3	0	4	2	10	10	2	1	1.98816e-15	2.77778e-14	0.9204
always_on_tmr	2683054691	0	3	0	1	2	100	100	2	1	1.90096e-15	2.77778e-13	3.9426
always_on_tmr	3416292526	0	3	0	2	4	10	10	2	1	1.73056e-15	2.77778e-14	3.235
always_on_tmr	3662093426	0	3	0	1	0	20	20	2	1	2.26176e-15	5.55556e-14	3.463
always_on_tmr	3809665440	0	3	0	2	0	20	20	2	1	1.89696e-15	5.55556e-14	3.5086
always_on_tmr	4148488424	0	3	0	1	3	100	100	2	1	3.58416e-15	2.77778e-13	4.7984
always_on_tmr	315714281	0	2	0	1	0	20	20	2	1	2.26176e-15	5.55556e-13	3.463
always_on_tmr	575225672	0	2	0	1	2	10	10	2	1	2.07536e-15	2.77778e-13	3.3262
always_on_tmr	627490595	0	2	0	1	2	50	50	2	1	1.90096e-15	1.38889e-12	3.9426
always_on_tmr	1524162620	0	2	0	0	3	20	20	2	1	2.35296e-15	5.55556e-13	2.3562
always_on_tmr	1626734235	0	2	0	0	2	20	20	2	1	1.96416e-15	5.55556e-13	3.5938
always_on_tmr	2839374062	0	2	0	1	4	20	20	2	1	2.80896e-15	5.55556e-13	3.5542
always_on_tmr	3171804710	0	2	0	2	1	10	10	2	1	4.84176e-15	2.77778e-13	1.0486
always_on_tmr	3883866425	0	2	0	3	1	1000	1000	2	1	2.07936e-15	2.77778e-11	5.5578
always_on_tmr	3902403104	0	2	0	2	4	50	50	2	1	2.07936e-15	1.38889e-12	3.8554
always_on_tmr	258457630	0	1	0	1	3	20	20	2	1	3.05536e-15	5.55556e-13	2.6282
always_on_tmr	320138570	0	1	0	1	3	10	10	2	1	3.05536e-15	2.77778e-13	2.6282
always_on_tmr	856612588	0	1	0	4	1	10	10	2	1	3.17856e-15	2.77778e-13	2.4694
always_on_tmr	892033900	0	1	0	3	0	20	20	2	1	1.81376e-15	5.55556e-13	3.6374
always_on_tmr	931769856	0	1	0	0	3	10	10	2	1	2.35296e-15	2.77778e-13	2.3562
always_on_tmr	1093572250	0	1	0	4	1	20	20	2	1	3.17856e-15	5.55556e-13	2.4694
always_on_tmr	1277232326	0	1	0	2	0	5	5	2	1	1.90096e-15	1.38889e-13	0.3928
always_on_tmr	1277705233	0	1	0	3	2	100	100	2	1	1.98816e-15	2.77778e-12	4.6742
always_on_tmr	1825371027	0	1	0	3	1	10	10	2	1	3.05536e-15	2.77778e-13	1.7034
always_on_tmr	1827616242	0	1	0	1	3	20	20	2	1	3.05536e-15	5.55556e-13	2.6282
always_on_tmr	1918841433	0	1	0	0	4	1000	1000	2	1	1.73056e-15	2.77778e-11	5.0162
always_on_tmr	2747263855	0	1	0	0	2	1000	1000	2	1	4.84416e-15	2.77778e-11	5.7366
always_on_tmr	3006535103	0	1	0	1	2	20	20	2	1	2.07536e-15	5.55556e-13	3.3262
always_on_tmr	4098460929	0	1	0	4	0	10	10	2	1	3.05536e-15	2.77778e-13	1.9554
always_on_tmr	4148030315	0	1	0	0	3	20	20	2	1	2.35296e-15	5.55556e-13	2.3562
always_on_tmr	227076282	0	0	0	0	2	5	5	1	0	5.36e-08	1	0.4464
always_on_tmr	257267243	0	0	0	4	1	20	20	1	0	6.16e-08	1	2.4178
always_on_tmr	268353226	0	0	0	3	2	20	20	1	0	4.76e-08	1	2.517
always_on_tmr	270211274	0	0	0	2	1	5	5	1	0	6.16e-08	1	0.252
always_on_tmr	275806403	0	0	0	2	0	10	10	1	0	4.36e-08	1	0.3928
always_on_tmr	347485891	0	0	0	3	2	20	20	1	0	4.76e-08	1	2.517
always_on_tmr	431212624	0	0	0	4	0	10	10	1	0	6.16e-08	1	1.9554
always_on_tmr	485891795	0	0	0	1	3	20	20	1	0	6.16e-08	1	2.6282
always_on_tmr	519638623	0	0	0	3	1	10	10	1	0	6.16e-08	1	1.7034
always_on_tmr	522151950	0	0	0	4	0	10	10	1	0	6.16e-08	1	1.9554
always_on_tmr	599532690	0	0	0	4	0	100	100	1	0	4.16e-08	1	4.4066
always_on_tmr	638910999	0	0	0	3	4	100	100	1	0	1.346e-07	1	4.933
always_on_tmr	641167535	0	0	0	0	1	10	10	1	0	5.36e-08	1	1.8442
always_on_tmr	641837155	0	0	0	3	1	10	10	1	0	6.16e-08	1	1.7034
always_on_tmr	669254970	0	0	0	0	2	10	10	1	0	4.96e-08	1	0.97
always_on_tmr	683070431	0	0	0	4	2	50	50	1	0	4.16e-08	1	3.7246
always_on_tmr	725175221	0	0	0	4	2	20	20	1	0	4.56e-08	1	0.9204
always_on_tmr	846304519	0	0	0	2	4	100	100	1	0	4.56e-08	1	3.8098
always_on_tmr	902165878	0	0	0	2	1	1	1	1	0	5.36e-08	1	0.1022
always_on_tmr	926709846	0	0	0	0	3	20	20	1	0	5.16e-08	1	2.3562
always_on_tmr	927229290	0	0	0	1	0	5	5	1	0	5.36e-08	1	0.3056
always_on_tmr	952593899	0	0	0	2	1	10	10	1	0	6.16e-08	1	0.252
always_on_tmr	978665846	0	0	0	0	3	100	100	1	0	4.16e-08	1	4.5414
always_on_tmr	1029803083	0	0	0	1	0	100	100	1	0	4.16e-08	1	4.2618
always_on_tmr	1054533297	0	0	0	1	0	20	20	1	0	4.56e-08	1	3.4134
always_on_tmr	1082238752	0	0	0	2	3	20	20	1	0	5.16e-08	1	2.007
always_on_tmr	1115558909	0	0	0	1	2	10	10	1	0	4.76e-08	1	3.3262
always_on_tmr	1135471294	0	0	0	2	1	20	20	1	0	7.86e-08	1	1.0486
always_on_tmr	1181772614	0	0	0	4	0	10	10	1	0	4.96e-08	1	1.8938
always_on_tmr	1196745689	0	0	0	0	1	100	100	1	0	6.16e-08	1	4.365
always_on_tmr	1201035759	0	0	0	1	4	1000	1000	1	0	4.56e-08	1	5.4666
always_on_tmr	1213175917	0	0	0	2	0	10	10	1	0	4.36e-08	1	0.3492
always_on_tmr	1220167221	0	0	0	4	1	10	10	1	0	6.16e-08	1	2.4178
always_on_tmr	1227857912	0	0	0	2	1	100	100	1	0	4.56e-08	1	3.9882
always_on_tmr	1237794944	0	0	0	2	3	20	20	1	0	6.16e-08	1	2.259
always_on_tmr	1264561622	0	0	0	3	4	20	20	1	0	4.56e-08	1	3.683
always_on_tmr	1303878952	0	0	0	0	2	20	20	1	0	4.96e-08	1	0.97
always_on_tmr	1320424703	0	0	0	2	3	100	100	1	0	4.96e-08	1	4.4562
always_on_tmr	1379960706	0	0	0	3	1	20	20	1	0	6.16e-08	1	1.7034
always_on_tmr	1401452508	0	0	0	0	4	10	10	1	0	5.16e-08	1	0.6646
always_on_tmr	1541721047	0	0	0	4	1	20	20	1	0	6.16e-08	1	2.4178
always_on_tmr	1605421994	0	0	0	1	0	20	20	1	0	4.96e-08	1	3.463
always_on_tmr	1620411485	0	0	0	3	1	20	20	1	0	6.16e-08	1	1.7034
always_on_tmr	1645293489	0	0	0	4	1	100	100	1	0	4.36e-08	1	4.585
always_on_tmr	1662973682	0	0	0	0	1	100	100	1	0	6.16e-08	1	4.365
always_on_tmr	1681309758	0	0	0	4	0	20	20	1	0	4.96e-08	1	1.8938
always_on_tmr	1682565294	0	0	0	0	2	2	2	1	0	4.56e-08	1	0.1974
always_on_tmr	1692181705	0	0	0	3	1	20	20	1	0	4.96e-08	1	1.6418
always_on_tmr	1707582109	0	0	0	2	4	100	100	1	0	4.56e-08	1	3.8554
always_on_tmr	1723978130	0	0	0	0	2	1	1	1	0	4.56e-08	1	0.1974
always_on_tmr	1725437399	0	0	0	3	0	10	10	1	0	4.16e-08	1	2.6698
always_on_tmr	1725607386	0	0	0	0	3	20	20	1	0	4.56e-08	1	2.3046
always_on_tmr	1806457004	0	0	0	2	1	10	10	1	0	6.16e-08	1	0.252
always_on_tmr	1834507522	0	0	0	1	3	100	100	1	0	7.86e-08	1	4.7528
always_on_tmr	1987208212	0	0	0	0	2	100	100	1	0	4.36e-08	1	4.4998
always_on_tmr	2006694590	0	0	0	0	4	100	100	1	0	4.16e-08	1	4.3034
always_on_tmr	2052406743	0	0	0	3	2	20	20	1	0	4.76e-08	1	2.517
always_on_tmr	2116494489	0	0	0	1	0	10	10	1	0	5.36e-08	1	0.3056
always_on_tmr	2168205532	0	0	0	1	4	10	10	1	0	6.16e-08	1	1.5922
always_on_tmr	2170130696	0	0	0	0	1	20	20	1	0	5.36e-08	1	1.8442
always_on_tmr	2254994459	0	0	0	0	1	1	1	1	0	4.96e-08	1	0.1518
always_on_tmr	2269022366	0	0	0	2	0	20	20	1	0	4.56e-08	1	3.5086
always_on_tmr	2317543407	0	0	0	1	0	20	20	1	0	4.96e-08	1	3.463
always_on_tmr	2365606486	0	0	0	0	1	100	100	1	0	6.16e-08	1	4.365
always_on_tmr	2405070956	0	0	0	1	3	100	100	1	0	4.56e-08	1	4.7984
always_on_tmr	2451518043	0	0	0	4	3	10	10	1	0	4.36e-08	1	1.7906
always_on_tmr	2493734828	0	0	0	1	0	10	10	1	0	5.36e-08	1	0.3056
always_on_tmr	2521634872	0	0	0	2	1	1	1	1	0	5.36e-08	1	0.1022
always_on_tmr	2572321800	0	0	0	1	4	10	10	1	0	6.16e-08	1	1.5922
always_on_tmr	2637621116	0	0	0	4	0	10	10	1	0	6.16e-08	1	1.9554
always_on_tmr	2686963590	0	0	0	3	4	20	20	1	0	4.56e-08	1	3.683
always_on_tmr	2722685229	0	0	0	0	3	1000	1000	1	0	4.56e-08	1	5.7822
always_on_tmr	2739388862	0	0	0	0	4	10	10	1	0	5.16e-08	1	0.6646
always_on_tmr	2820606656	0	0	0	3	2	10	10	1	0	4.76e-08	1	2.517
always_on_tmr	2841609489	0	0	0	3	1	20	20	1	0	6.16e-08	1	1.7034
always_on_tmr	2851921495	0	0	0	2	1	10	10	1	0	7.86e-08	1	1.0486
always_on_tmr	3086447589	0	0	0	3	1	100	100	1	0	4.16e-08	1	4.0298
always_on_tmr	3120906573	0	0	0	0	1	100	100	1	0	6.16e-08	1	4.365
always_on_tmr	3219229834	0	0	0	0	2	1	1	1	0	4.56e-08	1	0.1974
always_on_tmr	3242028025	0	0	0	1	4	50	50	1	0	3.96e-08	1	3.7642
always_on_tmr	3264814799	0	0	0	0	2	5	5	1	0	5.36e-08	1	0.4464
always_on_tmr	3357179158	0	0	0	1	0	10	10	1	0	5.36e-08	1	0.3056
always_on_tmr	3404264291	0	0	0	2	1	20	20	1	0	7.86e-08	1	1.0486
always_on_tmr	3422901766	0	0	0	2	0	2	2	1	0	4.16e-08	1	0.2202
always_on_tmr	3429197815	0	0	0	2	1	20	20	1	0	7.86e-08	1	1.0486
always_on_tmr	3432431923	0	0	0	3	1	10	10	1	0	4.96e-08	1	1.6418
always_on_tmr	3514472270	0	0	0	4	1	100	100	1	0	4.36e-08	1	4.585
always_on_tmr	3525984045	0	0	0	1	4	10	10	1	0	6.16e-08	1	1.5922
always_on_tmr	3569888054	0	0	0	0	1	100	100	1	0	6.16e-08	1	4.365
always_on_tmr	3578691109	0	0	0	0	1	10	10	1	0	5.36e-08	1	1.8442
always_on_tmr	3621264186	0	0	0	1	3	10	10	1	0	6.16e-08	1	2.6282
always_on_tmr	3645095123	0	0	0	1	0	100	100	1	0	4.16e-08	1	4.2618
always_on_tmr	3697955697	0	0	0	2	3	100	100	1	0	4.96e-08	1	4.4562
always_on_tmr	3737585690	0	0	0	0	1	2	2	1	0	4.96e-08	1	0.1518
always_on_tmr	3791356166	0	0	0	4	1	20	20	1	0	5.16e-08	1	2.4694
always_on_tmr	3800142691	0	0	0	0	3	100	100	1	0	4.16e-08	1	4.5414
always_on_tmr	3840987326	0	0	0	1	4	10	10	1	0	6.16e-08	1	1.5922
always_on_tmr	3846140284	0	0	0	1	4	1000	1000	1	0	4.56e-08	1	5.4666
always_on_tmr	3850257849	0	0	0	3	0	20	20	1	0	4.36e-08	1	3.6374
always_on_tmr	3857935931	0	0	0	1	4	20	20	1	0	4.56e-08	1	3.5542
always_on_tmr	3864210185	0	0	0	4	2	10	10	1	0	4.36e-08	1	0.8748
always_on_tmr	3915338890	0	0	0	3	1	20	20	1	0	4.96e-08	1	1.6418
always_on_tmr	3930612495	0	0	0	3	1	10	10	1	0	6.16e-08	1	1.7034
always_on_tmr	3955261501	0	0	0	2	1	20	20	1	0	7.86e-08	1	1.0486
always_on_tmr	3963294458	0	0	0	0	1	1000	1000	1	0	3.96e-08	1	5.5974
always_on_tmr	3987814118	0	0	0	0	2	100	100	1	0	4.36e-08	1	4.4998
always_on_tmr	3992435362	0	0	0	2	1	2	2	1	0	5.36e-08	1	0.1022
always_on_tmr	3996464877	0	0	0	2	0	2	2	1	0	4.16e-08	1	0.2202
always_on_tmr	4013524733	0	0	0	0	4	10	10	1	0	5.16e-08	1	0.6646
always_on_tmr	4032998975	0	0	0	3	2	100	100	1	0	4.56e-08	1	4.6306
always_on_tmr	4034823921	0	0	0	2	1	1	1	1	0	5.36e-08	1	0.1022
always_on_tmr	4041502284	0	0	0	3	4	100	100	1	0	1.346e-07	1	4.933
always_on_tmr	4115891096	0	0	0	4	3	20	20	1	0	4.36e-08	1	1.747
always_on_tmr	4133064337	0	0	0	0	4	10	10	1	0	5.16e-08	1	0.6646
always_on_tmr	4183526275	0	0	0	2	3	10	10	1	0	6.16e-08	1	2.259
always_on_tmr	4195898308	0	0	0	0	2	10	10	1	0	4.96e-08	1	0.97
