base_bandwidth_utilization	0.4373871999999997
expected_bandwidth_utilization	0.43738756967919495

rounded_expected_bandwidth_utilization	0.8747743999999994

bandwidth_utilization_p99	0.4373871999999997

[frame_summary]
frame_id	priority	period_ms	deadline_ms	trans_time_ms	expected_retry_count	expected_tx_count	rounded_expected_retry_count	rounded_expected_tx_count	retry_p99	tx_count_p99	expected_wcrt_ms	p_timeout	wcrt_p95_ms
0	9	10	10	0.069599999999999995	6.9260006205696599e-07	1.000000692600062	1	2	0	1	0.69260006205696567	0	0.69259999999999999
2	10	10	10	0.061600000000000002	7.5420006757632603e-07	1.0000007542000675	1	2	0	1	0.75420006757632596	0	0.75419999999999998
3	11	10	10	0.069599999999999995	8.2380007381248587e-07	1.0000008238000737	1	2	0	1	0.82380007381248654	0	0.82379999999999987
4	32	50	50	0.047600000000000003	2.6292004906088126e-06	1.0000026292004907	1	2	0	1	2.6292004906088131	0	2.6292000000000013
5	38	100	100	0.047600000000000003	2.9288012330240239e-06	1.0000029288012331	1	2	0	1	2.9288012330240258	0	2.9288000000000012
6	50	1000	1000	0.039600000000000003	3.7204006942285559e-06	1.0000037204006942	1	2	0	1	3.7204006942285544	0	3.7204000000000002
7	30	20	20	0.049600000000000005	2.503000467059887e-06	1.0000025030004671	1	2	0	1	2.5030004670598887	0	2.5030000000000014
11	39	100	100	0.045600000000000002	2.9744012537759131e-06	1.0000029744012537	1	2	0	1	2.9744012522216199	2.2204460492503131e-16	2.9744000000000015
12	40	100	100	0.047600000000000003	3.0220012730383269e-06	1.000003022001273	1	2	0	1	3.0220012722611798	1.1102230246251565e-16	3.0220000000000016
13	51	1000	1000	0.039600000000000003	3.7600007023951119e-06	1.0000037600007023	1	2	0	1	3.760000701618063	1.1102230246251565e-16	3.7599999999999998
14	12	10	10	0.061600000000000002	8.8540007933195697e-07	1.0000008854000793	1	2	0	1	0.88540007933195741	0	0.88539999999999996
15	13	10	10	0.053600000000000002	9.3900008413453024e-07	1.0000009390000841	1	2	0	1	0.9390000841345304	0	0.93899999999999983
16	14	10	10	0.061600000000000002	1.0006003241943129e-06	1.0000010006003242	1	2	0	1	1.0006003241943118	0	1.0005999999999999
17	15	10	10	0.0516	1.2866001159455041e-06	1.000001286600116	1	2	0	1	1.2866001152793711	1.1102230246251565e-16	1.2865999999999997
18	16	10	10	0.061600000000000002	1.3482001207987312e-06	1.0000013482001209	1	2	0	1	1.3482001207987309	0	1.3481999999999998
19	33	50	50	0.041599999999999998	2.6708004983723297e-06	1.0000026708004983	1	2	0	1	2.6708004983723277	0	2.6708000000000016
20	4	5	5	0.041599999999999998	4.4260004032309806e-07	1.0000004426000404	1	2	0	1	0.44260003965696404	1.1102230246251565e-16	0.44259999999999999
22	17	10	10	0.053600000000000002	1.4018001256012915e-06	1.0000014018001255	1	2	0	1	1.4018001256012911	0	1.4017999999999997
23	0	1	1	0.053600000000000002	2.2020001687285523e-07	1.0000002202000169	1	2	0	1	0.22020001620672128	1.1102230246251565e-16	0.22020000000000001
24	52	1000	1000	0.047600000000000003	3.8076007105001548e-06	1.0000038076007105	1	2	0	1	3.8076007105001586	0	3.8075999999999999
25	1	1	1	0.069599999999999995	2.8980002596608237e-07	1.000000289800026	1	2	0	1	0.28980002596608229	0	0.2898
26	41	100	100	0.1346	3.0836012981947344e-06	1.0000030836012983	1	2	0	1	3.0836012981947296	0	3.0836000000000019
30	34	50	50	0.049600000000000005	2.7204005076277226e-06	1.0000027204005075	1	2	0	1	2.7204005076277227	0	2.7204000000000015
32	18	10	10	0.053600000000000002	1.4554001304038512e-06	1.0000014554001304	1	2	0	1	1.4554001304038517	0	1.4553999999999998
33	5	5	5	0.049600000000000005	4.9220004410112449e-07	1.0000004922000441	1	2	0	1	0.49220004410112389	0	0.49219999999999997
34	42	100	100	0.049600000000000005	3.3676006283942768e-06	1.0000033676006284	1	2	0	1	3.3676006283942783	0	3.3676000000000008
35	6	5	5	0.039600000000000003	5.3180004764928453e-07	1.0000005318000476	1	2	0	1	0.53180004764928446	0	0.53180000000000005
36	19	10	10	0.053600000000000002	1.5090001358725458e-06	1.000001509000136	1	2	0	1	1.5090001352064129	1.1102230246251565e-16	1.5089999999999997
37	53	1000	1000	0.047600000000000003	3.8532007190091636e-06	1.0000038532007189	1	2	0	1	3.8532007190091622	0	3.8531999999999993
41	20	10	10	0.069599999999999995	1.5786001414425724e-06	1.0000015786001415	1	2	0	1	1.5786001414425723	0	1.5785999999999998
43	21	10	10	0.047600000000000003	1.626200146373668e-06	1.0000016262001463	1	2	0	1	1.6262001457075339	1.1102230246251565e-16	1.6261999999999996
45	43	100	100	0.0436	3.4112006373071936e-06	1.0000034112006373	1	2	0	1	3.4112006365300505	1.1102230246251565e-16	3.4112000000000005
46	54	1000	1000	0.041599999999999998	3.894801640486487e-06	1.0000038948016405	1	2	0	1	3.8948016397094385	1.1102230246251565e-16	3.8947999999999996
47	2	1	1	0.061600000000000002	3.5140003148544272e-07	1.0000003514000315	1	2	0	1	0.35140003148544285	0	0.35140000000000005
48	44	100	100	0.0436	3.4548006454429555e-06	1.0000034548006453	1	2	0	1	3.4548006446658115	1.1102230246251565e-16	3.4548000000000005
50	35	50	50	0.061600000000000002	2.7820005191223286e-06	1.0000027820005191	1	2	0	1	2.7820005191223274	0	2.7820000000000018
51	45	100	100	0.041599999999999998	3.496400652428361e-06	1.0000034964006523	1	2	0	1	3.496400652428362	0	3.4964000000000004
53	46	100	100	0.061600000000000002	3.5460006624608826e-06	1.0000035460006624	1	2	0	1	3.5460006616837347	1.1102230246251565e-16	3.5460000000000003
55	7	5	5	0.0516	5.8340005227264484e-07	1.0000005834000523	1	2	0	1	0.58340005227264458	0	0.58339999999999992
58	22	10	10	0.061600000000000002	1.6878001512268934e-06	1.0000016878001512	1	2	0	1	1.6878001512268934	0	1.6877999999999997
59	55	1000	1000	0.041599999999999998	3.9364016572228955e-06	1.0000039364016573	1	2	0	1	3.9364016572228935	0	3.9363999999999995
60	3	1	1	0.049600000000000005	4.010000359296027e-07	1.0000004010000358	1	2	0	1	0.40100003592960326	0	0.40100000000000002
61	23	10	10	0.061600000000000002	1.7494001567462552e-06	1.0000017494001567	1	2	0	1	1.7494001567462536	0	1.7493999999999998
62	8	5	5	0.039600000000000003	6.2300005582080541e-07	1.0000006230000558	1	2	0	1	0.62300005582080509	0	0.623
63	24	10	10	0.053600000000000002	1.8030001615488157e-06	1.0000018030001616	1	2	0	1	1.8030001615488143	0	1.8029999999999999
64	36	50	50	0.049600000000000005	2.8316005291548802e-06	1.0000028316005292	1	2	0	1	2.8316005283777295	1.1102230246251565e-16	2.8316000000000017
66	25	10	10	0.069599999999999995	1.8726001677849759e-06	1.0000018726001678	1	2	0	1	1.8726001677849751	0	1.8726
67	26	10	10	0.1666	2.0072008450308862e-06	1.0000020072008451	1	2	0	1	2.0072008450308854	0	2.0072000000000001
68	47	100	100	0.0436	3.5896006705966369e-06	1.0000035896006707	1	2	0	1	3.5896006698194953	1.1102230246251565e-16	3.5895999999999999
69	37	50	50	0.049600000000000005	2.8812012129844558e-06	1.0000028812012129	1	2	0	1	2.8812012129844558	0	2.881200000000002
72	27	10	10	0.10260000000000001	2.3442004382049608e-06	1.0000023442004382	1	2	0	1	2.3442004374278036	1.1102230246251565e-16	2.3442000000000007
73	56	1000	1000	0.045600000000000002	3.936401657222893e-06	1.0000039364016573	1	2	0	1	3.9364016572228926	0	3.936399999999999
74	48	100	100	0.049600000000000005	3.6372006794787995e-06	1.0000036372006795	1	2	0	1	3.6372006787016571	1.1102230246251565e-16	3.6372
76	28	10	10	0.061600000000000002	2.4058004489223637e-06	1.0000024058004489	1	2	0	1	2.4058004489223648	0	2.405800000000001
78	49	100	100	0.0436	3.680800688393473e-06	1.0000036808006885	1	2	0	1	3.6808006868391794	2.2204460492503131e-16	3.6808000000000001
79	29	10	10	0.047600000000000003	2.4534004585816832e-06	1.0000024534004586	1	2	0	1	2.4534004578045274	1.1102230246251565e-16	2.4534000000000007
80	31	20	20	0.078600000000000003	2.5816004825038087e-06	1.0000025816004825	1	2	0	1	2.5816004817266527	1.1102230246251565e-16	2.5816000000000012

[frame_retry_distribution]
frame_id	retry_count	probability
0	0	0.9999993074002399
0	1	6.9259945824849235e-07
0	2	3.0190407679991208e-13
0	3	1.0669376847389528e-19
0	4	3.3502632783822851e-26
0	5	9.7686440777898911e-33
2	0	0.99999924580028443
2	1	7.5419936360630855e-07
2	2	3.5198481145722426e-13
2	3	1.3154856072575398e-19
2	4	4.3280460021897037e-26
2	5	2.3273337638934255e-32
3	0	0.9999991762003394
3	1	8.237992475414229e-07
3	2	4.1313528562510108e-13
3	3	1.6390505704584494e-19
3	4	9.5132364723760367e-26
3	5	3.9199025059559643e-32
4	0	0.9999973708034563
4	1	2.629192596709064e-06
4	2	3.9469431896799876e-12
4	3	4.4563564862831118e-18
4	4	5.2582710901872238e-24
4	5	4.832913007931325e-30
4	6	3.3726503530255421e-36
5	0	0.99999707120428893
5	1	2.9287901891221918e-06
5	2	5.5219399921768854e-12
5	3	7.2827077730258324e-18
5	4	7.8668755641696893e-24
5	5	7.4174702083965939e-30
5	6	7.2923970444156046e-36
6	0	0.99999627960692061
6	1	3.720385464425597e-06
6	2	7.6148817627204163e-12
6	3	1.3144567473372425e-17
6	4	1.7020436715584998e-23
6	5	1.8772352605466858e-29
6	6	1.7964680085774671e-35
7	0	0.99999749700313256
7	1	2.5029932679402534e-06
7	2	3.5995539469480547e-12
7	3	3.9133207355642808e-18
7	4	4.4954246342174973e-24
7	5	4.0246924036144461e-30
7	6	2.5367284584604227e-36
11	0	0.99999702560442338
11	1	2.9743899007393895e-06
11	2	5.6757297494996361e-12
11	3	7.5707446460433231e-18
11	4	8.2632520717175992e-24
11	5	7.8653084254157181e-30
11	6	7.8228059093332637e-36
11	7	2.2204460492503131e-16
12	0	0.99999697800456622
12	1	3.0219895952719155e-06
12	2	5.8384828086043505e-12
12	3	7.8793615847896229e-18
12	4	8.6927323073700562e-24
12	5	8.3555182165991237e-30
12	6	8.6067396790928624e-36
12	7	1.1102230246251565e-16
13	0	0.99999624000706877
13	1	3.7599851608132854e-06
13	2	7.7703820620051956e-12
13	3	1.3515345103741841e-17
13	4	1.7631580557937126e-23
13	5	1.9583551896947447e-29
13	6	1.8904256176619744e-35
13	7	1.1102230246251565e-16
14	0	0.99999911460039193
14	1	8.8539913673542023e-07
14	2	4.7129780778375034e-13
14	3	3.070569370111078e-19
14	4	1.3991218384741049e-25
14	5	5.4154531644502397e-32
15	0	0.99999906100044078
15	1	9.3899903414509645e-07
15	2	5.2499418989237956e-13
15	3	3.5135749929184987e-19
15	4	1.6440455182398591e-25
15	5	6.5247018212494498e-32
16	0	0.99999899940050063
16	1	1.000598674606119e-06
16	2	8.2479341357633173e-13
16	3	4.5558170708638098e-19
16	4	2.0614086729233766e-25
16	5	8.2146282512130931e-32
17	0	0.99999871340082758
17	1	1.2865982293822985e-06
17	2	9.4294775782616383e-13
17	3	5.1877114331206944e-19
17	4	2.3863233884218775e-25
17	5	9.7064182357026477e-32
17	6	1.1102230246251565e-16
18	0	0.99999865180090886
18	1	1.3481980615594341e-06
18	2	1.0296187673590967e-12
18	3	5.8751966827993143e-19
18	4	2.7921424010596047e-25
18	5	1.1694755642084579e-31
19	0	0.99999732920356654
19	1	2.6707923684669868e-06
19	2	4.0649442734648581e-12
19	3	5.5985637127644672e-18
19	4	5.8190093291599916e-24
19	5	5.2259243752768136e-30
19	6	3.7284338305378173e-36
20	0	0.99999955740009794
20	1	4.4259976444834338e-07
20	2	1.3760425443764826e-13
20	3	3.7332542824286278e-20
20	4	9.4775780202319706e-27
20	5	2.3203879592285321e-33
20	6	1.1102230246251565e-16
22	0	0.99999859820098258
22	1	1.4017979093570392e-06
22	2	1.1081211480590817e-12
22	3	6.5204719933037179e-19
22	4	3.1853715690537632e-25
22	5	1.3677388891496566e-31
23	0	0.99999977980002419
23	1	2.2019993530524971e-07
23	2	4.0450725138400922e-14
23	3	7.1374495523840653e-21
23	4	1.2503027749418276e-27
23	5	2.1965239470135302e-34
23	6	1.1102230246251565e-16
24	0	0.99999619240724902
24	1	3.8075847917144492e-06
24	2	7.959371897703611e-12
24	3	1.3970097101931231e-17
24	4	1.8387699294138817e-23
24	5	2.0595372523040314e-29
24	6	2.0074720449486148e-35
25	0	0.99999971020004197
25	1	2.8979989004990092e-07
25	2	6.7958068127658624e-14
25	3	1.5071231849207554e-20
25	4	3.2886218502432301e-27
25	5	7.1560188833962541e-34
26	0	0.9999969164047543
26	1	3.083589193234383e-06
26	2	6.0524677390898721e-12
26	3	8.2909714675258622e-18
26	4	9.2730232673866524e-24
26	5	9.0257459303776289e-30
26	6	9.3254376099535778e-36
30	0	0.99999727960370033
30	1	2.7203920918086963e-06
30	2	4.2079007160831173e-12
30	3	5.8647680369540443e-18
30	4	6.1660259267794046e-24
30	5	5.5968004683108651e-30
30	6	4.1037949236283947e-36
32	0	0.99999854460105919
32	1	1.4553977514087367e-06
32	2	1.1894964756474729e-12
32	3	7.2111686539189749e-19
32	4	3.6185829606609425e-25
32	5	1.5919178356762944e-31
33	0	0.99999950780012115
33	1	4.9219971363812386e-07
33	2	1.6523142906358154e-13
33	3	4.7507189880348222e-20
33	4	1.2621359391180308e-26
33	5	3.205095742230521e-33
34	0	0.99999663240567038
34	1	3.3675880308973498e-06
34	2	6.2987354776462579e-12
34	3	8.6572072881800023e-18
34	4	9.7701275322673223e-24
34	5	1.1889725713211836e-29
34	6	1.0763784415300398e-35
35	0	0.99999946820014152
35	1	5.3179966953958286e-07
35	2	1.8905476558201396e-13
35	3	5.6810407758902659e-20
35	4	1.5631457512724251e-26
35	5	4.0842890292436127e-33
36	0	0.99999849100113847
36	1	1.5089975877145281e-06
36	2	1.2737447496622976e-12
36	3	7.9488265611635717e-19
36	4	4.0943904019658076e-25
36	5	1.8444655121160255e-31
36	6	1.1102230246251565e-16
37	0	0.99999614680742366
37	1	3.8531844338740833e-06
37	2	8.1425459176501537e-12
37	3	1.4415122495860017e-17
37	4	1.9134504705280298e-23
37	5	2.1603367261640717e-29
37	6	2.1233467192751701e-35
41	0	0.99999842140124595
41	1	1.5785973665816764e-06
41	2	1.3874291011749856e-12
41	3	8.9792884772071633e-19
41	4	4.7802309307694735e-25
41	5	2.2190251321760058e-31
43	0	0.99999837380132217
43	1	1.6261972097684348e-06
43	2	1.4679680897280194e-12
43	3	9.7328563145531344e-19
43	4	5.2964004546866689e-25
43	5	2.5083863375932104e-31
43	6	1.1102230246251565e-16
45	0	0.9999965888058181
45	1	3.411187727206716e-06
45	2	6.4546482129830811e-12
45	3	8.9650761361453185e-18
45	4	1.0214618365209679e-23
45	5	1.2518564345939358e-29
45	6	1.1468215457277304e-35
45	7	1.1102230246251565e-16
46	0	0.99999610520758464
46	1	3.8947831908584355e-06
46	2	9.2244027879554023e-12
46	3	1.5106549115222495e-17
46	4	1.9931318299816777e-23
46	5	2.2592784135280135e-29
46	6	3.2471549440521865e-35
46	7	1.1102230246251565e-16
47	0	0.99999964860006174
47	1	3.5139984503263407e-07
47	2	9.3226370534074845e-14
47	3	2.2527539571082335e-20
47	4	5.235982570684463e-27
47	5	1.1958502557029219e-33
48	0	0.9999965452059677
48	1	3.454787419714184e-06
48	2	6.6124618874474532e-12
48	3	9.280138921407532e-18
48	4	1.0674064266893121e-23
48	5	1.3173537121446275e-29
48	6	1.2259882147093152e-35
48	7	1.1102230246251565e-16
50	0	0.99999721800386976
50	1	2.7819917413670615e-06
50	2	4.3888683234667285e-12
50	3	6.2067885222698771e-18
50	4	6.6181407206612027e-24
50	5	6.0862156384181478e-30
50	6	4.4769571112451484e-36
51	0	0.99999650360611236
51	1	3.4963871227825125e-06
51	2	6.7648085428462203e-12
51	3	9.5875296319264518e-18
51	4	1.3373996729286792e-23
51	5	1.4506297661275985e-29
51	6	1.3122926005821151e-35
53	0	0.99999645400628701
53	1	3.5459867642251048e-06
53	2	6.9487143665453032e-12
53	3	9.9627946006250443e-18
53	4	1.402020773442393e-23
53	5	1.5341083757966408e-29
53	6	1.3904076588202745e-35
53	7	1.1102230246251565e-16
55	0	0.99999941660017011
55	1	5.8339960737193222e-07
55	2	2.224502503593744e-13
55	3	7.0615146431079934e-20
55	4	2.0306301604995698e-26
55	5	5.5016544151250318e-33
58	0	0.99999831220142432
58	1	1.687797000106946e-06
58	2	1.5755583584297991e-12
58	3	1.0768940583750239e-18
58	4	6.0249450896005127e-25
58	5	2.9267204159154197e-31
59	0	0.99999606360774773
59	1	3.9363828475680121e-06
59	2	9.4048041444728798e-12
59	3	1.5531379465261204e-17
59	4	2.0652178587288897e-23
59	5	2.3579983245481793e-29
59	6	3.4070463020805275e-35
60	0	0.9999995990000804
60	1	4.0099980326944772e-07
60	2	1.1633003250529549e-13
60	3	2.998355459034176e-20
60	4	7.3171941672449771e-27
60	5	1.7361753307415967e-33
61	0	0.99999825060153014
61	1	1.7493967828563591e-06
61	2	1.6869431665582736e-12
61	3	1.1875869017523606e-18
61	4	6.8259808225048252e-25
61	5	4.998949594906077e-31
61	6	6.8376737773163832e-38
62	0	0.99999937700019415
62	1	6.2299955605035853e-07
62	2	2.4988509954209364e-13
62	3	8.2579328109056011e-20
62	4	2.4536608849956668e-26
62	5	6.8306854658130966e-33
63	0	0.9999981970016254
63	1	1.8029965876454304e-06
63	2	1.7869497579046809e-12
63	3	1.2898497749650195e-18
63	4	1.0608989225999877e-24
63	5	6.260886286269995e-31
63	6	8.0726897426953764e-38
64	0	0.99999716840400887
64	1	2.8315914536777792e-06
64	2	4.5373402351526386e-12
64	3	6.4915182480958119e-18
64	4	6.9997291516965786e-24
64	5	6.5045153798947093e-30
64	6	4.9103154747141065e-36
64	7	1.1102230246251565e-16
66	0	0.99999812740175331
66	1	1.872596325587886e-06
66	2	1.9210963982903727e-12
66	3	1.4311604747609089e-18
66	4	1.2018898679451563e-24
66	5	7.2501146244678145e-31
66	6	1.1915834596136848e-37
67	0	0.9999979928020144
67	1	2.0071951261228781e-06
67	2	2.8594496431013013e-12
67	3	2.9073041695200297e-18
67	4	2.4824370287805871e-24
67	5	1.8936528303347399e-30
67	6	9.3713978367694344e-37
68	0	0.99999641040644249
68	1	3.5895864449780692e-06
68	2	7.1124052549046043e-12
68	3	1.0300623358070991e-17
68	4	1.4607187067060285e-23
68	5	1.6106044595292466e-29
68	6	1.5093563324567349e-35
68	7	1.1102230246251565e-16
69	0	0.99999711880415076
69	1	2.8811904857170716e-06
69	2	5.3636232073587255e-12
69	3	6.9898804692261412e-18
69	4	7.4684429604462081e-24
69	5	6.9719165592673193e-30
69	6	6.7213467133263748e-36
72	0	0.99999765580274758
72	1	2.3441940673061504e-06
72	2	3.1850558849173848e-12
72	3	3.2948479229477519e-18
72	4	2.8834370761942216e-24
72	5	2.2533246824701691e-30
72	6	1.4998267480764032e-36
72	7	1.1102230246251565e-16
73	0	0.99999606360774762
73	1	3.9363828475680095e-06
73	2	9.4048041444728846e-12
73	3	1.5531379465261207e-17
73	4	2.0652178587288915e-23
73	5	2.3579983260312247e-29
73	6	3.4051174353900512e-35
74	0	0.99999636280661452
74	1	3.6371860921012277e-06
74	2	7.29328419095443e-12
74	3	1.0678049896984851e-17
74	4	1.5268694858030903e-23
74	5	1.6975523266146068e-29
74	6	1.6078124127830699e-35
74	7	1.1102230246251565e-16
76	0	0.99999759420289391
76	1	2.4057937632121642e-06
76	2	3.342849810207479e-12
76	3	3.5264045099939564e-18
76	4	3.1396996325084528e-24
76	5	3.2273166162067403e-30
76	6	1.9106931757755408e-36
78	0	0.99999631920677401
78	1	3.6807857649016103e-06
78	2	7.4609496043951238e-12
78	3	1.278057677974562e-17
78	4	1.6425246469313481e-23
78	5	1.7988178350822133e-29
78	6	1.7028802745681356e-35
78	7	2.2204460492503131e-16
79	0	0.99999754660300955
79	1	2.4533935230325515e-06
79	2	3.4673804190886636e-12
79	3	3.7125449400787424e-18
79	4	3.3490692674601644e-24
79	5	3.4736987216328538e-30
79	6	2.2293367031988097e-36
79	7	1.1102230246251565e-16
80	0	0.99999741840333223
80	1	2.5815928536247738e-06
80	2	3.8140445702444599e-12
80	3	4.2460266407617451e-18
80	4	4.9601125692350924e-24
80	5	4.5142596925877346e-30
80	6	3.0802714926608884e-36
80	7	1.1102230246251565e-16

[frame_retry_cdf]
frame_id	retry_count	cumulative_probability
0	0	0.9999993074002399
0	1	0.99999999999969813
0	2	1
0	3	1
0	4	1
0	5	1
2	0	0.99999924580028443
2	1	0.99999999999964806
2	2	1
2	3	1
2	4	1
2	5	1
3	0	0.9999991762003394
3	1	0.999999999999587
3	2	1
3	3	1
3	4	1
3	5	1
4	0	0.9999973708034563
4	1	0.99999999999605305
4	2	1
4	3	1
4	4	1
4	5	1
4	6	1
5	0	0.99999707120428893
5	1	0.99999999999447808
5	2	1
5	3	1
5	4	1
5	5	1
5	6	1
6	0	0.99999627960692061
6	1	0.99999999999238509
6	2	1
6	3	1
6	4	1
6	5	1
6	6	1
7	0	0.99999749700313256
7	1	0.99999999999640055
7	2	1
7	3	1
7	4	1
7	5	1
7	6	1
11	0	0.99999702560442338
11	1	0.9999999999943241
11	2	0.99999999999999978
11	3	0.99999999999999978
11	4	0.99999999999999978
11	5	0.99999999999999978
11	6	0.99999999999999978
11	7	1
12	0	0.99999697800456622
12	1	0.99999999999416145
12	2	0.99999999999999989
12	3	0.99999999999999989
12	4	0.99999999999999989
12	5	0.99999999999999989
12	6	0.99999999999999989
12	7	1
13	0	0.99999624000706877
13	1	0.99999999999222955
13	2	0.99999999999999989
13	3	0.99999999999999989
13	4	0.99999999999999989
13	5	0.99999999999999989
13	6	0.99999999999999989
13	7	1
14	0	0.99999911460039193
14	1	0.99999999999952871
14	2	1
14	3	1
14	4	1
14	5	1
15	0	0.99999906100044078
15	1	0.99999999999947498
15	2	1
15	3	1
15	4	1
15	5	1
16	0	0.99999899940050063
16	1	0.99999999999917522
16	2	1
16	3	1
16	4	1
16	5	1
17	0	0.99999871340082758
17	1	0.99999999999905698
17	2	0.99999999999999989
17	3	0.99999999999999989
17	4	0.99999999999999989
17	5	0.99999999999999989
17	6	1
18	0	0.99999865180090886
18	1	0.99999999999897038
18	2	1
18	3	1
18	4	1
18	5	1
19	0	0.99999732920356654
19	1	0.99999999999593503
19	2	1
19	3	1
19	4	1
19	5	1
19	6	1
20	0	0.99999955740009794
20	1	0.99999999999986233
20	2	0.99999999999999989
20	3	0.99999999999999989
20	4	0.99999999999999989
20	5	0.99999999999999989
20	6	1
22	0	0.99999859820098258
22	1	0.99999999999889189
22	2	1
22	3	1
22	4	1
22	5	1
23	0	0.99999977980002419
23	1	0.99999999999995948
23	2	0.99999999999999989
23	3	0.99999999999999989
23	4	0.99999999999999989
23	5	0.99999999999999989
23	6	1
24	0	0.99999619240724902
24	1	0.9999999999920407
24	2	1
24	3	1
24	4	1
24	5	1
24	6	1
25	0	0.99999971020004197
25	1	0.99999999999993205
25	2	1
25	3	1
25	4	1
25	5	1
26	0	0.9999969164047543
26	1	0.99999999999394751
26	2	1
26	3	1
26	4	1
26	5	1
26	6	1
30	0	0.99999727960370033
30	1	0.99999999999579214
30	2	1
30	3	1
30	4	1
30	5	1
30	6	1
32	0	0.99999854460105919
32	1	0.99999999999881062
32	2	1
32	3	1
32	4	1
32	5	1
33	0	0.99999950780012115
33	1	0.9999999999998348
33	2	1
33	3	1
33	4	1
33	5	1
34	0	0.99999663240567038
34	1	0.99999999999370126
34	2	1
34	3	1
34	4	1
34	5	1
34	6	1
35	0	0.99999946820014152
35	1	0.99999999999981104
35	2	1
35	3	1
35	4	1
35	5	1
36	0	0.99999849100113847
36	1	0.99999999999872613
36	2	0.99999999999999989
36	3	0.99999999999999989
36	4	0.99999999999999989
36	5	0.99999999999999989
36	6	1
37	0	0.99999614680742366
37	1	0.99999999999185751
37	2	1
37	3	1
37	4	1
37	5	1
37	6	1
41	0	0.99999842140124595
41	1	0.99999999999861255
41	2	1
41	3	1
41	4	1
41	5	1
43	0	0.99999837380132217
43	1	0.99999999999853195
43	2	0.99999999999999989
43	3	0.99999999999999989
43	4	0.99999999999999989
43	5	0.99999999999999989
43	6	1
45	0	0.9999965888058181
45	1	0.99999999999354527
45	2	0.99999999999999989
45	3	0.99999999999999989
45	4	0.99999999999999989
45	5	0.99999999999999989
45	6	0.99999999999999989
45	7	1
46	0	0.99999610520758464
46	1	0.99999999999077549
46	2	0.99999999999999989
46	3	0.99999999999999989
46	4	0.99999999999999989
46	5	0.99999999999999989
46	6	0.99999999999999989
46	7	1
47	0	0.99999964860006174
47	1	0.99999999999990674
47	2	1
47	3	1
47	4	1
47	5	1
48	0	0.9999965452059677
48	1	0.9999999999933874
48	2	0.99999999999999989
48	3	0.99999999999999989
48	4	0.99999999999999989
48	5	0.99999999999999989
48	6	0.99999999999999989
48	7	1
50	0	0.99999721800386976
50	1	0.99999999999561118
50	2	1
50	3	1
50	4	1
50	5	1
50	6	1
51	0	0.99999650360611236
51	1	0.99999999999323519
51	2	1
51	3	1
51	4	1
51	5	1
51	6	1
53	0	0.99999645400628701
53	1	0.99999999999305123
53	2	0.99999999999999989
53	3	0.99999999999999989
53	4	0.99999999999999989
53	5	0.99999999999999989
53	6	0.99999999999999989
53	7	1
55	0	0.99999941660017011
55	1	0.99999999999977751
55	2	1
55	3	1
55	4	1
55	5	1
58	0	0.99999831220142432
58	1	0.99999999999842448
58	2	1
58	3	1
58	4	1
58	5	1
59	0	0.99999606360774773
59	1	0.9999999999905953
59	2	1
59	3	1
59	4	1
59	5	1
59	6	1
60	0	0.9999995990000804
60	1	0.99999999999988365
60	2	1
60	3	1
60	4	1
60	5	1
61	0	0.99999825060153014
61	1	0.99999999999831302
61	2	1
61	3	1
61	4	1
61	5	1
61	6	1
62	0	0.99999937700019415
62	1	0.9999999999997502
62	2	1
62	3	1
62	4	1
62	5	1
63	0	0.9999981970016254
63	1	0.9999999999982131
63	2	1
63	3	1
63	4	1
63	5	1
63	6	1
64	0	0.99999716840400887
64	1	0.99999999999546252
64	2	0.99999999999999989
64	3	0.99999999999999989
64	4	0.99999999999999989
64	5	0.99999999999999989
64	6	0.99999999999999989
64	7	1
66	0	0.99999812740175331
66	1	0.99999999999807887
66	2	1
66	3	1
66	4	1
66	5	1
66	6	1
67	0	0.9999979928020144
67	1	0.99999999999714051
67	2	1
67	3	1
67	4	1
67	5	1
67	6	1
68	0	0.99999641040644249
68	1	0.99999999999288747
68	2	0.99999999999999989
68	3	0.99999999999999989
68	4	0.99999999999999989
68	5	0.99999999999999989
68	6	0.99999999999999989
68	7	1
69	0	0.99999711880415076
69	1	0.99999999999463651
69	2	1
69	3	1
69	4	1
69	5	1
69	6	1
72	0	0.99999765580274758
72	1	0.99999999999681488
72	2	0.99999999999999989
72	3	0.99999999999999989
72	4	0.99999999999999989
72	5	0.99999999999999989
72	6	0.99999999999999989
72	7	1
73	0	0.99999606360774762
73	1	0.99999999999059519
73	2	1
73	3	1
73	4	1
73	5	1
73	6	1
74	0	0.99999636280661452
74	1	0.99999999999270661
74	2	0.99999999999999989
74	3	0.99999999999999989
74	4	0.99999999999999989
74	5	0.99999999999999989
74	6	0.99999999999999989
74	7	1
76	0	0.99999759420289391
76	1	0.99999999999665712
76	2	1
76	3	1
76	4	1
76	5	1
76	6	1
78	0	0.99999631920677401
78	1	0.99999999999253886
78	2	0.99999999999999978
78	3	0.99999999999999978
78	4	0.99999999999999978
78	5	0.99999999999999978
78	6	0.99999999999999978
78	7	1
79	0	0.99999754660300955
79	1	0.99999999999653255
79	2	0.99999999999999989
79	3	0.99999999999999989
79	4	0.99999999999999989
79	5	0.99999999999999989
79	6	0.99999999999999989
79	7	1
80	0	0.99999741840333223
80	1	0.99999999999618583
80	2	0.99999999999999989
80	3	0.99999999999999989
80	4	0.99999999999999989
80	5	0.99999999999999989
80	6	0.99999999999999989
80	7	1

[frame_wcrt_distribution]
frame_id	response_time_ms	probability
0	0.69259999999999999	0.9999993074002399
0	0.78220000000000001	6.9259945824849235e-07
0	0.87180000000000002	3.0190407679991208e-13
0	0.96140000000000003	1.0669376847389528e-19
0	1.0509999999999999	3.3502632783822851e-26
0	1.1406000000000001	9.7686440777898911e-33
2	0.75419999999999998	0.99999924580028443
2	0.84379999999999999	7.5419936360630855e-07
2	0.93340000000000001	3.5198481145722426e-13
2	1.0229999999999999	1.3154856072575398e-19
2	1.2021999999999999	5.3280272483040635e-33
2	1.347	4.3280460021897037e-26
2	1.4365999999999999	1.7945310390630198e-32
3	0.82379999999999987	0.9999991762003394
3	0.91339999999999988	8.237992475414229e-07
3	1.0029999999999999	4.1313528562510108e-13
3	1.2717999999999998	4.1218955550304551e-33
3	1.327	1.6390505704584494e-19
3	1.4166000000000001	9.5132364723760367e-26
3	1.5062	3.5077129504529191e-32
4	2.6292000000000013	0.9999973708034563
4	2.8158000000000012	2.629192596709064e-06
4	3.0024000000000015	3.9469431896799876e-12
4	3.0934000000000013	2.0363550261841613e-39
4	3.4234000000000009	4.4563564862831118e-18
4	3.5622000000000011	8.2686242930988055e-32
4	3.6100000000000008	5.2582710901872238e-24
4	3.748800000000001	1.7028629261780007e-37
4	3.7966000000000006	4.7502267629639821e-30
4	3.983200000000001	3.2023640604077429e-36
5	2.9288000000000012	0.99999707120428893
5	3.3498000000000006	2.9287901891221918e-06
5	3.3930000000000002	2.0363550261841613e-39
5	3.5364000000000004	5.5219399921768854e-12
5	3.7230000000000008	7.2827077730258324e-18
5	3.861800000000001	9.484326431811074e-32
5	3.9096000000000006	7.8668755641696893e-24
5	4.0484000000000009	2.7375518525995818e-37
5	4.0962000000000005	7.7358339628692979e-31
5	4.2828000000000008	3.0558625365238103e-36
5	4.3306000000000004	6.5490435457551975e-30
5	4.5172000000000008	3.9627793226318406e-36
6	3.7204000000000002	0.99999627960692061
6	3.907	3.720385464425597e-06
6	3.9501999999999997	8.1151147711214807e-40
6	4.3280000000000003	7.6148817627204163e-12
6	4.5146000000000006	1.3144567473372425e-17
6	4.6056000000000008	9.6797541691692861e-37
6	4.6534000000000004	2.9471408664536846e-32
6	4.7012	1.7020436715584998e-23
6	4.8399999999999999	1.9751304761626491e-37
6	4.8878000000000004	1.8742881195990812e-29
6	5.0744000000000007	1.6799191621241477e-35
7	2.5030000000000014	0.99999749700313256
7	2.6896000000000013	2.5029932679402534e-06
7	2.8762000000000016	3.5995539469480547e-12
7	2.9672000000000009	2.5016532624993097e-39
7	3.297200000000001	3.9133207355642808e-18
7	3.3882000000000012	8.4860295990997846e-38
7	3.4360000000000013	1.4722210067551622e-31
7	3.4838000000000009	4.4954246342174973e-24
7	3.6226000000000012	4.1966148640818792e-37
7	3.6704000000000008	3.8774703004372765e-30
7	3.8570000000000011	2.0322066760612369e-36
11	2.9744000000000015	0.99999702560442338
11	3.3954000000000009	2.9743899007393895e-06
11	3.4386000000000005	1.6430203687262489e-39
11	3.5820000000000007	5.6757297494996361e-12
11	3.7686000000000011	7.5707446460433231e-18
11	3.9074000000000013	9.7348705763963181e-32
11	3.9552000000000009	8.2632520717175992e-24
11	4.0940000000000012	3.0780598357716039e-37
11	4.1418000000000008	7.8617068346064501e-31
11	4.3284000000000011	3.293543985124375e-36
11	4.3762000000000008	6.9817890345480867e-30
11	4.5628000000000011	4.2214559406317285e-36
11	100.1866	2.2204460492503131e-16
12	3.0220000000000016	0.99999697800456622
12	3.4430000000000009	3.0219895952719155e-06
12	3.4862000000000006	2.0363550261841613e-39
12	3.6296000000000008	5.8384828086043505e-12
12	3.8162000000000011	7.8793615847896229e-18
12	3.9550000000000014	4.6933928243042314e-33
12	4.0028000000000006	8.6927323073700562e-24
12	4.1416000000000013	3.9976598739515992e-37
12	4.1894000000000009	8.1675392668713718e-31
12	4.3760000000000012	3.6683639699961206e-36
12	4.4238000000000008	7.5340708950513239e-30
12	4.6104000000000012	4.5386097217015825e-36
12	100.1866	1.1102230246251565e-16
13	3.7599999999999998	0.99999624000706877
13	3.9465999999999997	3.7599851608132854e-06
13	3.9897999999999993	8.1151147711214807e-40
13	4.3675999999999995	7.7703820620051956e-12
13	4.5541999999999998	1.3515345103741841e-17
13	4.6929999999999996	8.5837574887004818e-32
13	4.7408000000000001	1.7631580557937126e-23
13	4.8795999999999999	1.1592181445634205e-36
13	4.9273999999999996	1.9497714321248934e-29
13	5.1139999999999999	1.7745038032056321e-35
13	1000.1866	1.1102230246251565e-16
14	0.88539999999999996	0.99999911460039193
14	0.97499999999999998	8.8539913673542023e-07
14	1.2989999999999999	4.7129780778375034e-13
14	1.3333999999999999	4.9505094471138933e-33
14	1.3885999999999998	3.070569370111078e-19
14	1.4782	1.3991218384741049e-25
14	1.5677999999999999	4.9204022197388494e-32
15	0.93899999999999983	0.99999906100044078
15	1.0285999999999997	9.3899903414509645e-07
15	1.3525999999999998	5.2499418989237956e-13
15	1.3869999999999998	6.5549749566527784e-33
15	1.4421999999999997	3.5135749929184987e-19
15	1.5317999999999998	1.6440455182398591e-25
15	1.6213999999999997	5.8692043255841717e-32
16	1.0005999999999999	0.99999899940050063
16	1.3245999999999998	1.000598674606119e-06
16	1.4141999999999999	8.2479341357633173e-13
16	1.4485999999999999	6.0834060926787899e-33
16	1.5037999999999998	4.5558170708638098e-19
16	1.5933999999999999	2.0614086729233766e-25
16	1.6829999999999998	7.6062876419452137e-32
17	1.2865999999999997	0.99999871340082758
17	1.3761999999999996	1.2865982293822985e-06
17	1.4657999999999998	9.4294775782616383e-13
17	1.5001999999999998	3.048366916752272e-39
17	1.5553999999999997	5.1877114331206944e-19
17	1.6449999999999998	2.3863233884218775e-25
17	1.7345999999999997	9.7064179308659555e-32
17	10.089600000000001	1.1102230246251565e-16
18	1.3481999999999998	0.99999865180090886
18	1.4377999999999997	1.3481980615594341e-06
18	1.5273999999999999	1.0296187673590967e-12
18	1.5617999999999999	7.3913248160757259e-39
18	1.6169999999999998	5.8751966827993143e-19
18	1.7065999999999999	2.7921424010596047e-25
18	1.7961999999999998	1.16947549029521e-31
19	2.6708000000000016	0.99999732920356654
19	2.8574000000000015	2.6707923684669868e-06
19	3.1350000000000011	1.0382104335251053e-39
19	3.2784000000000013	4.0649442734648581e-12
19	3.4650000000000012	5.5985637127644672e-18
19	3.6038000000000014	7.1889070804555948e-32
19	3.6516000000000011	5.8190093291599916e-24
19	3.7904000000000018	1.4121198532918659e-37
19	3.8382000000000009	5.1540353034340481e-30
19	4.0248000000000008	3.5872218452086308e-36
20	0.44259999999999999	0.99999955740009794
20	0.53220000000000001	4.4259976444834338e-07
20	0.62180000000000002	1.3760425443764826e-13
20	0.71140000000000003	3.7332542824286278e-20
20	0.80099999999999993	9.4775780202319706e-27
20	0.89060000000000006	2.3203879592285321e-33
20	5.0895999999999999	1.1102230246251565e-16
22	1.4017999999999997	0.99999859820098258
22	1.4913999999999996	1.4017979093570392e-06
22	1.5809999999999997	1.1081211480590817e-12
22	1.6153999999999997	3.6867414279053032e-39
22	1.6705999999999996	6.5204719933037179e-19
22	1.7601999999999998	3.1853715690537632e-25
22	1.8497999999999997	1.3677388522822424e-31
23	0.22020000000000001	0.99999977980002419
23	0.29380000000000001	2.2019993530524971e-07
23	0.3674	4.0450725138400922e-14
23	0.441	7.1374495523840653e-21
23	0.51459999999999995	1.2503027749418276e-27
23	0.58820000000000006	2.1965239470135302e-34
23	1.0735999999999999	1.1102230246251565e-16
24	3.8075999999999999	0.99999619240724902
24	3.9941999999999998	3.8075847917144492e-06
24	4.0373999999999999	2.0363550261841613e-39
24	4.4151999999999996	7.959371897703611e-12
24	4.6017999999999999	1.3970097101931231e-17
24	4.7405999999999997	8.953158749995825e-32
24	4.7883999999999993	1.8387699294138817e-23
24	4.9272	1.2754729053711863e-36
24	4.9749999999999996	2.0505840933504001e-29
24	5.1616	1.8799247544114962e-35
25	0.2898	0.99999971020004197
25	0.37940000000000002	2.8979989004990092e-07
25	0.46899999999999997	6.7958068127658624e-14
25	0.55859999999999999	1.5071231849207554e-20
25	0.6482	3.2886218502432301e-27
25	0.73780000000000001	7.1560188833962541e-34
26	3.0836000000000019	0.9999969164047543
26	3.5046000000000013	3.083589193234383e-06
26	3.547800000000001	3.681662677637311e-37
26	3.6912000000000011	6.0524677390898721e-12
26	3.8778000000000015	8.2909714675258622e-18
26	4.0166000000000022	3.526352058242492e-32
26	4.0644000000000009	9.2730232673866524e-24
26	4.2032000000000016	4.7457737338800481e-37
26	4.2510000000000012	9.0339398864156341e-31
26	4.4376000000000015	3.9770879966634601e-36
26	4.4854000000000012	8.0870880529873733e-30
26	4.6720000000000015	4.8737722399021153e-36
30	2.7204000000000015	0.99999727960370033
30	2.9070000000000014	2.7203920918086963e-06
30	3.184600000000001	2.5016532624993097e-39
30	3.3280000000000012	4.2079007160831173e-12
30	3.5146000000000011	5.8647680369540443e-18
30	3.6534000000000013	8.8094002074746171e-32
30	3.7012000000000009	6.1660259267794046e-24
30	3.8400000000000016	1.5833262555458267e-37
30	3.8878000000000008	5.5087064637344653e-30
30	4.0744000000000007	3.9454622980738123e-36
32	1.4553999999999998	0.99999854460105919
32	1.5449999999999997	1.4553977514087367e-06
32	1.6345999999999998	1.1894964756474729e-12
32	1.6689999999999998	3.6867414279053032e-39
32	1.7241999999999997	7.2111686539189749e-19
32	1.8137999999999999	3.6185829606609425e-25
32	1.9033999999999998	1.5919177988088802e-31
33	0.49219999999999997	0.99999950780012115
33	0.58179999999999998	4.9219971363812386e-07
33	0.6714	1.6523142906358154e-13
33	0.7609999999999999	4.7507189880348222e-20
33	0.85060000000000002	1.2621359391180308e-26
33	0.94019999999999992	3.205095742230521e-33
34	3.3676000000000008	0.99999663240567038
34	3.5542000000000007	3.3675880308973498e-06
34	3.5974000000000004	2.5016532624993097e-39
34	3.740800000000001	6.2987354776462579e-12
34	3.9274000000000009	8.6572072881800023e-18
34	4.0662000000000011	5.4691844097971831e-33
34	4.2528000000000015	5.1522632887814816e-37
34	4.3006000000000011	2.7879929208635371e-31
34	4.3484000000000016	9.7701275322673223e-24
34	4.4872000000000005	2.2031325285160841e-36
34	4.535000000000001	1.1605457234214032e-29
34	4.7216000000000014	8.0454255579061628e-36
35	0.53180000000000005	0.99999946820014152
35	0.62140000000000006	5.3179966953958286e-07
35	0.71100000000000008	1.8905476558201396e-13
35	0.80059999999999998	5.6810407758902659e-20
35	0.8902000000000001	1.5631457512724251e-26
35	0.9798	4.0842890292436127e-33
36	1.5089999999999997	0.99999849100113847
36	1.5985999999999996	1.5089975877145281e-06
36	1.6881999999999997	1.2737447496622976e-12
36	1.7225999999999999	3.6867414279053032e-39
36	1.7777999999999996	7.9488265611635717e-19
36	1.8673999999999997	4.0943904019658076e-25
36	1.9569999999999996	1.8444654752486113e-31
36	10.089600000000001	1.1102230246251565e-16
37	3.8531999999999993	0.99999614680742366
37	4.0397999999999996	3.8531844338740833e-06
37	4.0829999999999993	2.0363550261841613e-39
37	4.4607999999999999	8.1425459176501537e-12
37	4.6474000000000002	1.4415122495860017e-17
37	4.7861999999999991	9.1033543009600446e-32
37	4.8339999999999996	1.9134504705280298e-23
37	4.9727999999999994	1.3910434807533917e-36
37	5.0206	2.1512333716594759e-29
37	5.2072000000000003	1.9842423711998313e-35
41	1.5785999999999998	0.99999842140124595
41	1.6681999999999997	1.5785973665816764e-06
41	1.7577999999999998	1.3874291011749856e-12
41	1.7921999999999998	1.3610212993976972e-38
41	1.8473999999999997	8.9792884772071633e-19
41	1.9369999999999998	4.7802309307694735e-25
41	2.0265999999999997	2.219024996073876e-31
43	1.6261999999999996	0.99999837380132217
43	1.7157999999999995	1.6261972097684348e-06
43	1.8053999999999997	1.4679680897280194e-12
43	1.8397999999999997	2.0363550261841613e-39
43	1.8949999999999996	9.7328563145531344e-19
43	1.9845999999999997	5.2964004546866689e-25
43	2.0741999999999998	2.5083863172296602e-31
43	10.089600000000001	1.1102230246251565e-16
45	3.4112000000000005	0.9999965888058181
45	3.5978000000000003	3.411187727206716e-06
45	3.641	1.312959050936332e-39
45	3.7844000000000007	6.4546482129830811e-12
45	3.9710000000000005	8.9650761361453185e-18
45	4.2964000000000011	5.6532985818872786e-37
45	4.3442000000000007	2.7706539711734949e-31
45	4.3920000000000012	1.0214618365209679e-23
45	4.5308000000000002	2.3441900500098347e-36
45	4.5786000000000007	1.2241498947509049e-29
45	4.765200000000001	8.5586955490787409e-36
45	100.1866	1.1102230246251565e-16
46	3.8947999999999996	0.99999610520758464
46	4.1245999999999992	1.0382104335251053e-39
46	4.3158000000000003	3.8947831908584355e-06
46	4.5023999999999997	9.2244027879554023e-12
46	4.6890000000000001	1.5106549115222495e-17
46	4.8277999999999999	7.8228340314687704e-33
46	4.8756000000000004	1.9931318299816777e-23
46	5.0143999999999993	1.5002036122641331e-36
46	5.0621999999999998	6.8168318812952783e-31
46	5.2488000000000001	1.2693363353062349e-35
46	5.5186000000000011	2.1903278112080933e-29
46	5.7052000000000014	1.8277982475195369e-35
46	1000.1866	1.1102230246251565e-16
47	0.35140000000000005	0.99999964860006174
47	0.44100000000000006	3.5139984503263407e-07
47	0.53060000000000007	9.3226370534074845e-14
47	0.62020000000000008	2.2527539571082335e-20
47	0.70979999999999999	5.235982570684463e-27
47	0.79940000000000011	1.1958502557029219e-33
48	3.4548000000000005	0.9999965452059677
48	3.6414000000000004	3.454787419714184e-06
48	3.6846000000000001	1.312959050936332e-39
48	3.8280000000000003	6.6124618874474532e-12
48	4.0146000000000006	9.280138921407532e-18
48	4.3400000000000007	6.215519436813753e-37
48	4.3878000000000004	2.8565893393655432e-31
48	4.4356000000000009	1.0674064266893121e-23
48	4.5744000000000007	2.4849030294078157e-36
48	4.6222000000000003	1.2887878186196762e-29
48	4.8088000000000006	9.1534271740039624e-36
48	100.1866	1.1102230246251565e-16
50	2.7820000000000018	0.99999721800386976
50	2.9686000000000017	2.7819917413670615e-06
50	3.2462000000000013	7.3913248160757259e-39
50	3.3896000000000015	4.3888683234667285e-12
50	3.5762000000000014	6.2067885222698771e-18
50	3.7150000000000016	1.1422872845184872e-31
50	3.7628000000000013	6.6181407206612027e-24
50	3.901600000000002	1.8097306380212955e-37
50	3.9494000000000011	5.9719869025749742e-30
50	4.136000000000001	4.295984047443018e-36
51	3.4964000000000004	0.99999650360611236
51	3.6830000000000003	3.4963871227825125e-06
51	3.7262	1.0382104335251053e-39
51	3.8696000000000002	6.7648085428462203e-12
51	4.2906000000000004	9.5875296319264518e-18
51	4.3816000000000006	6.7871998002869661e-37
51	4.4294000000000002	1.3268851830471738e-31
51	4.4771999999999998	1.3373996729286792e-23
51	4.6160000000000005	2.5656752904276753e-36
51	4.6638000000000002	1.4373609141933057e-29
51	4.8504000000000005	9.8785307353647753e-36
53	3.5460000000000003	0.99999645400628701
53	3.7326000000000001	3.5459867642251048e-06
53	3.7757999999999998	7.3913248160757259e-39
53	3.9192	6.9487143665453032e-12
53	4.3402000000000003	9.9627946006250443e-18
53	4.4312000000000005	7.6096334581491094e-37
53	4.4790000000000001	1.7473060150065158e-31
53	4.5267999999999997	1.402020773442393e-23
53	4.6656000000000004	2.7139871250841051e-36
53	4.7134	1.5166353149074432e-29
53	4.9000000000000004	1.0429126117303733e-35
53	100.1866	1.1102230246251565e-16
55	0.58339999999999992	0.99999941660017011
55	0.67299999999999993	5.8339960737193222e-07
55	0.76259999999999994	2.224502503593744e-13
55	0.85219999999999985	7.0615146431079934e-20
55	0.94179999999999997	2.0306301604995698e-26
55	1.0313999999999999	5.5016544151250318e-33
58	1.6877999999999997	0.99999831220142432
58	1.7773999999999996	1.687797000106946e-06
58	1.8669999999999998	1.5755583584297991e-12
58	1.9013999999999998	7.3913248160757259e-39
58	1.9565999999999997	1.0768940583750239e-18
58	2.0461999999999998	6.0249450896005127e-25
58	2.1357999999999997	2.9267203420021718e-31
59	3.9363999999999995	0.99999606360774773
59	4.166199999999999	1.0382104335251053e-39
59	4.3574000000000002	3.9363828475680121e-06
59	4.5439999999999996	9.4048041444728798e-12
59	4.7305999999999999	1.5531379465261204e-17
59	4.8693999999999997	8.0507542782598347e-33
59	4.9171999999999993	2.0652178587288897e-23
59	5.0559999999999992	1.620492561885578e-36
59	5.1037999999999997	6.9271943352828364e-31
59	5.2904	1.336528790685259e-35
59	5.5602000000000009	2.2879213056637046e-29
59	5.7468000000000012	1.90846825520671e-35
60	0.40100000000000002	0.9999995990000804
60	0.49060000000000004	4.0099980326944772e-07
60	0.58020000000000005	1.1633003250529549e-13
60	0.66979999999999995	2.998355459034176e-20
60	0.75940000000000007	7.3171941672449771e-27
60	0.84899999999999998	1.7361753307415967e-33
61	1.7493999999999998	0.99999825060153014
61	1.8389999999999997	1.7493967828563591e-06
61	1.9285999999999999	1.6869431665582736e-12
61	1.9630000000000001	7.3913248160757259e-39
61	2.0181999999999998	1.1875869017523606e-18
61	2.1974	1.5843679717812644e-31
61	2.3422000000000001	6.8259808225048252e-25
61	2.4318000000000004	3.414581549211565e-31
61	2.5214000000000003	6.8376737773163832e-38
62	0.623	0.99999937700019415
62	0.71260000000000001	6.2299955605035853e-07
62	0.80220000000000002	2.4988509954209364e-13
62	0.89179999999999993	8.2579328109056011e-20
62	0.98140000000000005	2.4536608849956668e-26
62	1.071	6.8306854658130966e-33
63	1.8029999999999999	0.9999981970016254
63	1.8925999999999998	1.8029965876454304e-06
63	1.9822	1.7869497579046809e-12
63	2.0166000000000004	3.6867414279053032e-39
63	2.2509999999999999	9.7341692802385128e-32
63	2.3062000000000005	1.2898497749650195e-18
63	2.3958000000000004	1.0608989225999877e-24
63	2.4854000000000003	5.2874693213787301e-31
63	2.5750000000000002	8.0726897426953764e-38
64	2.8316000000000017	0.99999716840400887
64	3.0182000000000015	2.8315914536777792e-06
64	3.2958000000000012	2.5016532624993097e-39
64	3.4392000000000014	4.5373402351526386e-12
64	3.6258000000000012	6.4915182480958119e-18
64	3.7646000000000015	1.0285772934720034e-31
64	3.8124000000000011	6.9997291516965786e-24
64	3.9512000000000018	2.127872388764688e-37
64	3.999000000000001	6.4016576480458562e-30
64	4.1856000000000009	4.6975282358376371e-36
64	50.186599999999999	1.1102230246251565e-16
66	1.8726	0.99999812740175331
66	1.9621999999999999	1.872596325587886e-06
66	2.0518000000000001	1.9210963982903727e-12
66	2.0862000000000003	1.3610212993976972e-38
66	2.3206000000000002	1.1930814810381496e-31
66	2.3758000000000008	1.4311604747609089e-18
66	2.4654000000000007	1.2018898679451563e-24
66	2.5550000000000006	6.0570330073275345e-31
66	2.6446000000000005	1.1915834596136848e-37
67	2.0072000000000001	0.9999979928020144
67	2.4282000000000004	2.0071951261228781e-06
67	2.6148000000000007	2.8594496431013013e-12
67	2.7058000000000004	1.069531714134382e-36
67	2.8014000000000006	2.9073041695200297e-18
67	2.9401999999999999	1.7874277278901362e-31
67	2.9880000000000004	2.4824370287805871e-24
67	3.1746000000000003	7.2243790119841595e-31
67	3.3612000000000002	3.3406982984249865e-37
67	3.4090000000000003	9.924710868155951e-31
67	3.5956000000000001	6.0306995383444508e-37
68	3.5895999999999999	0.99999641040644249
68	3.7761999999999998	3.5895864449780692e-06
68	3.8193999999999995	1.312959050936332e-39
68	3.9627999999999997	7.1124052549046043e-12
68	4.3837999999999999	1.0300623358070991e-17
68	4.4748000000000001	7.3306771071027687e-37
68	4.5225999999999997	8.1596723525603669e-32
68	4.5704000000000002	1.4607187067060285e-23
68	4.7092000000000001	8.7182968995889043e-37
68	4.7570000000000006	1.6024447870453905e-29
68	4.9436	1.3488665923898185e-35
68	100.1866	1.1102230246251565e-16
69	2.881200000000002	0.99999711880415076
69	3.3022000000000014	2.8811904857170716e-06
69	3.345400000000001	2.5016532624993097e-39
69	3.4888000000000012	5.3636232073587255e-12
69	3.6754000000000016	6.9898804692261412e-18
69	3.8142000000000018	9.1775792477856517e-32
69	3.8620000000000014	7.4684429604462081e-24
69	4.0008000000000017	2.4167305329807948e-37
69	4.0486000000000013	8.5607568673581443e-31
69	4.2352000000000016	2.8140233628410115e-36
69	4.2830000000000021	6.0240650775519935e-30
69	4.4696000000000016	3.6656502971872841e-36
72	2.3442000000000007	0.99999765580274758
72	2.5308000000000006	2.3441940673061504e-06
72	2.7174000000000005	3.1850558849173848e-12
72	2.8084000000000007	9.4744828342627527e-38
72	2.9040000000000008	3.2948479229477519e-18
72	3.0428000000000002	6.3012634638548658e-32
72	3.0906000000000007	2.8834370761942216e-24
72	3.2294	4.3114678043937099e-38
72	3.2772000000000006	7.589933574942319e-31
72	3.4638000000000009	6.0529590828922069e-37
72	3.5116000000000001	1.4313185955925606e-30
72	3.6981999999999999	8.5141616174324545e-37
72	10.1866	1.1102230246251565e-16
73	3.936399999999999	0.99999606360774762
73	4.166199999999999	1.6430203687262489e-39
73	4.3574000000000002	3.9363828475680095e-06
73	4.5439999999999996	9.4048041444728846e-12
73	4.7305999999999999	1.5531379465261207e-17
73	4.8693999999999988	9.3678485209062038e-33
73	4.9171999999999993	2.0652178587288915e-23
73	5.0559999999999992	1.6231666175909026e-36
73	5.1037999999999997	7.0924738835612349e-31
73	5.2904	1.3358104785359843e-35
73	5.5602000000000009	2.2861368021792197e-29
73	5.7468000000000012	1.9069902950949769e-35
74	3.6372	0.99999636280661452
74	3.8237999999999999	3.6371860921012277e-06
74	3.8669999999999995	2.5016532624993097e-39
74	4.0103999999999997	7.29328419095443e-12
74	4.4314	1.0678049896984851e-17
74	4.5224000000000002	7.998326908311844e-37
74	4.5701999999999998	8.6844559077833595e-32
74	4.6180000000000003	1.5268694858030903e-23
74	4.7568000000000001	9.2546131608150326e-37
74	4.8045999999999998	1.6888678704566581e-29
74	4.9912000000000001	1.4352830120918015e-35
74	100.1866	1.1102230246251565e-16
76	2.405800000000001	0.99999759420289391
76	2.5924000000000009	2.4057937632121642e-06
76	2.7790000000000008	3.342849810207479e-12
76	2.8700000000000006	7.3913248160757259e-39
76	2.9656000000000011	3.5264045099939564e-18
76	3.2910000000000004	6.0426874618193561e-38
76	3.3388000000000009	3.6711217058215978e-31
76	3.3866000000000005	3.1396996325084528e-24
76	3.5254000000000012	3.3969415760858012e-37
76	3.5732000000000004	2.8602044382332579e-30
76	3.7598000000000003	1.5105721435487673e-36
78	3.6808000000000001	0.99999631920677401
78	3.8673999999999999	3.6807857649016103e-06
78	3.9105999999999996	1.312959050936332e-39
78	4.2884000000000002	7.4609496043951238e-12
78	4.4749999999999996	1.278057677974562e-17
78	4.5660000000000007	8.8598601645359266e-37
78	4.6138000000000003	3.0004966275286506e-32
78	4.6616	1.6425246469313481e-23
78	4.8003999999999998	9.6117457394824735e-37
78	4.8482000000000003	1.7958173383233888e-29
78	5.0347999999999997	1.5181642155279522e-35
78	100.1866	2.2204460492503131e-16
79	2.4534000000000007	0.99999754660300955
79	2.6400000000000006	2.4533935230325515e-06
79	2.8266000000000009	3.4673804190886636e-12
79	2.9176000000000006	2.0363550261841613e-39
79	3.0132000000000008	3.7125449400787424e-18
79	3.3386000000000005	7.3357473596481831e-38
79	3.3864000000000005	2.6458561489880328e-31
79	3.4342000000000001	3.3490692674601644e-24
79	3.5730000000000004	3.9742631165338321e-37
79	3.6208	3.2091131046976966e-30
79	3.8074000000000003	1.7585529179489449e-36
79	10.1866	1.1102230246251565e-16
80	2.5816000000000012	0.99999741840333223
80	2.7682000000000011	2.5815928536247738e-06
80	2.9548000000000014	3.8140445702444599e-12
80	3.0458000000000007	2.4999507328886841e-38
80	3.3758000000000008	4.2460266407617451e-18
80	3.5146000000000011	1.1390428091841492e-31
80	3.5624000000000007	4.9601125692350924e-24
80	3.7012000000000009	1.417380096346192e-37
80	3.7490000000000006	4.4003553866698126e-30
80	3.9356000000000009	2.9385334830262694e-36
80	20.186599999999999	1.1102230246251565e-16

[frame_wcrt_cdf]
frame_id	response_time_ms	cumulative_probability
0	0.69259999999999999	0.9999993074002399
0	0.78220000000000001	0.99999999999969813
0	0.87180000000000002	1
0	0.96140000000000003	1
0	1.0509999999999999	1
0	1.1406000000000001	1
2	0.75419999999999998	0.99999924580028443
2	0.84379999999999999	0.99999999999964806
2	0.93340000000000001	1
2	1.0229999999999999	1
2	1.2021999999999999	1
2	1.347	1
2	1.4365999999999999	1
3	0.82379999999999987	0.9999991762003394
3	0.91339999999999988	0.999999999999587
3	1.0029999999999999	1
3	1.2717999999999998	1
3	1.327	1
3	1.4166000000000001	1
3	1.5062	1
4	2.6292000000000013	0.9999973708034563
4	2.8158000000000012	0.99999999999605305
4	3.0024000000000015	1
4	3.0934000000000013	1
4	3.4234000000000009	1
4	3.5622000000000011	1
4	3.6100000000000008	1
4	3.748800000000001	1
4	3.7966000000000006	1
4	3.983200000000001	1
5	2.9288000000000012	0.99999707120428893
5	3.3498000000000006	0.99999999999447808
5	3.3930000000000002	0.99999999999447808
5	3.5364000000000004	1
5	3.7230000000000008	1
5	3.861800000000001	1
5	3.9096000000000006	1
5	4.0484000000000009	1
5	4.0962000000000005	1
5	4.2828000000000008	1
5	4.3306000000000004	1
5	4.5172000000000008	1
6	3.7204000000000002	0.99999627960692061
6	3.907	0.99999999999238509
6	3.9501999999999997	0.99999999999238509
6	4.3280000000000003	1
6	4.5146000000000006	1
6	4.6056000000000008	1
6	4.6534000000000004	1
6	4.7012	1
6	4.8399999999999999	1
6	4.8878000000000004	1
6	5.0744000000000007	1
7	2.5030000000000014	0.99999749700313256
7	2.6896000000000013	0.99999999999640055
7	2.8762000000000016	1
7	2.9672000000000009	1
7	3.297200000000001	1
7	3.3882000000000012	1
7	3.4360000000000013	1
7	3.4838000000000009	1
7	3.6226000000000012	1
7	3.6704000000000008	1
7	3.8570000000000011	1
11	2.9744000000000015	0.99999702560442338
11	3.3954000000000009	0.9999999999943241
11	3.4386000000000005	0.9999999999943241
11	3.5820000000000007	0.99999999999999978
11	3.7686000000000011	0.99999999999999978
11	3.9074000000000013	0.99999999999999978
11	3.9552000000000009	0.99999999999999978
11	4.0940000000000012	0.99999999999999978
11	4.1418000000000008	0.99999999999999978
11	4.3284000000000011	0.99999999999999978
11	4.3762000000000008	0.99999999999999978
11	4.5628000000000011	0.99999999999999978
11	100.1866	1
12	3.0220000000000016	0.99999697800456622
12	3.4430000000000009	0.99999999999416145
12	3.4862000000000006	0.99999999999416145
12	3.6296000000000008	0.99999999999999989
12	3.8162000000000011	0.99999999999999989
12	3.9550000000000014	0.99999999999999989
12	4.0028000000000006	0.99999999999999989
12	4.1416000000000013	0.99999999999999989
12	4.1894000000000009	0.99999999999999989
12	4.3760000000000012	0.99999999999999989
12	4.4238000000000008	0.99999999999999989
12	4.6104000000000012	0.99999999999999989
12	100.1866	1
13	3.7599999999999998	0.99999624000706877
13	3.9465999999999997	0.99999999999222955
13	3.9897999999999993	0.99999999999222955
13	4.3675999999999995	0.99999999999999989
13	4.5541999999999998	0.99999999999999989
13	4.6929999999999996	0.99999999999999989
13	4.7408000000000001	0.99999999999999989
13	4.8795999999999999	0.99999999999999989
13	4.9273999999999996	0.99999999999999989
13	5.1139999999999999	0.99999999999999989
13	1000.1866	1
14	0.88539999999999996	0.99999911460039193
14	0.97499999999999998	0.99999999999952871
14	1.2989999999999999	1
14	1.3333999999999999	1
14	1.3885999999999998	1
14	1.4782	1
14	1.5677999999999999	1
15	0.93899999999999983	0.99999906100044078
15	1.0285999999999997	0.99999999999947498
15	1.3525999999999998	1
15	1.3869999999999998	1
15	1.4421999999999997	1
15	1.5317999999999998	1
15	1.6213999999999997	1
16	1.0005999999999999	0.99999899940050063
16	1.3245999999999998	0.99999999999917522
16	1.4141999999999999	1
16	1.4485999999999999	1
16	1.5037999999999998	1
16	1.5933999999999999	1
16	1.6829999999999998	1
17	1.2865999999999997	0.99999871340082758
17	1.3761999999999996	0.99999999999905698
17	1.4657999999999998	0.99999999999999989
17	1.5001999999999998	0.99999999999999989
17	1.5553999999999997	0.99999999999999989
17	1.6449999999999998	0.99999999999999989
17	1.7345999999999997	0.99999999999999989
17	10.089600000000001	1
18	1.3481999999999998	0.99999865180090886
18	1.4377999999999997	0.99999999999897038
18	1.5273999999999999	1
18	1.5617999999999999	1
18	1.6169999999999998	1
18	1.7065999999999999	1
18	1.7961999999999998	1
19	2.6708000000000016	0.99999732920356654
19	2.8574000000000015	0.99999999999593503
19	3.1350000000000011	0.99999999999593503
19	3.2784000000000013	1
19	3.4650000000000012	1
19	3.6038000000000014	1
19	3.6516000000000011	1
19	3.7904000000000018	1
19	3.8382000000000009	1
19	4.0248000000000008	1
20	0.44259999999999999	0.99999955740009794
20	0.53220000000000001	0.99999999999986233
20	0.62180000000000002	0.99999999999999989
20	0.71140000000000003	0.99999999999999989
20	0.80099999999999993	0.99999999999999989
20	0.89060000000000006	0.99999999999999989
20	5.0895999999999999	1
22	1.4017999999999997	0.99999859820098258
22	1.4913999999999996	0.99999999999889189
22	1.5809999999999997	1
22	1.6153999999999997	1
22	1.6705999999999996	1
22	1.7601999999999998	1
22	1.8497999999999997	1
23	0.22020000000000001	0.99999977980002419
23	0.29380000000000001	0.99999999999995948
23	0.3674	0.99999999999999989
23	0.441	0.99999999999999989
23	0.51459999999999995	0.99999999999999989
23	0.58820000000000006	0.99999999999999989
23	1.0735999999999999	1
24	3.8075999999999999	0.99999619240724902
24	3.9941999999999998	0.9999999999920407
24	4.0373999999999999	0.9999999999920407
24	4.4151999999999996	1
24	4.6017999999999999	1
24	4.7405999999999997	1
24	4.7883999999999993	1
24	4.9272	1
24	4.9749999999999996	1
24	5.1616	1
25	0.2898	0.99999971020004197
25	0.37940000000000002	0.99999999999993205
25	0.46899999999999997	1
25	0.55859999999999999	1
25	0.6482	1
25	0.73780000000000001	1
26	3.0836000000000019	0.9999969164047543
26	3.5046000000000013	0.99999999999394751
26	3.547800000000001	0.99999999999394751
26	3.6912000000000011	1
26	3.8778000000000015	1
26	4.0166000000000022	1
26	4.0644000000000009	1
26	4.2032000000000016	1
26	4.2510000000000012	1
26	4.4376000000000015	1
26	4.4854000000000012	1
26	4.6720000000000015	1
30	2.7204000000000015	0.99999727960370033
30	2.9070000000000014	0.99999999999579214
30	3.184600000000001	0.99999999999579214
30	3.3280000000000012	1
30	3.5146000000000011	1
30	3.6534000000000013	1
30	3.7012000000000009	1
30	3.8400000000000016	1
30	3.8878000000000008	1
30	4.0744000000000007	1
32	1.4553999999999998	0.99999854460105919
32	1.5449999999999997	0.99999999999881062
32	1.6345999999999998	1
32	1.6689999999999998	1
32	1.7241999999999997	1
32	1.8137999999999999	1
32	1.9033999999999998	1
33	0.49219999999999997	0.99999950780012115
33	0.58179999999999998	0.9999999999998348
33	0.6714	1
33	0.7609999999999999	1
33	0.85060000000000002	1
33	0.94019999999999992	1
34	3.3676000000000008	0.99999663240567038
34	3.5542000000000007	0.99999999999370126
34	3.5974000000000004	0.99999999999370126
34	3.740800000000001	1
34	3.9274000000000009	1
34	4.0662000000000011	1
34	4.2528000000000015	1
34	4.3006000000000011	1
34	4.3484000000000016	1
34	4.4872000000000005	1
34	4.535000000000001	1
34	4.7216000000000014	1
35	0.53180000000000005	0.99999946820014152
35	0.62140000000000006	0.99999999999981104
35	0.71100000000000008	1
35	0.80059999999999998	1
35	0.8902000000000001	1
35	0.9798	1
36	1.5089999999999997	0.99999849100113847
36	1.5985999999999996	0.99999999999872613
36	1.6881999999999997	0.99999999999999989
36	1.7225999999999999	0.99999999999999989
36	1.7777999999999996	0.99999999999999989
36	1.8673999999999997	0.99999999999999989
36	1.9569999999999996	0.99999999999999989
36	10.089600000000001	1
37	3.8531999999999993	0.99999614680742366
37	4.0397999999999996	0.99999999999185751
37	4.0829999999999993	0.99999999999185751
37	4.4607999999999999	1
37	4.6474000000000002	1
37	4.7861999999999991	1
37	4.8339999999999996	1
37	4.9727999999999994	1
37	5.0206	1
37	5.2072000000000003	1
41	1.5785999999999998	0.99999842140124595
41	1.6681999999999997	0.99999999999861255
41	1.7577999999999998	1
41	1.7921999999999998	1
41	1.8473999999999997	1
41	1.9369999999999998	1
41	2.0265999999999997	1
43	1.6261999999999996	0.99999837380132217
43	1.7157999999999995	0.99999999999853195
43	1.8053999999999997	0.99999999999999989
43	1.8397999999999997	0.99999999999999989
43	1.8949999999999996	0.99999999999999989
43	1.9845999999999997	0.99999999999999989
43	2.0741999999999998	0.99999999999999989
43	10.089600000000001	1
45	3.4112000000000005	0.9999965888058181
45	3.5978000000000003	0.99999999999354527
45	3.641	0.99999999999354527
45	3.7844000000000007	0.99999999999999989
45	3.9710000000000005	0.99999999999999989
45	4.2964000000000011	0.99999999999999989
45	4.3442000000000007	0.99999999999999989
45	4.3920000000000012	0.99999999999999989
45	4.5308000000000002	0.99999999999999989
45	4.5786000000000007	0.99999999999999989
45	4.765200000000001	0.99999999999999989
45	100.1866	1
46	3.8947999999999996	0.99999610520758464
46	4.1245999999999992	0.99999610520758464
46	4.3158000000000003	0.99999999999077549
46	4.5023999999999997	0.99999999999999989
46	4.6890000000000001	0.99999999999999989
46	4.8277999999999999	0.99999999999999989
46	4.8756000000000004	0.99999999999999989
46	5.0143999999999993	0.99999999999999989
46	5.0621999999999998	0.99999999999999989
46	5.2488000000000001	0.99999999999999989
46	5.5186000000000011	0.99999999999999989
46	5.7052000000000014	0.99999999999999989
46	1000.1866	1
47	0.35140000000000005	0.99999964860006174
47	0.44100000000000006	0.99999999999990674
47	0.53060000000000007	1
47	0.62020000000000008	1
47	0.70979999999999999	1
47	0.79940000000000011	1
48	3.4548000000000005	0.9999965452059677
48	3.6414000000000004	0.9999999999933874
48	3.6846000000000001	0.9999999999933874
48	3.8280000000000003	0.99999999999999989
48	4.0146000000000006	0.99999999999999989
48	4.3400000000000007	0.99999999999999989
48	4.3878000000000004	0.99999999999999989
48	4.4356000000000009	0.99999999999999989
48	4.5744000000000007	0.99999999999999989
48	4.6222000000000003	0.99999999999999989
48	4.8088000000000006	0.99999999999999989
48	100.1866	1
50	2.7820000000000018	0.99999721800386976
50	2.9686000000000017	0.99999999999561118
50	3.2462000000000013	0.99999999999561118
50	3.3896000000000015	1
50	3.5762000000000014	1
50	3.7150000000000016	1
50	3.7628000000000013	1
50	3.901600000000002	1
50	3.9494000000000011	1
50	4.136000000000001	1
51	3.4964000000000004	0.99999650360611236
51	3.6830000000000003	0.99999999999323519
51	3.7262	0.99999999999323519
51	3.8696000000000002	1
51	4.2906000000000004	1
51	4.3816000000000006	1
51	4.4294000000000002	1
51	4.4771999999999998	1
51	4.6160000000000005	1
51	4.6638000000000002	1
51	4.8504000000000005	1
53	3.5460000000000003	0.99999645400628701
53	3.7326000000000001	0.99999999999305123
53	3.7757999999999998	0.99999999999305123
53	3.9192	0.99999999999999989
53	4.3402000000000003	0.99999999999999989
53	4.4312000000000005	0.99999999999999989
53	4.4790000000000001	0.99999999999999989
53	4.5267999999999997	0.99999999999999989
53	4.6656000000000004	0.99999999999999989
53	4.7134	0.99999999999999989
53	4.9000000000000004	0.99999999999999989
53	100.1866	1
55	0.58339999999999992	0.99999941660017011
55	0.67299999999999993	0.99999999999977751
55	0.76259999999999994	1
55	0.85219999999999985	1
55	0.94179999999999997	1
55	1.0313999999999999	1
58	1.6877999999999997	0.99999831220142432
58	1.7773999999999996	0.99999999999842448
58	1.8669999999999998	1
58	1.9013999999999998	1
58	1.9565999999999997	1
58	2.0461999999999998	1
58	2.1357999999999997	1
59	3.9363999999999995	0.99999606360774773
59	4.166199999999999	0.99999606360774773
59	4.3574000000000002	0.9999999999905953
59	4.5439999999999996	1
59	4.7305999999999999	1
59	4.8693999999999997	1
59	4.9171999999999993	1
59	5.0559999999999992	1
59	5.1037999999999997	1
59	5.2904	1
59	5.5602000000000009	1
59	5.7468000000000012	1
60	0.40100000000000002	0.9999995990000804
60	0.49060000000000004	0.99999999999988365
60	0.58020000000000005	1
60	0.66979999999999995	1
60	0.75940000000000007	1
60	0.84899999999999998	1
61	1.7493999999999998	0.99999825060153014
61	1.8389999999999997	0.99999999999831302
61	1.9285999999999999	1
61	1.9630000000000001	1
61	2.0181999999999998	1
61	2.1974	1
61	2.3422000000000001	1
61	2.4318000000000004	1
61	2.5214000000000003	1
62	0.623	0.99999937700019415
62	0.71260000000000001	0.9999999999997502
62	0.80220000000000002	1
62	0.89179999999999993	1
62	0.98140000000000005	1
62	1.071	1
63	1.8029999999999999	0.9999981970016254
63	1.8925999999999998	0.9999999999982131
63	1.9822	1
63	2.0166000000000004	1
63	2.2509999999999999	1
63	2.3062000000000005	1
63	2.3958000000000004	1
63	2.4854000000000003	1
63	2.5750000000000002	1
64	2.8316000000000017	0.99999716840400887
64	3.0182000000000015	0.99999999999546252
64	3.2958000000000012	0.99999999999546252
64	3.4392000000000014	0.99999999999999989
64	3.6258000000000012	0.99999999999999989
64	3.7646000000000015	0.99999999999999989
64	3.8124000000000011	0.99999999999999989
64	3.9512000000000018	0.99999999999999989
64	3.999000000000001	0.99999999999999989
64	4.1856000000000009	0.99999999999999989
64	50.186599999999999	1
66	1.8726	0.99999812740175331
66	1.9621999999999999	0.99999999999807887
66	2.0518000000000001	1
66	2.0862000000000003	1
66	2.3206000000000002	1
66	2.3758000000000008	1
66	2.4654000000000007	1
66	2.5550000000000006	1
66	2.6446000000000005	1
67	2.0072000000000001	0.9999979928020144
67	2.4282000000000004	0.99999999999714051
67	2.6148000000000007	1
67	2.7058000000000004	1
67	2.8014000000000006	1
67	2.9401999999999999	1
67	2.9880000000000004	1
67	3.1746000000000003	1
67	3.3612000000000002	1
67	3.4090000000000003	1
67	3.5956000000000001	1
68	3.5895999999999999	0.99999641040644249
68	3.7761999999999998	0.99999999999288747
68	3.8193999999999995	0.99999999999288747
68	3.9627999999999997	0.99999999999999989
68	4.3837999999999999	0.99999999999999989
68	4.4748000000000001	0.99999999999999989
68	4.5225999999999997	0.99999999999999989
68	4.5704000000000002	0.99999999999999989
68	4.7092000000000001	0.99999999999999989
68	4.7570000000000006	0.99999999999999989
68	4.9436	0.99999999999999989
68	100.1866	1
69	2.881200000000002	0.99999711880415076
69	3.3022000000000014	0.99999999999463651
69	3.345400000000001	0.99999999999463651
69	3.4888000000000012	1
69	3.6754000000000016	1
69	3.8142000000000018	1
69	3.8620000000000014	1
69	4.0008000000000017	1
69	4.0486000000000013	1
69	4.2352000000000016	1
69	4.2830000000000021	1
69	4.4696000000000016	1
72	2.3442000000000007	0.99999765580274758
72	2.5308000000000006	0.99999999999681488
72	2.7174000000000005	0.99999999999999989
72	2.8084000000000007	0.99999999999999989
72	2.9040000000000008	0.99999999999999989
72	3.0428000000000002	0.99999999999999989
72	3.0906000000000007	0.99999999999999989
72	3.2294	0.99999999999999989
72	3.2772000000000006	0.99999999999999989
72	3.4638000000000009	0.99999999999999989
72	3.5116000000000001	0.99999999999999989
72	3.6981999999999999	0.99999999999999989
72	10.1866	1
73	3.936399999999999	0.99999606360774762
73	4.166199999999999	0.99999606360774762
73	4.3574000000000002	0.99999999999059519
73	4.5439999999999996	1
73	4.7305999999999999	1
73	4.8693999999999988	1
73	4.9171999999999993	1
73	5.0559999999999992	1
73	5.1037999999999997	1
73	5.2904	1
73	5.5602000000000009	1
73	5.7468000000000012	1
74	3.6372	0.99999636280661452
74	3.8237999999999999	0.99999999999270661
74	3.8669999999999995	0.99999999999270661
74	4.0103999999999997	0.99999999999999989
74	4.4314	0.99999999999999989
74	4.5224000000000002	0.99999999999999989
74	4.5701999999999998	0.99999999999999989
74	4.6180000000000003	0.99999999999999989
74	4.7568000000000001	0.99999999999999989
74	4.8045999999999998	0.99999999999999989
74	4.9912000000000001	0.99999999999999989
74	100.1866	1
76	2.405800000000001	0.99999759420289391
76	2.5924000000000009	0.99999999999665712
76	2.7790000000000008	1
76	2.8700000000000006	1
76	2.9656000000000011	1
76	3.2910000000000004	1
76	3.3388000000000009	1
76	3.3866000000000005	1
76	3.5254000000000012	1
76	3.5732000000000004	1
76	3.7598000000000003	1
78	3.6808000000000001	0.99999631920677401
78	3.8673999999999999	0.99999999999253886
78	3.9105999999999996	0.99999999999253886
78	4.2884000000000002	0.99999999999999978
78	4.4749999999999996	0.99999999999999978
78	4.5660000000000007	0.99999999999999978
78	4.6138000000000003	0.99999999999999978
78	4.6616	0.99999999999999978
78	4.8003999999999998	0.99999999999999978
78	4.8482000000000003	0.99999999999999978
78	5.0347999999999997	0.99999999999999978
78	100.1866	1
79	2.4534000000000007	0.99999754660300955
79	2.6400000000000006	0.99999999999653255
79	2.8266000000000009	0.99999999999999989
79	2.9176000000000006	0.99999999999999989
79	3.0132000000000008	0.99999999999999989
79	3.3386000000000005	0.99999999999999989
79	3.3864000000000005	0.99999999999999989
79	3.4342000000000001	0.99999999999999989
79	3.5730000000000004	0.99999999999999989
79	3.6208	0.99999999999999989
79	3.8074000000000003	0.99999999999999989
79	10.1866	1
80	2.5816000000000012	0.99999741840333223
80	2.7682000000000011	0.99999999999618583
80	2.9548000000000014	0.99999999999999989
80	3.0458000000000007	0.99999999999999989
80	3.3758000000000008	0.99999999999999989
80	3.5146000000000011	0.99999999999999989
80	3.5624000000000007	0.99999999999999989
80	3.7012000000000009	0.99999999999999989
80	3.7490000000000006	0.99999999999999989
80	3.9356000000000009	0.99999999999999989
80	20.186599999999999	1

[frame_distribution_quantiles]
frame_id	retry_q50	retry_q90	retry_q95	retry_q99	wcrt_q50_ms	wcrt_q90_ms	wcrt_q95_ms	wcrt_q99_ms
0	0	0	0	0	0.69259999999999999	0.69259999999999999	0.69259999999999999	0.69259999999999999
2	0	0	0	0	0.75419999999999998	0.75419999999999998	0.75419999999999998	0.75419999999999998
3	0	0	0	0	0.82379999999999987	0.82379999999999987	0.82379999999999987	0.82379999999999987
4	0	0	0	0	2.6292000000000013	2.6292000000000013	2.6292000000000013	2.6292000000000013
5	0	0	0	0	2.9288000000000012	2.9288000000000012	2.9288000000000012	2.9288000000000012
6	0	0	0	0	3.7204000000000002	3.7204000000000002	3.7204000000000002	3.7204000000000002
7	0	0	0	0	2.5030000000000014	2.5030000000000014	2.5030000000000014	2.5030000000000014
11	0	0	0	0	2.9744000000000015	2.9744000000000015	2.9744000000000015	2.9744000000000015
12	0	0	0	0	3.0220000000000016	3.0220000000000016	3.0220000000000016	3.0220000000000016
13	0	0	0	0	3.7599999999999998	3.7599999999999998	3.7599999999999998	3.7599999999999998
14	0	0	0	0	0.88539999999999996	0.88539999999999996	0.88539999999999996	0.88539999999999996
15	0	0	0	0	0.93899999999999983	0.93899999999999983	0.93899999999999983	0.93899999999999983
16	0	0	0	0	1.0005999999999999	1.0005999999999999	1.0005999999999999	1.0005999999999999
17	0	0	0	0	1.2865999999999997	1.2865999999999997	1.2865999999999997	1.2865999999999997
18	0	0	0	0	1.3481999999999998	1.3481999999999998	1.3481999999999998	1.3481999999999998
19	0	0	0	0	2.6708000000000016	2.6708000000000016	2.6708000000000016	2.6708000000000016
20	0	0	0	0	0.44259999999999999	0.44259999999999999	0.44259999999999999	0.44259999999999999
22	0	0	0	0	1.4017999999999997	1.4017999999999997	1.4017999999999997	1.4017999999999997
23	0	0	0	0	0.22020000000000001	0.22020000000000001	0.22020000000000001	0.22020000000000001
24	0	0	0	0	3.8075999999999999	3.8075999999999999	3.8075999999999999	3.8075999999999999
25	0	0	0	0	0.2898	0.2898	0.2898	0.2898
26	0	0	0	0	3.0836000000000019	3.0836000000000019	3.0836000000000019	3.0836000000000019
30	0	0	0	0	2.7204000000000015	2.7204000000000015	2.7204000000000015	2.7204000000000015
32	0	0	0	0	1.4553999999999998	1.4553999999999998	1.4553999999999998	1.4553999999999998
33	0	0	0	0	0.49219999999999997	0.49219999999999997	0.49219999999999997	0.49219999999999997
34	0	0	0	0	3.3676000000000008	3.3676000000000008	3.3676000000000008	3.3676000000000008
35	0	0	0	0	0.53180000000000005	0.53180000000000005	0.53180000000000005	0.53180000000000005
36	0	0	0	0	1.5089999999999997	1.5089999999999997	1.5089999999999997	1.5089999999999997
37	0	0	0	0	3.8531999999999993	3.8531999999999993	3.8531999999999993	3.8531999999999993
41	0	0	0	0	1.5785999999999998	1.5785999999999998	1.5785999999999998	1.5785999999999998
43	0	0	0	0	1.6261999999999996	1.6261999999999996	1.6261999999999996	1.6261999999999996
45	0	0	0	0	3.4112000000000005	3.4112000000000005	3.4112000000000005	3.4112000000000005
46	0	0	0	0	3.8947999999999996	3.8947999999999996	3.8947999999999996	3.8947999999999996
47	0	0	0	0	0.35140000000000005	0.35140000000000005	0.35140000000000005	0.35140000000000005
48	0	0	0	0	3.4548000000000005	3.4548000000000005	3.4548000000000005	3.4548000000000005
50	0	0	0	0	2.7820000000000018	2.7820000000000018	2.7820000000000018	2.7820000000000018
51	0	0	0	0	3.4964000000000004	3.4964000000000004	3.4964000000000004	3.4964000000000004
53	0	0	0	0	3.5460000000000003	3.5460000000000003	3.5460000000000003	3.5460000000000003
55	0	0	0	0	0.58339999999999992	0.58339999999999992	0.58339999999999992	0.58339999999999992
58	0	0	0	0	1.6877999999999997	1.6877999999999997	1.6877999999999997	1.6877999999999997
59	0	0	0	0	3.9363999999999995	3.9363999999999995	3.9363999999999995	3.9363999999999995
60	0	0	0	0	0.40100000000000002	0.40100000000000002	0.40100000000000002	0.40100000000000002
61	0	0	0	0	1.7493999999999998	1.7493999999999998	1.7493999999999998	1.7493999999999998
62	0	0	0	0	0.623	0.623	0.623	0.623
63	0	0	0	0	1.8029999999999999	1.8029999999999999	1.8029999999999999	1.8029999999999999
64	0	0	0	0	2.8316000000000017	2.8316000000000017	2.8316000000000017	2.8316000000000017
66	0	0	0	0	1.8726	1.8726	1.8726	1.8726
67	0	0	0	0	2.0072000000000001	2.0072000000000001	2.0072000000000001	2.0072000000000001
68	0	0	0	0	3.5895999999999999	3.5895999999999999	3.5895999999999999	3.5895999999999999
69	0	0	0	0	2.881200000000002	2.881200000000002	2.881200000000002	2.881200000000002
72	0	0	0	0	2.3442000000000007	2.3442000000000007	2.3442000000000007	2.3442000000000007
73	0	0	0	0	3.936399999999999	3.936399999999999	3.936399999999999	3.936399999999999
74	0	0	0	0	3.6372	3.6372	3.6372	3.6372
76	0	0	0	0	2.405800000000001	2.405800000000001	2.405800000000001	2.405800000000001
78	0	0	0	0	3.6808000000000001	3.6808000000000001	3.6808000000000001	3.6808000000000001
79	0	0	0	0	2.4534000000000007	2.4534000000000007	2.4534000000000007	2.4534000000000007
80	0	0	0	0	2.5816000000000012	2.5816000000000012	2.5816000000000012	2.5816000000000012

[signal_summary]
code	frame_id	period_ms	level	type	p_timeout	expected_wcrt_ms	wcrt_p95_ms	threshold_wcrt_ms	expected_retry_count	p_threshold
63471906	47	1	0	0	0	0.35140003148544285	0.35140000000000005	0.35140000000000005	3.5140003148544272e-07	1
65458535	18	10	0	0	0	1.3482001207987309	1.3481999999999998	1.3481999999999998	1.3482001207987312e-06	1
84763577	66	20	0	0	0	1.8726001677849751	1.8726	1.8726	1.8726001677849759e-06	1
91791576	41	20	0	0	0	1.5786001414425723	1.5785999999999998	1.5785999999999998	1.5786001414425724e-06	1
101675010	14	20	0	0	0	0.88540007933195741	0.88539999999999996	0.88539999999999996	8.8540007933195697e-07	1
102687092	72	10	0	0	1.1102230246251565e-16	2.3442004374278036	2.3442000000000007	2.3442000000000007	2.3442004382049608e-06	1
207254753	76	20	0	0	0	2.4058004489223648	2.405800000000001	2.405800000000001	2.4058004489223637e-06	1
237412598	2	20	0	0	0	0.75420006757632596	0.75419999999999998	0.75419999999999998	7.5420006757632603e-07	1
259370242	16	20	2	0	0	1.0006003241943118	1.0005999999999999	1.4141999999999999	1.0006003241943129e-06	5.5555555555555559e-13
270065488	41	20	0	0	0	1.5786001414425723	1.5785999999999998	1.5785999999999998	1.5786001414425724e-06	1
271630818	35	5	0	0	0	0.53180004764928446	0.53180000000000005	0.53180000000000005	5.3180004764928453e-07	1
297000184	7	20	3	0	0	2.5030004670598887	2.5030000000000014	2.8762000000000016	2.503000467059887e-06	5.5555555555555561e-14
354880189	47	2	0	0	0	0.35140003148544285	0.35140000000000005	0.35140000000000005	3.5140003148544272e-07	1
393479731	53	100	0	0	1.1102230246251565e-16	3.5460006616837347	3.5460000000000003	3.5460000000000003	3.5460006624608826e-06	1
404741817	0	10	0	0	0	0.69260006205696567	0.69259999999999999	0.69259999999999999	6.9260006205696599e-07	1
437061764	0	20	2	0	0	0.69260006205696567	0.69259999999999999	0.78220000000000001	6.9260006205696599e-07	5.5555555555555559e-13
448129058	3	20	0	0	0	0.82380007381248654	0.82379999999999987	0.82379999999999987	8.2380007381248587e-07	1
485932530	25	1	2	0	0	0.28980002596608229	0.2898	0.46899999999999997	2.8980002596608237e-07	2.7777777777777774e-14
509629981	3	20	0	0	0	0.82380007381248654	0.82379999999999987	0.82379999999999987	8.2380007381248587e-07	1
522731507	0	10	0	0	0	0.69260006205696567	0.69259999999999999	0.69259999999999999	6.9260006205696599e-07	1
525106439	22	10	2	0	0	1.4018001256012911	1.4017999999999997	1.5809999999999997	1.4018001256012915e-06	2.7777777777777779e-13
534583832	58	10	0	0	0	1.6878001512268934	1.6877999999999997	1.6877999999999997	1.6878001512268934e-06	1
543674065	4	100	0	0	0	2.6292004906088131	2.6292000000000013	2.6292000000000013	2.6292004906088126e-06	1
576919045	32	20	1	0	0	1.4554001304038517	1.4553999999999998	1.6345999999999998	1.4554001304038512e-06	5.5555555555555559e-13
610813155	41	10	0	0	0	1.5786001414425723	1.5785999999999998	1.5785999999999998	1.5786001414425724e-06	1
664818325	43	20	0	0	1.1102230246251565e-16	1.6262001457075339	1.6261999999999996	1.6261999999999996	1.626200146373668e-06	1
667172427	14	20	3	0	0	0.88540007933195741	0.88539999999999996	1.2989999999999999	8.8540007933195697e-07	5.5555555555555561e-14
671611488	79	10	0	0	1.1102230246251565e-16	2.4534004578045274	2.4534000000000007	2.4534000000000007	2.4534004585816832e-06	1
676196436	50	100	1	0	0	2.7820005191223274	2.7820000000000018	3.3896000000000015	2.7820005191223286e-06	2.7777777777777777e-12
721713910	2	10	0	0	0	0.75420006757632596	0.75419999999999998	0.75419999999999998	7.5420006757632603e-07	1
753539728	55	5	2	0	0	0.58340005227264458	0.58339999999999992	0.76259999999999994	5.8340005227264484e-07	1.388888888888889e-13
805279801	55	10	3	0	0	0.58340005227264458	0.58339999999999992	0.76259999999999994	5.8340005227264484e-07	2.7777777777777781e-14
811959233	66	20	0	0	0	1.8726001677849751	1.8726	1.8726	1.8726001677849759e-06	1
845292679	26	100	0	0	0	3.0836012981947296	3.0836000000000019	3.0836000000000019	3.0836012981947344e-06	1
854179673	76	10	0	0	0	2.4058004489223648	2.405800000000001	2.405800000000001	2.4058004489223637e-06	1
860581967	41	20	0	0	0	1.5786001414425723	1.5785999999999998	1.5785999999999998	1.5786001414425724e-06	1
861171630	66	20	0	0	0	1.8726001677849751	1.8726	1.8726	1.8726001677849759e-06	1
866257222	47	2	0	0	0	0.35140003148544285	0.35140000000000005	0.35140000000000005	3.5140003148544272e-07	1
870360181	51	100	0	0	0	3.496400652428362	3.4964000000000004	3.4964000000000004	3.496400652428361e-06	1
887969300	63	10	0	0	0	1.8030001615488143	1.8029999999999999	1.8029999999999999	1.8030001615488157e-06	1
892167931	61	20	0	0	0	1.7494001567462536	1.7493999999999998	1.7493999999999998	1.7494001567462552e-06	1
896335352	11	100	0	0	2.2204460492503131e-16	2.9744012522216199	2.9744000000000015	2.9744000000000015	2.9744012537759131e-06	1
903840332	72	10	2	0	1.1102230246251565e-16	2.3442004374278036	2.3442000000000007	2.7174000000000005	2.3442004382049608e-06	2.7777777777777779e-13
910315512	20	5	0	0	1.1102230246251565e-16	0.44260003965696404	0.44259999999999999	0.44259999999999999	4.4260004032309806e-07	1
973792149	50	100	0	0	0	2.7820005191223274	2.7820000000000018	2.7820000000000018	2.7820005191223286e-06	1
987595847	58	20	0	0	0	1.6878001512268934	1.6877999999999997	1.6877999999999997	1.6878001512268934e-06	1
1010274679	60	2	0	0	0	0.40100003592960326	0.40100000000000002	0.40100000000000002	4.010000359296027e-07	1
1026822385	16	20	0	0	0	1.0006003241943118	1.0005999999999999	1.0005999999999999	1.0006003241943129e-06	1
1060633739	76	20	0	0	0	2.4058004489223648	2.405800000000001	2.405800000000001	2.4058004489223637e-06	1
1093191670	17	10	0	0	1.1102230246251565e-16	1.2866001152793711	1.2865999999999997	1.2865999999999997	1.2866001159455041e-06	1
1174109366	55	10	0	0	0	0.58340005227264458	0.58339999999999992	0.58339999999999992	5.8340005227264484e-07	1
1175146503	23	1	0	0	1.1102230246251565e-16	0.22020001620672128	0.22020000000000001	0.22020000000000001	2.2020001687285523e-07	1
1190409544	45	100	1	0	1.1102230246251565e-16	3.4112006365300505	3.4112000000000005	3.7844000000000007	3.4112006373071936e-06	2.7777777777777777e-12
1207126759	15	10	0	0	0	0.9390000841345304	0.93899999999999983	0.93899999999999983	9.3900008413453024e-07	1
1213106518	59	1000	1	0	0	3.9364016572228935	3.9363999999999995	4.3574000000000002	3.9364016572228955e-06	2.7777777777777777e-11
1217079065	17	10	0	0	1.1102230246251565e-16	1.2866001152793711	1.2865999999999997	1.2865999999999997	1.2866001159455041e-06	1
1225247450	4	50	3	0	0	2.6292004906088131	2.6292000000000013	3.0024000000000015	2.6292004906088126e-06	1.388888888888889e-13
1232623142	50	100	0	0	0	2.7820005191223274	2.7820000000000018	2.7820000000000018	2.7820005191223286e-06	1
1237061239	68	100	0	0	1.1102230246251565e-16	3.5896006698194953	3.5895999999999999	3.5895999999999999	3.5896006705966369e-06	1
1300271893	25	2	0	0	0	0.28980002596608229	0.2898	0.2898	2.8980002596608237e-07	1
1303282760	63	20	0	0	0	1.8030001615488143	1.8029999999999999	1.8029999999999999	1.8030001615488157e-06	1
1331397904	0	10	0	0	0	0.69260006205696567	0.69259999999999999	0.69259999999999999	6.9260006205696599e-07	1
1336131187	36	10	1	0	1.1102230246251565e-16	1.5090001352064129	1.5089999999999997	1.6881999999999997	1.5090001358725458e-06	2.7777777777777779e-13
1342013581	18	10	0	0	0	1.3482001207987309	1.3481999999999998	1.3481999999999998	1.3482001207987312e-06	1
1342244051	76	10	0	0	0	2.4058004489223648	2.405800000000001	2.405800000000001	2.4058004489223637e-06	1
1353952815	66	10	1	0	0	1.8726001677849751	1.8726	2.0518000000000001	1.8726001677849759e-06	2.7777777777777779e-13
1355308055	72	20	1	0	1.1102230246251565e-16	2.3442004374278036	2.3442000000000007	2.7174000000000005	2.3442004382049608e-06	5.5555555555555559e-13
1399019329	80	20	0	0	1.1102230246251565e-16	2.5816004817266527	2.5816000000000012	2.5816000000000012	2.5816004825038087e-06	1
1406322334	18	20	0	0	0	1.3482001207987309	1.3481999999999998	1.3481999999999998	1.3482001207987312e-06	1
1429855424	13	1000	1	0	1.1102230246251565e-16	3.760000701618063	3.7599999999999998	3.9465999999999997	3.7600007023951119e-06	2.7777777777777777e-11
1441823717	5	100	0	0	0	2.9288012330240258	2.9288000000000012	2.9288000000000012	2.9288012330240239e-06	1
1473635263	66	20	0	0	0	1.8726001677849751	1.8726	1.8726	1.8726001677849759e-06	1
1493203114	53	100	0	0	1.1102230246251565e-16	3.5460006616837347	3.5460000000000003	3.5460000000000003	3.5460006624608826e-06	1
1615161098	32	20	0	0	0	1.4554001304038517	1.4553999999999998	1.4553999999999998	1.4554001304038512e-06	1
1626196538	69	100	0	0	0	2.8812012129844558	2.881200000000002	2.881200000000002	2.8812012129844558e-06	1
1631573194	18	10	0	0	0	1.3482001207987309	1.3481999999999998	1.3481999999999998	1.3482001207987312e-06	1
1632589933	61	20	0	0	0	1.7494001567462536	1.7493999999999998	1.7493999999999998	1.7494001567462552e-06	1
1641235191	46	1000	0	0	1.1102230246251565e-16	3.8948016397094385	3.8947999999999996	3.8947999999999996	3.894801640486487e-06	1
1654614956	2	10	0	0	0	0.75420006757632596	0.75419999999999998	0.75419999999999998	7.5420006757632603e-07	1
1669758991	22	10	0	0	0	1.4018001256012911	1.4017999999999997	1.4017999999999997	1.4018001256012915e-06	1
1698563500	61	10	3	0	0	1.7494001567462536	1.7493999999999998	1.9285999999999999	1.7494001567462552e-06	2.7777777777777781e-14
1699758262	17	10	0	0	1.1102230246251565e-16	1.2866001152793711	1.2865999999999997	1.2865999999999997	1.2866001159455041e-06	1
1760661718	6	1000	0	0	0	3.7204006942285544	3.7204000000000002	3.7204000000000002	3.7204006942285559e-06	1
1776272480	76	10	0	0	0	2.4058004489223648	2.405800000000001	2.405800000000001	2.4058004489223637e-06	1
1863082472	26	100	2	0	0	3.0836012981947296	3.0836000000000019	3.6912000000000011	3.0836012981947344e-06	2.7777777777777777e-12
1901728083	58	10	0	1	0	1.6878001512268934	1.6877999999999997	1.6877999999999997	1.6878001512268934e-06	1
1918812089	34	100	0	0	0	3.3676006283942783	3.3676000000000008	3.3676000000000008	3.3676006283942768e-06	1
1947254447	50	100	2	0	0	2.7820005191223274	2.7820000000000018	3.3896000000000015	2.7820005191223286e-06	2.7777777777777777e-12
1977627227	32	20	1	0	0	1.4554001304038517	1.4553999999999998	1.6345999999999998	1.4554001304038512e-06	5.5555555555555559e-13
2015197562	3	20	1	0	0	0.82380007381248654	0.82379999999999987	0.91339999999999988	8.2380007381248587e-07	5.5555555555555559e-13
2058082438	30	50	0	0	0	2.7204005076277227	2.7204000000000015	2.7204000000000015	2.7204005076277226e-06	1
2082538220	74	100	0	0	1.1102230246251565e-16	3.6372006787016571	3.6372	3.6372	3.6372006794787995e-06	1
2087126899	14	10	0	0	0	0.88540007933195741	0.88539999999999996	0.88539999999999996	8.8540007933195697e-07	1
2091530431	36	10	0	0	1.1102230246251565e-16	1.5090001352064129	1.5089999999999997	1.5089999999999997	1.5090001358725458e-06	1
2094907054	15	10	0	0	0	0.9390000841345304	0.93899999999999983	0.93899999999999983	9.3900008413453024e-07	1
2102438499	37	1000	0	0	0	3.8532007190091622	3.8531999999999993	3.8531999999999993	3.8532007190091636e-06	1
2113755635	72	20	2	0	1.1102230246251565e-16	2.3442004374278036	2.3442000000000007	2.7174000000000005	2.3442004382049608e-06	5.5555555555555559e-13
2131479517	37	1000	0	0	0	3.8532007190091622	3.8531999999999993	3.8531999999999993	3.8532007190091636e-06	1
2141435152	66	10	3	0	0	1.8726001677849751	1.8726	2.0518000000000001	1.8726001677849759e-06	2.7777777777777781e-14
2149995460	60	1	0	0	0	0.40100003592960326	0.40100000000000002	0.40100000000000002	4.010000359296027e-07	1
2165329860	51	100	0	0	0	3.496400652428362	3.4964000000000004	3.4964000000000004	3.496400652428361e-06	1
2169467426	53	100	0	0	1.1102230246251565e-16	3.5460006616837347	3.5460000000000003	3.5460000000000003	3.5460006624608826e-06	1
2181108606	72	20	0	0	1.1102230246251565e-16	2.3442004374278036	2.3442000000000007	2.3442000000000007	2.3442004382049608e-06	1
2221112800	32	10	0	0	0	1.4554001304038517	1.4553999999999998	1.4553999999999998	1.4554001304038512e-06	1
2223299924	63	10	0	0	0	1.8030001615488143	1.8029999999999999	1.8029999999999999	1.8030001615488157e-06	1
2273960522	66	20	2	0	0	1.8726001677849751	1.8726	2.0518000000000001	1.8726001677849759e-06	5.5555555555555559e-13
2295982449	4	100	0	0	0	2.6292004906088131	2.6292000000000013	2.6292000000000013	2.6292004906088126e-06	1
2378320643	15	10	0	0	0	0.9390000841345304	0.93899999999999983	0.93899999999999983	9.3900008413453024e-07	1
2407107683	26	100	1	0	0	3.0836012981947296	3.0836000000000019	3.6912000000000011	3.0836012981947344e-06	2.7777777777777777e-12
2419495659	15	10	0	0	0	0.9390000841345304	0.93899999999999983	0.93899999999999983	9.3900008413453024e-07	1
2421314837	36	20	2	0	1.1102230246251565e-16	1.5090001352064129	1.5089999999999997	1.6881999999999997	1.5090001358725458e-06	5.5555555555555559e-13
2449912077	61	20	0	0	0	1.7494001567462536	1.7493999999999998	1.7493999999999998	1.7494001567462552e-06	1
2466324966	16	10	0	0	0	1.0006003241943118	1.0005999999999999	1.0005999999999999	1.0006003241943129e-06	1
2472766176	24	1000	0	0	0	3.8076007105001586	3.8075999999999999	3.8075999999999999	3.8076007105001548e-06	1
2481372101	14	20	0	0	0	0.88540007933195741	0.88539999999999996	0.88539999999999996	8.8540007933195697e-07	1
2503797000	63	20	0	0	0	1.8030001615488143	1.8029999999999999	1.8029999999999999	1.8030001615488157e-06	1
2514151848	19	50	2	0	0	2.6708004983723277	2.6708000000000016	3.2784000000000013	2.6708004983723297e-06	1.3888888888888889e-12
2522396163	76	10	0	0	0	2.4058004489223648	2.405800000000001	2.405800000000001	2.4058004489223637e-06	1
2525825088	69	100	0	0	0	2.8812012129844558	2.881200000000002	2.881200000000002	2.8812012129844558e-06	1
2531282391	61	10	0	0	0	1.7494001567462536	1.7493999999999998	1.7493999999999998	1.7494001567462552e-06	1
2536019984	72	10	0	0	1.1102230246251565e-16	2.3442004374278036	2.3442000000000007	2.3442000000000007	2.3442004382049608e-06	1
2556536840	61	10	2	0	0	1.7494001567462536	1.7493999999999998	1.9285999999999999	1.7494001567462552e-06	2.7777777777777779e-13
2579055802	47	1	0	0	0	0.35140003148544285	0.35140000000000005	0.35140000000000005	3.5140003148544272e-07	1
2581536656	30	100	0	0	0	2.7204005076277227	2.7204000000000015	2.7204000000000015	2.7204005076277226e-06	1
2583317709	53	100	0	0	1.1102230246251565e-16	3.5460006616837347	3.5460000000000003	3.5460000000000003	3.5460006624608826e-06	1
2622650181	18	20	1	0	0	1.3482001207987309	1.3481999999999998	1.5273999999999999	1.3482001207987312e-06	5.5555555555555559e-13
2641441486	32	20	1	0	0	1.4554001304038517	1.4553999999999998	1.6345999999999998	1.4554001304038512e-06	5.5555555555555559e-13
2652119323	0	20	0	0	0	0.69260006205696567	0.69259999999999999	0.69259999999999999	6.9260006205696599e-07	1
2660061722	43	10	0	0	1.1102230246251565e-16	1.6262001457075339	1.6261999999999996	1.6261999999999996	1.626200146373668e-06	1
2660348115	3	20	2	0	0	0.82380007381248654	0.82379999999999987	0.91339999999999988	8.2380007381248587e-07	5.5555555555555559e-13
2714331772	79	20	0	0	1.1102230246251565e-16	2.4534004578045274	2.4534000000000007	2.4534000000000007	2.4534004585816832e-06	1
2757278952	23	2	0	0	1.1102230246251565e-16	0.22020001620672128	0.22020000000000001	0.22020000000000001	2.2020001687285523e-07	1
2797989696	12	100	0	0	1.1102230246251565e-16	3.0220012722611798	3.0220000000000016	3.0220000000000016	3.0220012730383269e-06	1
2821112100	25	2	0	0	0	0.28980002596608229	0.2898	0.2898	2.8980002596608237e-07	1
2845243197	43	10	0	0	1.1102230246251565e-16	1.6262001457075339	1.6261999999999996	1.6261999999999996	1.626200146373668e-06	1
2846176711	33	5	2	0	0	0.49220004410112389	0.49219999999999997	0.6714	4.9220004410112449e-07	1.388888888888889e-13
2861037689	58	10	0	0	0	1.6878001512268934	1.6877999999999997	1.6877999999999997	1.6878001512268934e-06	1
2871438485	55	10	0	0	0	0.58340005227264458	0.58339999999999992	0.58339999999999992	5.8340005227264484e-07	1
2920083127	45	100	1	0	1.1102230246251565e-16	3.4112006365300505	3.4112000000000005	3.7844000000000007	3.4112006373071936e-06	2.7777777777777777e-12
2941536873	50	100	2	0	0	2.7820005191223274	2.7820000000000018	3.3896000000000015	2.7820005191223286e-06	2.7777777777777777e-12
2969053985	7	20	0	0	0	2.5030004670598887	2.5030000000000014	2.5030000000000014	2.503000467059887e-06	1
2976673922	68	100	0	0	1.1102230246251565e-16	3.5896006698194953	3.5895999999999999	3.5895999999999999	3.5896006705966369e-06	1
3015620980	41	10	0	0	0	1.5786001414425723	1.5785999999999998	1.5785999999999998	1.5786001414425724e-06	1
3050058593	23	1	0	0	1.1102230246251565e-16	0.22020001620672128	0.22020000000000001	0.22020000000000001	2.2020001687285523e-07	1
3133111570	22	10	0	0	0	1.4018001256012911	1.4017999999999997	1.4017999999999997	1.4018001256012915e-06	1
3170201656	58	10	0	0	0	1.6878001512268934	1.6877999999999997	1.6877999999999997	1.6878001512268934e-06	1
3172522430	62	5	1	0	0	0.62300005582080509	0.623	0.80220000000000002	6.2300005582080541e-07	1.388888888888889e-13
3185387706	2	10	1	0	0	0.75420006757632596	0.75419999999999998	0.93340000000000001	7.5420006757632603e-07	2.7777777777777779e-13
3211649892	5	100	0	0	0	2.9288012330240258	2.9288000000000012	2.9288000000000012	2.9288012330240239e-06	1
3255069650	67	10	0	0	0	2.0072008450308854	2.0072000000000001	2.0072000000000001	2.0072008450308862e-06	1
3263411117	61	10	0	0	0	1.7494001567462536	1.7493999999999998	1.7493999999999998	1.7494001567462552e-06	1
3269813043	17	20	3	0	1.1102230246251565e-16	1.2866001152793711	1.2865999999999997	1.4657999999999998	1.2866001159455041e-06	5.5555555555555561e-14
3333748347	24	1000	0	0	0	3.8076007105001586	3.8075999999999999	3.8075999999999999	3.8076007105001548e-06	1
3341077936	58	20	0	0	0	1.6878001512268934	1.6877999999999997	1.6877999999999997	1.6878001512268934e-06	1
3364575030	64	50	0	0	1.1102230246251565e-16	2.8316005283777295	2.8316000000000017	2.8316000000000017	2.8316005291548802e-06	1
3374043925	33	5	0	0	0	0.49220004410112389	0.49219999999999997	0.49219999999999997	4.9220004410112449e-07	1
3385431278	23	1	0	0	1.1102230246251565e-16	0.22020001620672128	0.22020000000000001	0.22020000000000001	2.2020001687285523e-07	1
3394495095	30	100	0	0	0	2.7204005076277227	2.7204000000000015	2.7204000000000015	2.7204005076277226e-06	1
3423499439	16	10	2	0	0	1.0006003241943118	1.0005999999999999	1.4141999999999999	1.0006003241943129e-06	2.7777777777777779e-13
3431554597	34	100	2	0	0	3.3676006283942783	3.3676000000000008	3.740800000000001	3.3676006283942768e-06	2.7777777777777777e-12
3452312366	0	10	0	0	0	0.69260006205696567	0.69259999999999999	0.69259999999999999	6.9260006205696599e-07	1
3456870565	80	20	0	0	1.1102230246251565e-16	2.5816004817266527	2.5816000000000012	2.5816000000000012	2.5816004825038087e-06	1
3468096203	22	20	0	0	0	1.4018001256012911	1.4017999999999997	1.4017999999999997	1.4018001256012915e-06	1
3476958630	64	100	0	0	1.1102230246251565e-16	2.8316005283777295	2.8316000000000017	2.8316000000000017	2.8316005291548802e-06	1
3477468653	48	100	0	0	1.1102230246251565e-16	3.4548006446658115	3.4548000000000005	3.4548000000000005	3.4548006454429555e-06	1
3542325476	0	20	0	0	0	0.69260006205696567	0.69259999999999999	0.69259999999999999	6.9260006205696599e-07	1
3567792154	32	10	0	0	0	1.4554001304038517	1.4553999999999998	1.4553999999999998	1.4554001304038512e-06	1
3569143574	66	10	0	0	0	1.8726001677849751	1.8726	1.8726	1.8726001677849759e-06	1
3603101186	61	20	0	0	0	1.7494001567462536	1.7493999999999998	1.7493999999999998	1.7494001567462552e-06	1
3606746774	16	10	0	0	0	1.0006003241943118	1.0005999999999999	1.0005999999999999	1.0006003241943129e-06	1
3617572252	16	20	0	0	0	1.0006003241943118	1.0005999999999999	1.0005999999999999	1.0006003241943129e-06	1
3651882914	74	100	0	0	1.1102230246251565e-16	3.6372006787016571	3.6372	3.6372	3.6372006794787995e-06	1
3709165765	41	20	0	0	0	1.5786001414425723	1.5785999999999998	1.5785999999999998	1.5786001414425724e-06	1
3735604186	12	100	0	0	1.1102230246251565e-16	3.0220012722611798	3.0220000000000016	3.0220000000000016	3.0220012730383269e-06	1
3753278207	50	100	0	1	0	2.7820005191223274	2.7820000000000018	2.7820000000000018	2.7820005191223286e-06	1
3756766130	41	20	0	0	0	1.5786001414425723	1.5785999999999998	1.5785999999999998	1.5786001414425724e-06	1
3757390920	0	20	0	0	0	0.69260006205696567	0.69259999999999999	0.69259999999999999	6.9260006205696599e-07	1
3817535763	7	20	1	0	0	2.5030004670598887	2.5030000000000014	2.8762000000000016	2.503000467059887e-06	5.5555555555555559e-13
3827939087	80	20	0	0	1.1102230246251565e-16	2.5816004817266527	2.5816000000000012	2.5816000000000012	2.5816004825038087e-06	1
3829569381	14	20	0	0	0	0.88540007933195741	0.88539999999999996	0.88539999999999996	8.8540007933195697e-07	1
3835410510	78	100	0	0	2.2204460492503131e-16	3.6808006868391794	3.6808000000000001	3.6808000000000001	3.680800688393473e-06	1
3871641246	78	100	0	0	2.2204460492503131e-16	3.6808006868391794	3.6808000000000001	3.6808000000000001	3.680800688393473e-06	1
3880522396	5	100	0	0	0	2.9288012330240258	2.9288000000000012	2.9288000000000012	2.9288012330240239e-06	1
3899603196	0	10	1	0	0	0.69260006205696567	0.69259999999999999	0.87180000000000002	6.9260006205696599e-07	2.7777777777777779e-13
3899778149	3	10	2	0	0	0.82380007381248654	0.82379999999999987	1.0029999999999999	8.2380007381248587e-07	2.7777777777777779e-13
3918081551	80	20	1	0	1.1102230246251565e-16	2.5816004817266527	2.5816000000000012	2.9548000000000014	2.5816004825038087e-06	5.5555555555555559e-13
3936173503	69	50	3	0	0	2.8812012129844558	2.881200000000002	3.4888000000000012	2.8812012129844558e-06	1.388888888888889e-13
3936909701	24	1000	3	0	0	3.8076007105001586	3.8075999999999999	4.4151999999999996	3.8076007105001548e-06	2.7777777777777777e-12
3952596948	50	50	0	0	0	2.7820005191223274	2.7820000000000018	2.7820000000000018	2.7820005191223286e-06	1
3960445235	18	10	0	0	0	1.3482001207987309	1.3481999999999998	1.3481999999999998	1.3482001207987312e-06	1
3997374898	41	20	2	0	0	1.5786001414425723	1.5785999999999998	1.7577999999999998	1.5786001414425724e-06	5.5555555555555559e-13
4037666453	16	20	0	0	0	1.0006003241943118	1.0005999999999999	1.0005999999999999	1.0006003241943129e-06	1
4171636060	73	1000	0	0	0	3.9364016572228926	3.936399999999999	3.936399999999999	3.936401657222893e-06	1
4192264071	79	20	1	0	1.1102230246251565e-16	2.4534004578045274	2.4534000000000007	2.8266000000000009	2.4534004585816832e-06	5.5555555555555559e-13
4210825618	76	20	0	0	0	2.4058004489223648	2.405800000000001	2.405800000000001	2.4058004489223637e-06	1
4217020473	18	20	0	0	0	1.3482001207987309	1.3481999999999998	1.3481999999999998	1.3482001207987312e-06	1
4217945835	60	1	0	0	0	0.40100003592960326	0.40100000000000002	0.40100000000000002	4.010000359296027e-07	1
4253202091	63	10	0	0	0	1.8030001615488143	1.8029999999999999	1.8029999999999999	1.8030001615488157e-06	1
4266644924	48	100	0	0	1.1102230246251565e-16	3.4548006446658115	3.4548000000000005	3.4548000000000005	3.4548006454429555e-06	1
4289795919	2	10	3	0	0	0.75420006757632596	0.75419999999999998	0.93340000000000001	7.5420006757632603e-07	2.7777777777777781e-14
