code	data_size	period	deadline	src_ecu	dst_ecu	offset	level	type
340626569	16	20	20	4	1	0	0	0
4232402706	16	10	10	4	1	0	1	0
100933316	16	20	20	0	1	0	0	0
348913724	16	20	20	3	0	0	0	0
2089951769	16	10	10	1	2	0	0	0
1762293535	16	1000	1000	4	3	0	0	0
1768584556	16	10	10	1	3	0	1	0
1982875563	16	10	10	3	0	0	2	0
1898460644	16	1	1	0	1	0	0	0
2426315813	16	50	50	0	3	0	0	0
3126479855	16	50	50	3	2	0	1	0
2281983628	8	10	10	0	3	0	0	0
1551860803	8	100	100	1	4	0	0	0
2776638885	512	10	10	4	3	0	0	0
773470879	8	10	10	3	1	0	0	0
1904189784	128	10	10	0	3	0	1	0
4088580810	16	10	10	4	1	0	0	0
1054006565	8	20	20	1	3	0	0	0
2138662801	16	50	50	0	2	0	0	0
2268196997	16	10	10	1	3	0	3	0
3574070913	16	20	20	1	4	0	0	0
2087697649	32	10	10	2	4	0	0	0
2622482267	8	100	100	1	4	0	0	0
2464720297	16	100	100	1	2	0	0	0
227545102	8	100	100	2	3	0	0	0
1773268046	8	2	2	1	2	0	3	0
2436720737	8	100	100	0	1	0	0	0
4205236552	16	100	100	0	1	0	0	0
134847379	8	10	10	4	0	0	0	0
877695276	8	20	20	2	4	0	0	0
2010795	32	10	10	4	0	0	0	0
3670970336	16	5	5	1	2	0	0	0
3660862571	8	20	20	0	1	0	0	0
2426702004	32	100	100	2	0	0	0	0
151011514	16	100	100	4	2	0	0	0
854721849	16	100	100	1	4	0	0	0
3159300888	8	10	10	3	1	0	0	0
2832632652	16	100	100	1	4	0	0	0
3446846143	8	20	20	3	0	0	0	0
4147341045	8	20	20	3	4	0	0	0
3541475410	32	1000	1000	2	3	0	0	0
2352905101	8	20	20	1	2	0	0	0
3742075705	8	20	20	3	0	0	0	0
1568420752	16	20	20	1	3	0	0	0
2636882300	16	20	20	2	4	0	0	0
3742727114	8	1	1	2	1	0	0	0
14062965	32	10	10	1	3	0	1	0
2558215984	32	20	20	4	2	0	2	0
198495134	16	10	10	2	1	0	0	0
2052182936	16	20	20	2	4	0	0	0
2414025217	8	1000	1000	2	4	0	0	0
1625769816	16	10	10	0	4	0	1	0
2162839780	8	1	1	2	0	0	0	0
4178648917	8	10	10	3	1	0	0	0
3880652244	16	20	20	3	2	0	0	0
2961932618	16	10	10	0	1	0	0	0
423825462	32	20	20	4	2	0	0	0
2882118224	8	20	20	3	0	0	0	0
2004212067	16	100	100	0	3	0	0	0
2968261566	16	50	50	2	1	0	0	0
4074722166	32	1000	1000	2	4	0	0	0
3747067352	8	10	10	4	3	0	0	0
1431546300	16	10	10	4	1	0	2	0
171752861	8	100	100	1	3	0	0	0
1264986723	16	20	20	2	3	0	0	0
2318240835	16	20	20	2	0	0	0	0
1313415428	16	10	10	1	0	0	2	0
102219854	8	10	10	4	0	0	0	0
1548711037	8	10	10	0	2	0	3	0
674720711	16	20	20	0	2	0	0	0
3834044563	16	100	100	3	2	0	0	0
887507327	16	100	100	0	2	0	0	0
3764927399	16	20	20	2	3	0	0	0
694813575	16	2	2	1	2	0	0	0
1778585637	32	100	100	1	2	0	0	0
2778073898	16	10	10	2	3	0	0	0
1568099452	16	20	20	4	0	0	0	0
4227834911	16	20	20	0	3	0	0	0
890157923	8	10	10	4	3	0	0	0
1501701016	256	10	10	0	4	0	0	0
421378451	8	10	10	1	3	0	2	0
659395094	16	10	10	0	4	0	0	0
128902800	16	100	100	2	3	0	0	0
879611437	8	20	20	0	4	0	0	0
98451607	8	20	20	4	3	0	0	0
3722784611	16	50	50	2	1	0	2	0
3385078344	16	100	100	1	0	0	0	0
3972209745	16	20	20	1	0	0	0	0
2713972489	8	100	100	4	2	0	0	0
1295085066	8	10	10	0	2	0	0	0
5069697	8	100	100	3	1	0	0	0
2534280058	32	5	5	1	0	0	0	0
1838004557	8	20	20	1	0	0	0	0
1500345563	8	10	10	1	4	0	2	0
763128803	16	20	20	4	3	0	0	0
4108581929	8	100	100	2	3	0	0	0
3617328353	16	10	10	3	1	0	0	0
252613277	32	10	10	3	1	0	0	0
1613087225	16	100	100	4	3	0	0	0
4204283802	32	20	20	1	2	0	2	0
2192249987	16	1	1	0	2	0	2	0
3102608197	16	10	10	3	0	0	0	0
394413573	32	1	1	2	0	0	0	0
2610132579	32	10	10	3	1	0	0	0
1676603257	8	10	10	2	4	0	0	0
485475420	8	10	10	4	2	0	1	0
3986183417	16	100	100	2	0	0	2	0
4036734294	16	100	100	2	0	0	0	0
2892357353	16	5	5	0	1	0	3	0
729089570	16	2	2	1	0	0	0	0
2485259963	8	100	100	0	3	0	1	0
4006884199	16	10	10	4	1	0	0	0
1622374773	8	20	20	0	4	0	2	0
2358427477	8	5	5	1	0	0	0	0
4142765292	16	20	20	3	4	0	0	0
603217479	16	20	20	4	0	0	1	0
581640237	8	1000	1000	2	1	0	3	0
922494671	16	10	10	4	1	0	0	0
972486481	16	20	20	0	4	0	1	0
430248225	32	20	20	2	3	0	0	0
580232771	8	10	10	1	4	0	0	0
195577312	16	100	100	4	2	0	0	0
1209492825	16	20	20	1	4	0	0	0
1785687622	8	10	10	4	0	0	0	0
9510925	16	100	100	2	4	0	0	0
3449960601	32	10	10	4	1	0	0	0
807251008	128	20	20	1	2	0	0	0
307096486	16	20	20	1	4	0	2	0
3853796518	16	20	20	1	3	0	0	0
2301067560	64	20	20	3	2	0	2	0
1944130259	8	20	20	2	1	0	0	0
3253187179	8	2	2	1	2	0	0	0
1726684313	16	1	1	2	1	0	3	0
2187818036	16	100	100	4	3	0	0	0
3917604379	16	20	20	1	4	0	1	0
1939400726	8	100	100	4	2	0	0	0
193240780	32	10	10	3	1	0	0	0
4244472261	16	20	20	4	0	0	0	0
2212953921	8	10	10	0	3	0	0	0
729656622	16	1000	1000	2	0	0	1	0
4217200628	8	20	20	1	2	0	0	0
3030509031	16	5	5	0	1	0	2	0
1649726441	64	2	2	1	2	0	0	0
2151108326	32	10	10	2	3	0	0	0
4152499478	8	100	100	2	0	0	0	0
3795389176	8	100	100	3	1	0	3	0
318774767	16	20	20	0	4	0	0	0
4068776377	32	100	100	3	4	0	0	0
2402295447	32	10	10	0	1	0	0	0
2367164796	16	20	20	4	1	0	2	0
2348411415	8	20	20	1	2	0	0	0
1337994818	16	10	10	3	2	0	0	1
1427014064	16	1000	1000	2	4	0	3	0
1103880313	8	1000	1000	1	3	0	2	0
3454496816	8	100	100	1	0	0	3	0
3414597761	16	10	10	0	2	0	0	0
2724706211	8	20	20	1	3	0	0	0
193587397	16	10	10	4	1	0	0	0
3670688651	32	10	10	4	2	0	1	0
1829388828	16	10	10	2	4	0	1	0
4147977852	16	20	20	0	2	0	1	0
38216562	16	10	10	2	3	0	0	0
64529846	16	5	5	0	2	0	2	0
1413911571	16	1	1	0	1	0	0	0
3797933917	16	20	20	2	3	0	0	0
436040097	16	10	10	2	0	0	0	0
6429851	32	10	10	1	2	0	3	0
1150378198	16	20	20	1	3	0	0	0
4102213328	16	10	10	0	3	0	0	0
808523394	16	20	20	4	3	0	1	0
3231745432	8	2	2	1	2	0	2	0
2923728447	16	100	100	1	2	0	1	0
1025486760	8	20	20	3	0	0	0	0
849741616	8	1000	1000	4	0	0	2	0
1265608027	8	10	10	3	0	0	0	0
899401293	16	100	100	4	0	0	0	0
2301995235	8	100	100	2	0	0	0	0
1439369869	8	100	100	2	3	0	0	0
3472901642	16	10	10	1	0	0	0	0
3393295293	8	100	100	1	0	0	0	0
3121197034	16	10	10	1	2	0	0	0
1874701727	8	10	10	0	2	0	0	0
4119456746	16	20	20	4	1	0	0	0
345579104	16	20	20	1	3	0	0	0
738623015	16	10	10	2	1	0	0	0
4251383311	8	100	100	1	2	0	0	0
115639133	8	20	20	1	4	0	1	0
2356493937	32	1	1	2	0	0	0	0
3864900499	8	20	20	1	2	0	0	1
3561198040	16	1000	1000	3	2	0	1	0
2750547308	8	100	100	1	2	0	0	0
2382880099	32	20	20	0	3	0	0	0
4223714443	16	20	20	0	3	0	0	0
4096057533	16	10	10	1	4	0	2	0
3677101981	8	20	20	1	4	0	0	0
3940751391	8	100	100	1	0	0	0	0
3540736875	32	20	20	0	2	0	0	0
106239983	8	50	50	3	2	0	0	0
4009152530	32	10	10	2	4	0	1	0
3366159712	8	20	20	0	4	0	0	0
