# algorithm2: 按需三模冗余 + 功能路内同源通信副本。
# 正常模式带宽只统计 comm_id=0/1 的功能路；故障模式带宽统计全量功能路与事件触发控制报文。
# 事件报文集合 F_evt={f_act,f_iso,f_hang}，统一取 1 byte 负载，MIT 取对应功能簇原始信号周期。

[scheme_summary]
scheme	normal_bandwidth_utilization	fault_bandwidth_utilization	total_added_signal_copies	schedulable
on_demand_tmr	0.505803	0.545423	46	1
always_on_tmr	0.511519	0.511519	46	1

[foundation_summary]
scheme	bandwidth_utilization	max_wcrt_ms	total_added_signal_copies	schedulable
homo_only_foundation	0.497899	4.9436	34	1

[cluster_summary]
scheme	code	route_count	p_function_fault	p_threshold
on_demand_tmr	17504628	3	0	2.77778e-13
on_demand_tmr	112294910	3	0	2.77778e-14
on_demand_tmr	222220226	3	0	2.77778e-13
on_demand_tmr	226444505	3	0	2.77778e-14
on_demand_tmr	289543753	3	0	2.77778e-14
on_demand_tmr	320297689	3	0	2.77778e-13
always_on_tmr	17504628	3	0	2.77778e-13
always_on_tmr	112294910	3	0	2.77778e-14
always_on_tmr	222220226	3	0	2.77778e-13
always_on_tmr	226444505	3	0	2.77778e-14
always_on_tmr	289543753	3	0	2.77778e-14
always_on_tmr	320297689	3	0	2.77778e-13

[cluster_wcrt_summary]
scheme	code	period_ms	deadline_ms	normal_main_route_wcrt_ms	fault_main_route_wcrt_ms	tmr_all_route_wcrt_ms	activation_wcrt_ms	backup_route_wcrt_ms	compare_time_ms	backup_compute_time_ms	end_to_end_normal_wcrt_ms	end_to_end_fault_wcrt_ms	meets_deadline
on_demand_tmr	17504628	100	100	4.8072	5.6686	0	5.8014	4.7374	0.01	0	4.8172	16.2274	1
on_demand_tmr	112294910	10	10	1.8706	1.8706	0	2.597	1.7574	0.01	0	1.8806	6.245	1
on_demand_tmr	222220226	100	100	3.947	4.6502	0	5.9202	5.7618	0.01	0	3.957	16.3522	1
on_demand_tmr	226444505	10	10	2.4462	2.4462	0	2.7158	1.3346	0.01	0	2.4562	6.5166	1
on_demand_tmr	289543753	10	10	1.4578	1.4578	0	2.8346	2.4462	0.01	0	1.4678	6.7586	1
on_demand_tmr	320297689	100	100	4.6408	5.0388	0	6.039	4.5134	0.01	0	4.6508	15.6112	1
always_on_tmr	17504628	100	100	0	0	4.8788	0	0	0.01	0	4.8888	4.8888	1
always_on_tmr	112294910	10	10	0	0	2.0294	0	0	0.01	0	2.0394	2.0394	1
always_on_tmr	222220226	100	100	0	0	4.9264	0	0	0.01	0	4.9364	4.9364	1
always_on_tmr	226444505	10	10	0	0	2.5574	0	0	0.01	0	2.5674	2.5674	1
always_on_tmr	289543753	10	10	0	0	2.5574	0	0	0.01	0	2.5674	2.5674	1
always_on_tmr	320297689	100	100	0	0	4.5458	0	0	0.01	0	4.5558	4.5558	1

[route_summary]
scheme	code	comm_id	level	type	src_ecu	dst_ecu	period_ms	deadline_ms	signal_instance_count	added_signal_copies	p_comm_fault	p_threshold	max_wcrt_ms
on_demand_tmr	17504628	0	3	1	4	3	100	100	2	1	1.73056e-15	2.77778e-13	5.6686
on_demand_tmr	17504628	1	3	2	2	3	100	100	2	1	1.89696e-15	2.77778e-13	4.4242
on_demand_tmr	17504628	2	3	2	0	3	100	100	2	1	1.89696e-15	2.77778e-13	4.7374
on_demand_tmr	112294910	0	3	1	4	2	10	10	2	1	2.36096e-15	2.77778e-14	0.9774
on_demand_tmr	112294910	1	3	2	3	2	10	10	2	1	2.68576e-15	2.77778e-14	1.8706
on_demand_tmr	112294910	2	3	2	1	2	10	10	2	1	2.55136e-15	2.77778e-14	1.7574
on_demand_tmr	222220226	0	3	1	4	1	100	100	2	1	2.06336e-15	2.77778e-13	4.6502
on_demand_tmr	222220226	1	3	2	3	1	100	100	2	1	1.98016e-15	2.77778e-13	3.7622
on_demand_tmr	222220226	2	3	2	0	1	100	100	2	1	2.17056e-15	2.77778e-13	5.7618
on_demand_tmr	226444505	0	3	1	3	4	10	10	2	1	3.79456e-15	2.77778e-14	1.4578
on_demand_tmr	226444505	1	3	2	2	4	10	10	2	1	8.06436e-15	2.77778e-14	2.4462
on_demand_tmr	226444505	2	3	2	0	4	10	10	2	1	4.84416e-15	2.77778e-14	1.3346
on_demand_tmr	289543753	0	3	1	0	4	10	10	2	1	4.84416e-15	2.77778e-14	1.3346
on_demand_tmr	289543753	1	3	2	3	4	10	10	2	1	3.79456e-15	2.77778e-14	1.4578
on_demand_tmr	289543753	2	3	2	2	4	10	10	2	1	8.06436e-15	2.77778e-14	2.4462
on_demand_tmr	320297689	0	3	1	4	2	100	100	2	1	2.07536e-15	2.77778e-13	3.9902
on_demand_tmr	320297689	1	3	2	3	2	100	100	2	1	1.81376e-15	2.77778e-13	5.0388
on_demand_tmr	320297689	2	3	2	0	2	100	100	2	1	1.98816e-15	2.77778e-13	4.5134
on_demand_tmr	333023404	0	3	0	4	0	10	10	2	1	2.24976e-15	2.77778e-14	1.6146
on_demand_tmr	344993256	0	3	0	1	4	100	100	2	1	1.98816e-15	2.77778e-13	4.559
on_demand_tmr	355233084	0	3	0	0	2	2	2	2	1	1.98016e-15	5.55556e-15	0.3462
on_demand_tmr	376386878	0	3	0	1	2	20	20	2	1	2.33696e-15	5.55556e-14	3.3658
on_demand_tmr	4100391288	0	2	0	0	3	20	20	2	1	1.98016e-15	5.55556e-13	1.7038
on_demand_tmr	4135797719	0	2	0	4	0	20	20	2	1	2.24976e-15	5.55556e-13	1.6146
on_demand_tmr	4157013937	0	2	0	0	1	1	1	2	1	2.07536e-15	2.77778e-14	0.265
on_demand_tmr	4204223080	0	2	0	0	3	10	10	2	1	1.98016e-15	2.77778e-13	1.7038
on_demand_tmr	4222517463	0	2	0	4	2	20	20	2	1	2.36096e-15	5.55556e-13	0.9774
on_demand_tmr	4233539361	0	2	0	0	1	1	1	2	1	2.07536e-15	2.77778e-14	0.265
on_demand_tmr	4237930783	0	2	0	4	2	100	100	2	1	2.07536e-15	2.77778e-12	3.9902
on_demand_tmr	4247432603	0	2	0	3	0	100	100	2	1	2.65856e-15	2.77778e-12	4.787
on_demand_tmr	4248963807	0	2	0	2	3	20	20	2	1	3.17856e-15	5.55556e-13	3.2806
on_demand_tmr	3689861550	0	1	0	1	4	20	20	2	1	3.17856e-15	5.55556e-13	0.8186
on_demand_tmr	3722815711	0	1	0	3	4	10	10	2	1	3.79456e-15	2.77778e-13	1.4578
on_demand_tmr	3729984311	0	1	0	1	0	20	20	2	1	3.30176e-15	5.55556e-13	2.9674
on_demand_tmr	3738474641	0	1	0	2	4	10	10	2	1	8.06436e-15	2.77778e-13	2.4462
on_demand_tmr	3847979727	0	1	0	2	4	10	10	2	1	8.06436e-15	2.77778e-13	2.4462
on_demand_tmr	3904360128	0	1	0	0	4	50	50	2	1	1.73056e-15	1.38889e-12	3.5738
on_demand_tmr	3905534453	0	1	0	3	0	20	20	2	1	2.89536e-15	5.55556e-13	3.4074
on_demand_tmr	3907596132	0	1	0	1	4	10	10	2	1	3.17856e-15	2.77778e-13	0.8186
on_demand_tmr	3920795833	0	1	0	3	0	100	100	2	1	2.65856e-15	2.77778e-12	4.787
on_demand_tmr	3972815931	0	1	0	1	4	10	10	2	1	3.17856e-15	2.77778e-13	0.8186
on_demand_tmr	4028824965	0	1	0	2	3	20	20	2	1	3.17856e-15	5.55556e-13	3.2806
on_demand_tmr	4045173780	0	1	0	0	4	50	50	2	1	1.73056e-15	1.38889e-12	3.5738
on_demand_tmr	4062970207	0	1	0	1	0	100	100	2	1	2.16256e-15	2.77778e-12	3.8554
on_demand_tmr	4086108986	0	1	0	3	2	20	20	2	1	2.68576e-15	5.55556e-13	1.8706
on_demand_tmr	4097153602	0	1	0	0	1	100	100	2	1	2.17056e-15	2.77778e-12	5.7618
on_demand_tmr	483649995	0	0	0	4	1	20	20	1	0	4.16e-08	1	3.3222
on_demand_tmr	501253509	0	0	0	2	1	20	20	1	0	4.36e-08	1	3.011
on_demand_tmr	539629888	0	0	0	1	2	5	5	1	0	4.76e-08	1	0.5922
on_demand_tmr	582740043	0	0	0	0	1	100	100	1	0	4.76e-08	1	5.7618
on_demand_tmr	623997593	0	0	0	1	0	100	100	1	0	4.36e-08	1	3.8554
on_demand_tmr	635208695	0	0	0	2	1	1000	1000	1	0	4.16e-08	1	6.5522
on_demand_tmr	658939550	0	0	0	1	0	20	20	1	0	5.36e-08	1	2.9674
on_demand_tmr	702838261	0	0	0	2	4	10	10	1	0	7.86e-08	1	2.4462
on_demand_tmr	739855166	0	0	0	0	2	100	100	1	0	4.36e-08	1	4.5134
on_demand_tmr	748101917	0	0	0	0	3	100	100	1	0	4.56e-08	1	4.6958
on_demand_tmr	769275179	0	0	0	2	3	100	100	1	0	4.56e-08	1	4.0358
on_demand_tmr	796296878	0	0	0	4	3	10	10	1	0	4.96e-08	1	2.4958
on_demand_tmr	803254470	0	0	0	3	4	10	10	1	0	6.16e-08	1	1.3962
on_demand_tmr	820694596	0	0	0	3	1	20	20	1	0	5.16e-08	1	0.6438
on_demand_tmr	832960319	0	0	0	0	2	5	5	1	0	5.36e-08	1	0.5446
on_demand_tmr	841821823	0	0	0	3	2	100	100	1	0	1.666e-07	1	4.9972
on_demand_tmr	847166788	0	0	0	0	4	20	20	1	0	6.96e-08	1	1.047
on_demand_tmr	896022082	0	0	0	2	3	20	20	1	0	5.16e-08	1	3.2806
on_demand_tmr	929552475	0	0	0	0	4	20	20	1	0	6.96e-08	1	1.3346
on_demand_tmr	1006323331	0	0	0	2	4	100	100	1	0	3.96e-08	1	5.5418
on_demand_tmr	1029418911	0	0	0	2	4	20	20	1	0	7.86e-08	1	2.4462
on_demand_tmr	1042130494	0	0	0	0	1	1	1	1	0	4.76e-08	1	0.265
on_demand_tmr	1068816011	0	0	0	1	0	10	10	1	0	6.16e-08	1	0.7054
on_demand_tmr	1076812497	0	0	0	2	0	1000	1000	1	0	6.96e-08	1	6.7902
on_demand_tmr	1083599015	0	0	0	1	4	10	10	1	0	6.16e-08	1	0.767
on_demand_tmr	1121811269	0	0	0	0	4	10	10	1	0	6.96e-08	1	1.3346
on_demand_tmr	1192661840	0	0	0	4	0	50	50	1	0	4.56e-08	1	3.6194
on_demand_tmr	1246926374	0	0	0	1	2	20	20	1	0	5.36e-08	1	1.7574
on_demand_tmr	1253272521	0	0	0	2	4	20	20	1	0	1.026e-07	1	2.0208
on_demand_tmr	1262903850	0	0	0	3	0	10	10	1	0	6.96e-08	1	1.827
on_demand_tmr	1304449685	0	0	0	1	3	20	20	1	0	4.76e-08	1	1.9182
on_demand_tmr	1382283296	0	0	0	3	0	20	20	1	0	6.96e-08	1	1.827
on_demand_tmr	1459828738	0	0	0	2	1	20	20	1	0	4.36e-08	1	3.011
on_demand_tmr	1467167202	0	0	0	1	0	20	20	1	0	5.36e-08	1	2.9674
on_demand_tmr	1496820354	0	0	0	2	1	1	1	1	0	3.96e-08	1	0.1342
on_demand_tmr	1515792690	0	0	0	2	4	10	10	1	0	1.026e-07	1	2.0208
on_demand_tmr	1516513259	0	0	0	1	4	100	100	1	0	4.56e-08	1	4.559
on_demand_tmr	1526644082	0	0	0	2	4	10	10	1	0	7.86e-08	1	2.4462
on_demand_tmr	1531623286	0	0	0	0	3	10	10	1	0	4.76e-08	1	1.7038
on_demand_tmr	1544782063	0	0	0	3	0	10	10	1	0	6.96e-08	1	1.827
on_demand_tmr	1560143651	0	0	0	4	0	100	100	1	0	4.56e-08	1	3.6194
on_demand_tmr	1632440895	0	0	0	2	0	100	100	1	0	4.36e-08	1	5.5854
on_demand_tmr	1640530828	0	0	0	2	3	1000	1000	1	0	4.16e-08	1	6.6354
on_demand_tmr	1759387463	0	0	0	4	0	20	20	1	0	5.16e-08	1	1.6146
on_demand_tmr	1794936845	0	0	0	1	2	10	10	1	0	5.36e-08	1	1.7574
on_demand_tmr	1839145952	0	0	0	1	2	20	20	1	0	5.36e-08	1	1.7574
on_demand_tmr	1874137783	0	0	0	0	2	2	2	1	0	4.76e-08	1	0.3046
on_demand_tmr	1884812486	0	0	0	2	3	10	10	1	0	6.16e-08	1	1.5194
on_demand_tmr	1925270960	0	0	0	0	1	20	20	1	0	6.16e-08	1	2.5574
on_demand_tmr	1925332329	0	0	0	3	2	10	10	1	0	6.16e-08	1	0.8802
on_demand_tmr	1931991380	0	0	0	2	3	20	20	1	0	5.16e-08	1	3.2806
on_demand_tmr	1959056222	0	0	0	1	0	100	100	1	0	4.96e-08	1	3.8118
on_demand_tmr	1968370999	0	0	0	2	3	10	10	1	0	6.16e-08	1	1.5194
on_demand_tmr	1973533256	0	0	0	1	0	100	100	1	0	4.96e-08	1	3.8118
on_demand_tmr	2024355477	0	0	0	1	0	1	1	1	0	4.76e-08	1	0.0946
on_demand_tmr	2039380397	0	0	0	1	3	10	10	1	0	4.76e-08	1	1.9182
on_demand_tmr	2074756545	0	0	0	1	4	20	20	1	0	4.16e-08	1	3.4906
on_demand_tmr	2166936579	0	0	0	1	0	2	2	1	0	4.76e-08	1	0.0946
on_demand_tmr	2189351541	0	0	0	0	1	10	10	1	0	6.16e-08	1	2.5574
on_demand_tmr	2213454629	0	0	0	3	4	10	10	1	0	6.16e-08	1	1.4578
on_demand_tmr	2231969770	0	0	0	0	2	2	2	1	0	4.76e-08	1	0.3046
on_demand_tmr	2249752247	0	0	0	3	4	10	10	1	0	6.16e-08	1	1.4578
on_demand_tmr	2274452618	0	0	0	0	4	10	10	1	0	6.96e-08	1	1.047
on_demand_tmr	2301200516	0	0	0	1	0	20	20	1	0	5.36e-08	1	2.9674
on_demand_tmr	2301709415	0	0	0	2	3	20	20	1	0	6.16e-08	1	1.5194
on_demand_tmr	2364384797	0	0	0	3	2	100	100	1	0	4.36e-08	1	4.8306
on_demand_tmr	2366755717	0	0	0	0	3	1000	1000	1	0	3.96e-08	1	6.675
on_demand_tmr	2397719093	0	0	0	0	3	20	20	1	0	4.76e-08	1	1.7038
on_demand_tmr	2410828986	0	0	0	2	4	10	10	1	0	7.86e-08	1	2.4462
on_demand_tmr	2415491719	0	0	0	1	2	20	20	1	0	4.36e-08	1	3.3658
on_demand_tmr	2437514207	0	0	0	1	0	5	5	1	0	1.026e-07	1	0.4494
on_demand_tmr	2455836619	0	0	0	3	0	20	20	1	0	6.96e-08	1	1.827
on_demand_tmr	2461114061	0	0	0	0	1	20	20	1	0	6.16e-08	1	2.5574
on_demand_tmr	2464603483	0	0	0	4	0	10	10	1	0	5.16e-08	1	1.6146
on_demand_tmr	2465285065	0	0	0	0	4	10	10	1	0	6.96e-08	1	1.047
on_demand_tmr	2505333303	0	0	0	1	4	100	100	1	0	4.36e-08	1	3.899
on_demand_tmr	2529114055	0	0	0	3	4	1000	1000	1	0	4.16e-08	1	6.5938
on_demand_tmr	2546903329	0	0	0	2	0	100	100	1	0	4.36e-08	1	5.5854
on_demand_tmr	2604244468	0	0	0	1	0	10	10	1	0	6.16e-08	1	0.7054
on_demand_tmr	2621873510	0	0	0	2	4	20	20	1	0	1.026e-07	1	2.0208
on_demand_tmr	2802491382	0	0	0	3	1	10	10	1	0	5.16e-08	1	0.6438
on_demand_tmr	2820033142	0	0	0	3	1	100	100	1	0	4.76e-08	1	3.7622
on_demand_tmr	2846942278	0	0	0	1	4	20	20	1	0	6.16e-08	1	0.767
on_demand_tmr	2929241011	0	0	0	0	4	20	20	1	0	6.96e-08	1	1.047
on_demand_tmr	2931286703	0	0	0	1	0	10	10	1	0	6.16e-08	1	0.7054
on_demand_tmr	2971129424	0	0	0	3	0	10	10	1	0	6.96e-08	1	1.827
on_demand_tmr	3089825955	0	0	0	4	2	10	10	1	0	4.76e-08	1	0.9278
on_demand_tmr	3101321235	0	0	0	1	2	5	5	1	0	4.76e-08	1	0.5922
on_demand_tmr	3185985943	0	0	0	2	3	10	10	1	0	6.16e-08	1	1.5194
on_demand_tmr	3232166432	0	0	0	2	3	10	10	1	0	6.16e-08	1	1.5194
on_demand_tmr	3243902611	0	0	0	3	2	20	20	1	0	6.16e-08	1	0.8802
on_demand_tmr	3244166117	0	0	0	2	0	20	20	1	0	4.16e-08	1	3.449
on_demand_tmr	3353936212	0	0	0	4	2	20	20	1	0	4.96e-08	1	0.9774
on_demand_tmr	3362945445	0	0	0	4	1	100	100	1	0	4.96e-08	1	4.6086
on_demand_tmr	3371486429	0	0	0	3	0	50	50	1	0	5.36e-08	1	3.673
on_demand_tmr	3376463525	0	0	0	3	0	20	20	1	0	6.96e-08	1	1.827
on_demand_tmr	3384638908	0	0	0	3	1	1000	1000	1	0	4.56e-08	1	6.5106
on_demand_tmr	3386420347	0	0	0	1	0	20	20	1	0	6.16e-08	1	0.7054
on_demand_tmr	3394160172	0	0	0	0	1	20	20	1	0	6.16e-08	1	2.5574
on_demand_tmr	3397459557	0	0	0	3	1	10	10	1	0	5.16e-08	1	0.6438
on_demand_tmr	3399029644	0	0	0	2	4	10	10	1	0	1.026e-07	1	2.0208
on_demand_tmr	3438392419	0	0	0	4	2	100	100	1	0	4.76e-08	1	3.9902
on_demand_tmr	3443978274	0	0	0	0	2	100	100	1	0	4.56e-08	1	4.4698
on_demand_tmr	3447462327	0	0	0	2	1	5	5	1	0	4.16e-08	1	0.491
on_demand_tmr	3466562596	0	0	0	1	2	1	1	1	0	3.96e-08	1	0.1738
on_demand_tmr	3551311790	0	0	0	1	3	1000	1000	1	0	4.56e-08	1	6.7206
on_demand_tmr	3555250056	0	0	0	1	0	10	10	1	0	6.16e-08	1	0.7054
on_demand_tmr	3556582915	0	0	0	4	0	100	100	1	0	4.56e-08	1	3.6194
on_demand_tmr	3559187991	0	0	0	4	3	20	20	1	0	4.96e-08	1	2.4958
on_demand_tmr	3568295527	0	0	0	3	2	10	10	1	0	6.16e-08	1	0.8802
on_demand_tmr	3580078940	0	0	0	0	4	10	10	1	0	6.96e-08	1	1.3346
on_demand_tmr	3593002941	0	0	0	4	3	10	10	1	0	4.96e-08	1	2.4958
on_demand_tmr	3607720784	0	0	0	3	0	10	10	1	0	6.96e-08	1	1.827
on_demand_tmr	3639205955	0	0	0	1	0	20	20	1	0	5.36e-08	1	2.9674
on_demand_tmr	3646824132	0	0	0	3	1	100	100	1	0	4.76e-08	1	3.7622
on_demand_tmr	3670359541	0	0	0	2	0	2	2	1	0	3.96e-08	1	0.3858
always_on_tmr	17504628	0	3	1	4	3	100	100	2	1	1.73056e-15	2.77778e-13	4.8788
always_on_tmr	17504628	1	3	2	2	3	100	100	2	1	1.89696e-15	2.77778e-13	3.8026
always_on_tmr	17504628	2	3	2	0	3	100	100	2	1	1.89696e-15	2.77778e-13	4.417
always_on_tmr	112294910	0	3	1	4	2	10	10	2	1	2.35296e-15	2.77778e-14	0.9558
always_on_tmr	112294910	1	3	2	3	2	10	10	2	1	2.45616e-15	2.77778e-14	1.9302
always_on_tmr	112294910	2	3	2	1	2	10	10	2	1	2.45616e-15	2.77778e-14	2.0294
always_on_tmr	222220226	0	3	1	4	1	100	100	2	1	2.06336e-15	2.77778e-13	3.983
always_on_tmr	222220226	1	3	2	3	1	100	100	2	1	1.98816e-15	2.77778e-13	3.3902
always_on_tmr	222220226	2	3	2	0	1	100	100	2	1	2.17056e-15	2.77778e-13	4.9264
always_on_tmr	226444505	0	3	1	3	4	10	10	2	1	3.59136e-15	2.77778e-14	1.4758
always_on_tmr	226444505	1	3	2	2	4	10	10	2	1	8.06436e-15	2.77778e-14	2.5574
always_on_tmr	226444505	2	3	2	0	4	10	10	2	1	4.28736e-15	2.77778e-14	1.3546
always_on_tmr	289543753	0	3	1	0	4	10	10	2	1	4.28736e-15	2.77778e-14	1.3546
always_on_tmr	289543753	1	3	2	3	4	10	10	2	1	3.59136e-15	2.77778e-14	1.4758
always_on_tmr	289543753	2	3	2	2	4	10	10	2	1	8.06436e-15	2.77778e-14	2.5574
always_on_tmr	320297689	0	3	1	4	2	100	100	2	1	2.07536e-15	2.77778e-13	3.6658
always_on_tmr	320297689	1	3	2	3	2	100	100	2	1	1.81376e-15	2.77778e-13	4.5458
always_on_tmr	320297689	2	3	2	0	2	100	100	2	1	1.98816e-15	2.77778e-13	3.8918
always_on_tmr	333023404	0	3	0	4	0	10	10	2	1	2.26576e-15	2.77778e-14	1.6406
always_on_tmr	344993256	0	3	0	1	4	100	100	2	1	1.98816e-15	2.77778e-13	4.4606
always_on_tmr	355233084	0	3	0	0	2	2	2	2	1	1.98816e-15	5.55556e-15	0.3366
always_on_tmr	376386878	0	3	0	1	2	20	20	2	1	2.45616e-15	5.55556e-14	2.0294
always_on_tmr	4100391288	0	2	0	0	3	20	20	2	1	1.98816e-15	5.55556e-13	1.7298
always_on_tmr	4135797719	0	2	0	4	0	20	20	2	1	2.26576e-15	5.55556e-13	1.6406
always_on_tmr	4157013937	0	2	0	0	1	1	1	2	1	2.07536e-15	2.77778e-14	0.2474
always_on_tmr	4204223080	0	2	0	0	3	10	10	2	1	1.98816e-15	2.77778e-13	1.7298
always_on_tmr	4222517463	0	2	0	4	2	20	20	2	1	2.35296e-15	5.55556e-13	0.9558
always_on_tmr	4233539361	0	2	0	0	1	1	1	2	1	2.07536e-15	2.77778e-14	0.2474
always_on_tmr	4237930783	0	2	0	4	2	100	100	2	1	2.07536e-15	2.77778e-12	3.6658
always_on_tmr	4247432603	0	2	0	3	0	100	100	2	1	2.65856e-15	2.77778e-12	3.7154
always_on_tmr	4248963807	0	2	0	2	3	20	20	2	1	3.31296e-15	5.55556e-13	2.7558
always_on_tmr	3689861550	0	1	0	1	4	20	20	2	1	3.79456e-15	5.55556e-13	0.9042
always_on_tmr	3722815711	0	1	0	3	4	10	10	2	1	3.59136e-15	2.77778e-13	1.4758
always_on_tmr	3729984311	0	1	0	1	0	20	20	2	1	2.80896e-15	5.55556e-13	2.6646
always_on_tmr	3738474641	0	1	0	2	4	10	10	2	1	8.06436e-15	2.77778e-13	2.5574
always_on_tmr	3847979727	0	1	0	2	4	10	10	2	1	8.06436e-15	2.77778e-13	2.5574
always_on_tmr	3904360128	0	1	0	0	4	50	50	2	1	1.73056e-15	1.38889e-12	2.9838
always_on_tmr	3905534453	0	1	0	3	0	20	20	2	1	3.30176e-15	5.55556e-13	2.859
always_on_tmr	3907596132	0	1	0	1	4	10	10	2	1	3.79456e-15	2.77778e-13	0.9042
always_on_tmr	3920795833	0	1	0	3	0	100	100	2	1	2.65856e-15	2.77778e-12	3.7154
always_on_tmr	3972815931	0	1	0	1	4	10	10	2	1	3.79456e-15	2.77778e-13	0.9042
always_on_tmr	4028824965	0	1	0	2	3	20	20	2	1	3.31296e-15	5.55556e-13	2.7558
always_on_tmr	4045173780	0	1	0	0	4	50	50	2	1	1.73056e-15	1.38889e-12	2.9838
always_on_tmr	4062970207	0	1	0	1	0	100	100	2	1	2.17056e-15	2.77778e-12	3.4834
always_on_tmr	4086108986	0	1	0	3	2	20	20	2	1	2.45616e-15	5.55556e-13	1.9302
always_on_tmr	4097153602	0	1	0	0	1	100	100	2	1	2.17056e-15	2.77778e-12	4.9264
always_on_tmr	483649995	0	0	0	4	1	20	20	1	0	4.16e-08	1	2.7974
always_on_tmr	501253509	0	0	0	2	1	20	20	1	0	4.36e-08	1	2.7082
always_on_tmr	539629888	0	0	0	1	2	5	5	1	0	4.56e-08	1	0.6222
always_on_tmr	582740043	0	0	0	0	1	100	100	1	0	4.76e-08	1	4.9264
always_on_tmr	623997593	0	0	0	1	0	100	100	1	0	4.76e-08	1	3.4378
always_on_tmr	635208695	0	0	0	2	1	1000	1000	1	0	4.16e-08	1	5.0136
always_on_tmr	658939550	0	0	0	1	0	20	20	1	0	6.16e-08	1	0.781
always_on_tmr	702838261	0	0	0	2	4	10	10	1	0	7.86e-08	1	2.4548
always_on_tmr	739855166	0	0	0	0	2	100	100	1	0	4.36e-08	1	3.8918
always_on_tmr	748101917	0	0	0	0	3	100	100	1	0	4.56e-08	1	4.417
always_on_tmr	769275179	0	0	0	2	3	100	100	1	0	4.56e-08	1	3.761
always_on_tmr	796296878	0	0	0	4	3	10	10	1	0	4.96e-08	1	1.0054
always_on_tmr	803254470	0	0	0	3	4	10	10	1	0	6.96e-08	1	1.4242
always_on_tmr	820694596	0	0	0	3	1	20	20	1	0	5.16e-08	1	0.6738
always_on_tmr	832960319	0	0	0	0	2	5	5	1	0	5.36e-08	1	0.5766
always_on_tmr	841821823	0	0	0	3	2	100	100	1	0	1.666e-07	1	4.7124
always_on_tmr	847166788	0	0	0	0	4	20	20	1	0	6.96e-08	1	1.293
always_on_tmr	896022082	0	0	0	2	3	20	20	1	0	4.76e-08	1	2.7558
always_on_tmr	929552475	0	0	0	0	4	20	20	1	0	6.96e-08	1	1.293
always_on_tmr	1006323331	0	0	0	2	4	100	100	1	0	3.96e-08	1	4.752
always_on_tmr	1029418911	0	0	0	2	4	20	20	1	0	1.026e-07	1	2.5574
always_on_tmr	1042130494	0	0	0	0	1	1	1	1	0	4.76e-08	1	0.2474
always_on_tmr	1068816011	0	0	0	1	0	10	10	1	0	6.16e-08	1	0.781
always_on_tmr	1076812497	0	0	0	2	0	1000	1000	1	0	6.96e-08	1	5.745
always_on_tmr	1083599015	0	0	0	1	4	10	10	1	0	6.16e-08	1	0.9042
always_on_tmr	1121811269	0	0	0	0	4	10	10	1	0	6.16e-08	1	1.3546
always_on_tmr	1192661840	0	0	0	4	0	50	50	1	0	4.56e-08	1	3.0294
always_on_tmr	1246926374	0	0	0	1	2	20	20	1	0	5.16e-08	1	2.0294
always_on_tmr	1253272521	0	0	0	2	4	20	20	1	0	1.026e-07	1	2.5574
always_on_tmr	1262903850	0	0	0	3	0	10	10	1	0	5.36e-08	1	1.831
always_on_tmr	1304449685	0	0	0	1	3	20	20	1	0	4.76e-08	1	1.9778
always_on_tmr	1382283296	0	0	0	3	0	20	20	1	0	6.16e-08	1	2.859
always_on_tmr	1459828738	0	0	0	2	1	20	20	1	0	4.36e-08	1	2.7082
always_on_tmr	1467167202	0	0	0	1	0	20	20	1	0	6.16e-08	1	0.781
always_on_tmr	1496820354	0	0	0	2	1	1	1	1	0	3.96e-08	1	0.1166
always_on_tmr	1515792690	0	0	0	2	4	10	10	1	0	7.86e-08	1	2.4548
always_on_tmr	1516513259	0	0	0	1	4	100	100	1	0	4.56e-08	1	3.529
always_on_tmr	1526644082	0	0	0	2	4	10	10	1	0	7.86e-08	1	2.4548
always_on_tmr	1531623286	0	0	0	0	3	10	10	1	0	4.36e-08	1	1.7298
always_on_tmr	1544782063	0	0	0	3	0	10	10	1	0	5.36e-08	1	1.831
always_on_tmr	1560143651	0	0	0	4	0	100	100	1	0	4.56e-08	1	3.0294
always_on_tmr	1632440895	0	0	0	2	0	100	100	1	0	4.36e-08	1	4.7956
always_on_tmr	1640530828	0	0	0	2	3	1000	1000	1	0	4.16e-08	1	5.5902
always_on_tmr	1759387463	0	0	0	4	0	20	20	1	0	4.76e-08	1	1.593
always_on_tmr	1794936845	0	0	0	1	2	10	10	1	0	4.56e-08	1	0.6222
always_on_tmr	1839145952	0	0	0	1	2	20	20	1	0	5.16e-08	1	2.0294
always_on_tmr	1874137783	0	0	0	0	2	2	2	1	0	4.56e-08	1	0.293
always_on_tmr	1884812486	0	0	0	2	3	10	10	1	0	6.96e-08	1	1.5454
always_on_tmr	1925270960	0	0	0	0	1	20	20	1	0	6.16e-08	1	2.619
always_on_tmr	1925332329	0	0	0	3	2	10	10	1	0	5.16e-08	1	1.9302
always_on_tmr	1931991380	0	0	0	2	3	20	20	1	0	6.96e-08	1	1.5454
always_on_tmr	1959056222	0	0	0	1	0	100	100	1	0	4.56e-08	1	3.4834
always_on_tmr	1968370999	0	0	0	2	3	10	10	1	0	6.96e-08	1	1.5454
always_on_tmr	1973533256	0	0	0	1	0	100	100	1	0	4.76e-08	1	3.4378
always_on_tmr	2024355477	0	0	0	1	0	1	1	1	0	4.76e-08	1	0.077
always_on_tmr	2039380397	0	0	0	1	3	10	10	1	0	4.76e-08	1	1.9778
always_on_tmr	2074756545	0	0	0	1	4	20	20	1	0	6.16e-08	1	0.8426
always_on_tmr	2166936579	0	0	0	1	0	2	2	1	0	4.76e-08	1	0.077
always_on_tmr	2189351541	0	0	0	0	1	10	10	1	0	6.16e-08	1	2.619
always_on_tmr	2213454629	0	0	0	3	4	10	10	1	0	6.96e-08	1	1.4242
always_on_tmr	2231969770	0	0	0	0	2	2	2	1	0	4.36e-08	1	0.3366
always_on_tmr	2249752247	0	0	0	3	4	10	10	1	0	6.96e-08	1	1.4242
always_on_tmr	2274452618	0	0	0	0	4	10	10	1	0	6.16e-08	1	1.3546
always_on_tmr	2301200516	0	0	0	1	0	20	20	1	0	4.56e-08	1	2.6646
always_on_tmr	2301709415	0	0	0	2	3	20	20	1	0	6.96e-08	1	1.5454
always_on_tmr	2364384797	0	0	0	3	2	100	100	1	0	4.36e-08	1	4.5458
always_on_tmr	2366755717	0	0	0	0	3	1000	1000	1	0	3.96e-08	1	5.6298
always_on_tmr	2397719093	0	0	0	0	3	20	20	1	0	4.56e-08	1	1.6862
always_on_tmr	2410828986	0	0	0	2	4	10	10	1	0	1.026e-07	1	2.5574
always_on_tmr	2415491719	0	0	0	1	2	20	20	1	0	4.76e-08	1	1.7774
always_on_tmr	2437514207	0	0	0	1	0	5	5	1	0	1.346e-07	1	0.523
always_on_tmr	2455836619	0	0	0	3	0	20	20	1	0	6.16e-08	1	2.859
always_on_tmr	2461114061	0	0	0	0	1	20	20	1	0	6.16e-08	1	2.619
always_on_tmr	2464603483	0	0	0	4	0	10	10	1	0	4.76e-08	1	1.6406
always_on_tmr	2465285065	0	0	0	0	4	10	10	1	0	6.96e-08	1	1.293
always_on_tmr	2505333303	0	0	0	1	4	100	100	1	0	4.36e-08	1	4.4606
always_on_tmr	2529114055	0	0	0	3	4	1000	1000	1	0	4.16e-08	1	5.5486
always_on_tmr	2546903329	0	0	0	2	0	100	100	1	0	4.36e-08	1	4.7956
always_on_tmr	2604244468	0	0	0	1	0	10	10	1	0	1.346e-07	1	0.523
always_on_tmr	2621873510	0	0	0	2	4	20	20	1	0	7.86e-08	1	2.4548
always_on_tmr	2802491382	0	0	0	3	1	10	10	1	0	5.16e-08	1	0.6738
always_on_tmr	2820033142	0	0	0	3	1	100	100	1	0	4.36e-08	1	3.3446
always_on_tmr	2846942278	0	0	0	1	4	20	20	1	0	6.16e-08	1	0.9042
always_on_tmr	2929241011	0	0	0	0	4	20	20	1	0	6.16e-08	1	1.3546
always_on_tmr	2931286703	0	0	0	1	0	10	10	1	0	1.346e-07	1	0.523
always_on_tmr	2971129424	0	0	0	3	0	10	10	1	0	5.36e-08	1	1.831
always_on_tmr	3089825955	0	0	0	4	2	10	10	1	0	5.16e-08	1	0.9558
always_on_tmr	3101321235	0	0	0	1	2	5	5	1	0	4.56e-08	1	0.6222
always_on_tmr	3185985943	0	0	0	2	3	10	10	1	0	6.96e-08	1	1.5454
always_on_tmr	3232166432	0	0	0	2	3	10	10	1	0	6.96e-08	1	1.5454
always_on_tmr	3243902611	0	0	0	3	2	20	20	1	0	4.76e-08	1	1.8786
always_on_tmr	3244166117	0	0	0	2	0	20	20	1	0	4.16e-08	1	2.9006
always_on_tmr	3353936212	0	0	0	4	2	20	20	1	0	5.16e-08	1	0.9558
always_on_tmr	3362945445	0	0	0	4	1	100	100	1	0	4.96e-08	1	3.983
always_on_tmr	3371486429	0	0	0	3	0	50	50	1	0	5.36e-08	1	3.301
always_on_tmr	3376463525	0	0	0	3	0	20	20	1	0	6.16e-08	1	2.859
always_on_tmr	3384638908	0	0	0	3	1	1000	1000	1	0	4.56e-08	1	4.972
always_on_tmr	3386420347	0	0	0	1	0	20	20	1	0	6.16e-08	1	0.781
always_on_tmr	3394160172	0	0	0	0	1	20	20	1	0	6.16e-08	1	2.619
always_on_tmr	3397459557	0	0	0	3	1	10	10	1	0	5.16e-08	1	0.6738
always_on_tmr	3399029644	0	0	0	2	4	10	10	1	0	7.86e-08	1	2.4548
always_on_tmr	3438392419	0	0	0	4	2	100	100	1	0	4.76e-08	1	3.6658
always_on_tmr	3443978274	0	0	0	0	2	100	100	1	0	4.56e-08	1	3.8482
always_on_tmr	3447462327	0	0	0	2	1	5	5	1	0	4.16e-08	1	0.3884
always_on_tmr	3466562596	0	0	0	1	2	1	1	1	0	3.96e-08	1	0.1562
always_on_tmr	3551311790	0	0	0	1	3	1000	1000	1	0	4.56e-08	1	5.6754
always_on_tmr	3555250056	0	0	0	1	0	10	10	1	0	1.346e-07	1	0.523
always_on_tmr	3556582915	0	0	0	4	0	100	100	1	0	4.56e-08	1	3.0294
always_on_tmr	3559187991	0	0	0	4	3	20	20	1	0	4.96e-08	1	1.0054
always_on_tmr	3568295527	0	0	0	3	2	10	10	1	0	5.16e-08	1	1.9302
always_on_tmr	3580078940	0	0	0	0	4	10	10	1	0	6.96e-08	1	1.293
always_on_tmr	3593002941	0	0	0	4	3	10	10	1	0	4.96e-08	1	1.0054
always_on_tmr	3607720784	0	0	0	3	0	10	10	1	0	5.36e-08	1	1.831
always_on_tmr	3639205955	0	0	0	1	0	20	20	1	0	6.16e-08	1	0.781
always_on_tmr	3646824132	0	0	0	3	1	100	100	1	0	4.56e-08	1	3.3902
always_on_tmr	3670359541	0	0	0	2	0	2	2	1	0	3.96e-08	1	0.3762
