base_bandwidth_utilization	0.28122239999999998
expected_bandwidth_utilization	0.28122257232202252

rounded_expected_bandwidth_utilization	0.56244479999999952

bandwidth_utilization_p99	0.28122239999999976

[frame_summary]
frame_id	priority	period_ms	deadline_ms	trans_time_ms	expected_retry_count	expected_tx_count	rounded_expected_retry_count	rounded_expected_tx_count	retry_p99	tx_count_p99	expected_wcrt_ms	p_timeout	wcrt_p95_ms
0	50	100	100	0.039600000000000003	2.3404001441686512e-06	1.0000023404001441	1	2	0	1	2.3404001441686506	0	2.3404000000000016
1	51	100	100	0.039600000000000003	2.3800001466080095e-06	1.0000023800001465	1	2	0	1	2.3800001466080114	0	2.3800000000000017
2	65	1000	1000	0.039600000000000003	2.9344001807594108e-06	1.0000029344001808	1	2	0	1	2.9344001807594093	0	2.9344000000000028
3	28	20	20	0.039600000000000003	1.2712000783059251e-06	1.0000012712000783	1	2	0	1	1.2712000783059245	0	1.2711999999999997
4	29	20	20	0.039600000000000003	1.3108000807452857e-06	1.0000013108000807	1	2	0	1	1.3108000807452849	0	1.3107999999999997
5	30	20	20	0.039600000000000003	1.3504000831846432e-06	1.0000013504000831	1	2	0	1	1.3504000831846448	0	1.3503999999999998
6	6	10	10	0.039600000000000003	3.188000190004811e-07	1.0000003188000191	1	2	0	1	0.31880001900048111	0	0.31879999999999997
7	0	1	1	0.039600000000000003	8.1200004839520388e-08	1.0000000812000049	1	2	0	1	0.081200004839520279	0	0.081199999999999994
8	5	5	5	0.039600000000000003	2.7920001664032114e-07	1.0000002792000167	1	2	0	1	0.27920001664032096	0	0.2792
9	7	10	10	0.039600000000000003	3.5840002136064138e-07	1.0000003584000214	1	2	0	1	0.35840002136064125	0	0.3584
10	52	100	100	0.039600000000000003	2.4196001490473708e-06	1.0000024196001491	1	2	0	1	2.4196001490473713	0	2.4196000000000017
11	1	1	1	0.039600000000000003	1.2080000719968042e-07	1.0000001208000071	1	2	0	1	0.12080000719968043	0	0.12079999999999999
12	31	20	20	0.039600000000000003	1.3900000856240037e-06	1.0000013900000857	1	2	0	1	1.3900000856240051	0	1.3899999999999999
13	2	2	2	0.039600000000000003	1.6040000955984078e-07	1.0000001604000095	1	2	0	1	0.16040000955984057	0	0.16039999999999999
14	8	10	10	0.039600000000000003	3.9800002372080187e-07	1.0000003980000238	1	2	0	1	0.39800002372080145	0	0.39800000000000002
15	9	10	10	0.039600000000000003	4.3760002608096215e-07	1.000000437600026	1	2	0	1	0.4376000260809616	0	0.43760000000000004
16	32	20	20	0.039600000000000003	1.4296000880633658e-06	1.0000014296000881	1	2	0	1	1.4296000880633655	0	1.4296
17	33	20	20	0.039600000000000003	1.4692000905027244e-06	1.0000014692000905	1	2	0	1	1.4692000905027258	0	1.4692000000000001
18	34	20	20	0.039600000000000003	1.5088000929420855e-06	1.0000015088000929	1	2	0	1	1.5088000929420859	0	1.5088000000000001
19	66	1000	1000	0.039600000000000003	2.9740001831987802e-06	1.0000029740001832	1	2	0	1	2.974000183198779	0	2.9740000000000029
20	53	100	100	0.039600000000000003	2.459200151486733e-06	1.0000024592001515	1	2	0	1	2.4592001514867317	0	2.4592000000000018
21	54	100	100	0.039600000000000003	2.4988001539260922e-06	1.0000024988001539	1	2	0	1	2.4988001539260916	0	2.4988000000000019
22	35	20	20	0.039600000000000003	1.5484000953814472e-06	1.0000015484000955	1	2	0	1	1.5484000953814463	0	1.5484000000000002
23	36	20	20	0.039600000000000003	1.5880000978208062e-06	1.0000015880000979	1	2	0	1	1.5880000978208062	0	1.5880000000000003
25	55	100	100	0.039600000000000003	2.5384001563654522e-06	1.0000025384001563	1	2	0	1	2.5384001563654524	0	2.5384000000000029
26	56	100	100	0.039600000000000003	2.5780001588048122e-06	1.0000025780001589	1	2	0	1	2.5780001588048131	0	2.578000000000003
27	37	20	20	0.039600000000000003	1.6276001002601668e-06	1.0000016276001003	1	2	0	1	1.6276001002601665	0	1.6276000000000004
28	48	50	50	0.039600000000000003	2.2612001392899328e-06	1.0000022612001394	1	2	0	1	2.2612001392899299	0	2.2612000000000014
29	10	10	10	0.039600000000000003	4.772000284411218e-07	1.0000004772000284	1	2	0	1	0.4772000284411218	0	0.47720000000000007
30	57	100	100	0.039600000000000003	2.6176001612441727e-06	1.0000026176001613	1	2	0	1	2.6176001612441731	0	2.617600000000003
31	58	100	100	0.039600000000000003	2.6572001636835344e-06	1.0000026572001637	1	2	0	1	2.6572001636835338	0	2.6572000000000031
32	3	2	2	0.039600000000000003	2.000000119200006e-07	1.0000002000000119	1	2	0	1	0.20000001192000072	0	0.20000000000000001
33	38	20	20	0.039600000000000003	1.6672001026995273e-06	1.0000016672001026	1	2	0	1	1.6672001026995269	0	1.6672000000000005
34	11	10	10	0.039600000000000003	5.1680003080128202e-07	1.0000005168000308	1	2	0	1	0.51680003080128201	0	0.51680000000000015
35	12	10	10	0.041599999999999998	5.5840003439744262e-07	1.0000005584000344	1	2	0	1	0.55840003439744224	0	0.55840000000000012
36	67	1000	1000	0.039600000000000003	3.0136004243145509e-06	1.0000030136004243	1	2	0	1	3.0136004243145496	0	3.0136000000000029
37	13	10	10	0.039600000000000003	5.9800003683680212e-07	1.0000005980000368	1	2	0	1	0.59800003683680236	0	0.59800000000000009
38	39	20	20	0.039600000000000003	1.7068001051388882e-06	1.000001706800105	1	2	0	1	1.7068001051388868	0	1.7068000000000005
39	14	10	10	0.039600000000000003	6.3760003927616268e-07	1.0000006376000392	1	2	0	1	0.6376000392761626	0	0.63760000000000017
40	40	20	20	0.039600000000000003	1.7464001075782469e-06	1.0000017464001076	1	2	0	1	1.7464001075782474	0	1.7464000000000006
41	59	100	100	0.039600000000000003	2.6968001661228944e-06	1.0000026968001661	1	2	0	1	2.6968001661228933	0	2.6968000000000032
43	15	10	10	0.039600000000000003	6.7720004171552292e-07	1.0000006772000418	1	2	0	1	0.67720004171552262	0	0.67720000000000002
44	41	20	20	0.039600000000000003	1.7860001100176087e-06	1.00000178600011	1	2	0	1	1.7860001100176075	0	1.7860000000000007
45	42	20	20	0.041599999999999998	1.8256001124569649e-06	1.0000018256001124	1	2	0	1	1.8256001124569678	0	1.8256000000000008
46	60	100	100	0.039600000000000003	2.7364001685622545e-06	1.0000027364001685	1	2	0	1	2.7364001685622541	0	2.7364000000000033
47	43	20	20	0.039600000000000003	1.8652001148963266e-06	1.0000018652001148	1	2	0	1	1.865200114896328	0	1.8652000000000009
48	16	10	10	0.039600000000000003	7.1680004415488412e-07	1.0000007168000442	1	2	0	1	0.71680004415488285	0	0.7168000000000001
49	17	10	10	0.039600000000000003	7.5640004659424288e-07	1.0000007564000466	1	2	0	1	0.75640004659424298	0	0.75639999999999996
50	18	10	10	0.039600000000000003	7.9600004903360259e-07	1.000000796000049	1	2	0	1	0.79600004903360311	0	0.79600000000000004
51	61	100	100	0.039600000000000003	2.7760001710016158e-06	1.0000027760001711	1	2	0	1	2.776000171001614	0	2.7760000000000034
52	19	10	10	0.039600000000000003	8.3560005147296389e-07	1.0000008356000514	1	2	0	1	0.83560005147296323	0	0.8355999999999999
53	44	20	20	0.039600000000000003	1.904800117335689e-06	1.0000019048001174	1	2	0	1	1.9048001173356883	0	1.9048000000000009
54	20	10	10	0.039600000000000003	8.7520005391232414e-07	1.000000875200054	1	2	0	1	0.87520005391232314	0	0.87519999999999976
55	4	2	2	0.039600000000000003	2.3960001428016065e-07	1.0000002396000143	1	2	0	1	0.23960001428016087	0	0.23960000000000001
56	21	10	10	0.039600000000000003	9.1480005635168311e-07	1.0000009148000564	1	2	0	1	0.91480005635168338	0	0.91479999999999984
57	62	100	100	0.039600000000000003	2.8156001734409737e-06	1.0000028156001735	1	2	0	1	2.8156001734409744	0	2.8156000000000034
58	22	10	10	0.039600000000000003	9.5440005879108464e-07	1.0000009544000588	1	2	0	1	0.95440005879108403	0	0.95439999999999969
59	49	50	50	0.039600000000000003	2.3008001417292874e-06	1.0000023008001417	1	2	0	1	2.3008001417292907	0	2.3008000000000015
60	45	20	20	0.039600000000000003	1.9444001197754465e-06	1.0000019444001198	1	2	0	1	1.9444001197754464	0	1.944400000000001
61	23	10	10	0.039600000000000003	9.9400013995516931e-07	1.00000099400014	1	2	0	1	0.99400013995516934	0	0.99399999999999977
62	24	10	10	0.039600000000000003	1.0336001455308463e-06	1.0000010336001455	1	2	0	1	1.0336001455308463	0	1.0335999999999996
63	63	100	100	0.039600000000000003	2.8552001758803329e-06	1.0000028552001758	1	2	0	1	2.8552001758803347	0	2.8552000000000035
65	25	10	10	0.039600000000000003	1.1524000709878433e-06	1.0000011524000709	1	2	0	1	1.1524000709878444	0	1.1523999999999999
66	68	1000	1000	0.039600000000000003	3.0136004243145509e-06	1.0000030136004243	1	2	0	1	3.0136004243145496	0	3.0136000000000029
68	26	10	10	0.039600000000000003	1.1920000734272044e-06	1.0000011920000735	1	2	0	1	1.1920000734272043	0	1.1919999999999997
69	46	20	20	0.039600000000000003	1.9840005150460441e-06	1.000001984000515	1	2	0	1	1.9840005150460434	0	1.9840000000000011
70	47	20	20	0.039600000000000003	2.0236005253261891e-06	1.0000020236005254	1	2	0	1	2.0236005253261879	0	2.0236000000000014
71	27	10	10	0.039600000000000003	1.2316000758665648e-06	1.0000012316000759	1	2	0	1	1.2316000758665642	0	1.2315999999999996
72	64	100	100	0.039600000000000003	2.8948001783196946e-06	1.0000028948001782	1	2	0	1	2.8948001783196942	0	2.8948000000000027

[frame_retry_distribution]
frame_id	retry_count	probability
0	0	0.99999765960273879
0	1	2.340394378365954e-06
0	2	2.8828976176846897e-12
0	3	2.4873064936483934e-18
0	4	1.6879760531572287e-24
0	5	9.5949346904111116e-31
0	6	4.2001898528996708e-37
1	0	0.99999762000283232
1	1	2.3799941889990946e-06
1	2	2.9788005434571517e-12
1	3	2.6093455934085088e-18
1	4	1.7965825779839338e-24
1	5	1.0354082329502235e-30
1	6	4.6059911460004428e-37
2	0	0.99999706560430546
2	1	2.934391208550774e-06
2	2	4.4860966479899827e-12
2	3	5.1136130658205064e-18
2	4	4.3475520248669486e-24
2	5	3.0566285152318231e-30
2	6	1.6945706877317864e-36
3	0	0.99999872880080798
3	1	1.2711983057457694e-06
3	2	8.8627940417113841e-13
3	3	4.4914311991380672e-19
3	4	1.8512877910675282e-25
3	5	6.5884092480334448e-32
4	0	0.9999986892008591
4	1	1.3107982010593151e-06
4	2	9.3984225226524587e-13
4	3	4.8866973865965907e-19
4	4	2.062327817981569e-25
4	5	7.5011412286565266e-32
5	0	0.99999864960091178
5	1	1.3503980932365443e-06
5	2	9.9497325380633339e-13
5	3	5.3044509226273447e-19
5	4	2.2908785503434033e-25
5	5	8.5121191936591817e-32
6	0	0.99999968120005089
6	1	3.1879987936610279e-07
6	2	6.9817169420073188e-14
6	3	1.3156112834849957e-20
6	4	2.2979477640940791e-27
6	5	3.8451589915230027e-34
7	0	0.99999991880000338
7	1	8.1199988567040908e-08
7	2	8.1362383694976496e-15
7	3	9.1485309547149399e-22
7	4	1.1044980683036896e-28
7	5	1.3990974672351706e-35
8	0	0.99999972080003896
8	1	2.7919990540705617e-07
8	2	5.5616617842335139e-14
8	3	9.7610136627880633e-21
8	4	1.6131945660044092e-27
8	5	2.582493569208251e-34
9	0	0.99999964160006427
9	1	3.583998501888314e-07
9	2	8.5585879124174351e-14
9	3	1.7238065449042127e-20
9	4	3.1742632674636543e-27
9	5	5.5444797743965633e-34
10	0	0.9999975804029273
10	1	2.4195939964959297e-06
10	2	3.0762716176465929e-12
10	3	2.7353100913917889e-18
10	4	1.9103441444574521e-24
10	5	1.1160505989621804e-30
10	6	5.0436810338460012e-37
11	0	0.99999987920000732
11	1	1.2079997820768194e-07
11	2	1.4495996520960393e-14
11	3	1.8071706799049136e-21
11	4	2.3327302467124744e-28
11	5	3.0967934264666627e-35
12	0	0.99999861000096602
12	1	1.3899979822774629e-06
12	2	1.0516724086081084e-12
12	3	5.7453127949409442e-19
12	4	2.5378810348398036e-25
12	5	9.6290543627651632e-32
13	0	0.99999983960001293
13	1	1.6039996471200407e-07
13	2	2.2423913730272827e-14
13	3	3.0758464660060318e-21
13	4	4.2389510153513236e-28
13	5	5.9020297401530198e-35
14	0	0.99999960200007931
14	1	3.9799981787524212e-07
14	2	1.0292274676834171e-13
14	3	2.2068970523947491e-20
14	4	4.2742711258743244e-27
14	5	7.7828476223036369e-34
15	0	0.9999995624000958
15	1	4.3759978242533469e-07
15	2	1.2182777216627774e-13
15	3	2.7710927068312754e-20
15	4	5.632560508121164e-27
15	5	1.0677330278310609e-33
16	0	0.99999857040102191
16	1	1.4295978681820699e-06
16	2	1.109939716484274e-12
16	3	6.2099039911495622e-19
16	4	2.8043009092250662e-25
16	5	1.086005062712535e-31
17	0	0.99999853080107937
17	1	1.4691977509503603e-06
17	2	1.1697751772485236e-12
17	3	6.698845498767055e-19
17	4	3.0911284023162202e-25
17	5	1.2213614287364239e-31
18	0	0.99999849120113826
18	1	1.5087976305823404e-06
18	2	1.2311787907145736e-12
18	3	7.212758305208828e-19
18	4	3.3993783339881249e-25
18	5	1.3698663791624912e-31
19	0	0.99999702600442242
19	1	2.973990972139307e-06
19	2	4.6055217709974295e-12
19	3	5.3105119318412097e-18
19	4	4.5672580606366953e-24
19	5	3.2471525220195007e-30
19	6	1.822653668582239e-36
20	0	0.99999754080302394
20	1	2.4591938008564571e-06
20	2	3.1753108400667101e-12
20	3	2.8652620861037127e-18
20	4	2.0294212529580266e-24
20	5	1.201637880971513e-30
20	6	5.5152210344103765e-37
21	0	0.99999750120312203
21	1	2.4987936020806735e-06
21	2	3.2759182105312009e-12
21	3	2.9992636760398689e-18
21	4	2.1539768629594609e-24
21	5	1.292393948849304e-30
21	6	6.022661465058985e-37
22	0	0.99999845160119882
22	1	1.5483975070780082e-06
22	2	1.2941505566961228e-12
22	3	7.7522633977921203e-19
22	4	3.730090115168663e-25
22	5	1.5324539473610986e-31
23	0	0.99999841200126083
23	1	1.5879973804373607e-06
23	2	1.3586904750068729e-12
23	3	8.3179817637355296e-19
23	4	4.0843277478337202e-25
23	5	1.7101013290626621e-31
25	0	0.99999746160322178
25	1	2.5383934001685823e-06
25	2	3.3780937288537823e-12
25	3	3.1373769596861116e-18
25	4	2.2841763930287761e-24
25	5	1.3885493258230723e-30
25	6	6.5681440794181133e-37
26	0	0.9999974220033232
26	1	2.5779931951201835e-06
26	2	3.4818373948481432e-12
26	3	3.2796640355183689e-18
26	4	2.420187720825538e-24
26	5	1.4903412858564143e-30
26	6	7.153904742805761e-37
27	0	0.99999837240132461
27	1	1.6275972506604027e-06
27	2	1.4247985454605266e-12
27	3	8.9105343901595216e-19
27	4	4.4631798250025129e-25
27	5	1.9038298561613879e-31
28	0	0.9999977388025566
28	1	2.2611947476907441e-06
28	2	2.6957962121358569e-12
28	3	2.2547560947265246e-18
28	4	1.4855984223942549e-24
28	5	8.2100970754186799e-31
28	6	3.1143826549712582e-37
29	0	0.99999952280011395
29	1	4.7719974383910883e-07
29	2	1.4230095513168524e-13
29	3	3.4226034081047674e-20
29	4	7.2861797015460825e-27
29	5	1.436064533451611e-33
30	0	0.99999738240342595
30	1	2.6175929869354775e-06
30	2	3.5871492083279943e-12
30	3	3.4261870020027839e-18
30	4	2.5621811831015335e-24
30	5	1.5980139510289001e-30
30	6	7.7822761462259158e-37
31	0	0.99999734280353048
31	1	2.6571927756144651e-06
31	2	3.6940291691070402e-12
31	3	3.5770079575956158e-18
31	4	2.7103295757001573e-24
31	5	1.7118183889157548e-30
31	6	8.4556905589246783e-37
32	0	0.99999980000001998
32	1	1.9999994808000664e-07
32	2	3.191998981113763e-14
32	3	4.782979521540349e-21
32	4	7.0215048471049405e-28
32	5	1.025099317051922e-34
33	0	0.99999833280138983
33	1	1.6671971177471323e-06
33	2	1.4924747678707877e-12
33	3	9.5305422640860691e-19
33	4	4.8677595307325535e-25
33	5	2.1147059705188158e-31
34	0	0.99999948320013354
34	1	5.1679970211656597e-07
34	2	1.6434229547826706e-13
34	3	4.1676390551226183e-20
34	4	9.2746361115511379e-27
34	5	1.8982134042260171e-33
35	0	0.99999944160015597
35	1	5.5839965379210777e-07
35	2	1.9030259028971058e-13
35	3	5.1404985198467599e-20
35	4	1.2128238299230448e-26
35	5	2.6220297424754316e-33
36	0	0.99999698640454093
36	1	3.0135904939151577e-06
36	2	4.965191391918824e-12
36	3	5.5365459147420439e-18
36	4	4.7979545450882654e-24
36	5	3.4473995801199735e-30
36	6	1.9586587847865264e-36
37	0	0.99999940200017878
37	1	5.9799960555933003e-07
37	2	2.1563864448135365e-13
37	3	6.1073277578486312e-20
37	4	1.5001484909642136e-26
37	5	3.3576265357655392e-33
38	0	0.9999982932014565
38	1	1.7067969816975505e-06
38	2	1.5617191420513608e-12
38	3	1.0178626372438808e-18
38	4	5.2992046401148901e-25
38	5	2.3438421977671025e-31
39	0	0.99999936240020326
39	1	6.375995541902362e-07
39	2	2.425428554733258e-13
39	3	7.1872525254677672e-20
39	4	1.8352425839381741e-26
39	5	4.2481178911951197e-33
40	0	0.99999825360152494
40	1	1.7463968425116546e-06
40	2	1.6325316678159433e-12
40	3	1.08554077020431e-18
40	4	5.7586775192692082e-25
40	5	2.592398121112134e-31
41	0	0.99999730320363645
41	1	2.6967925611571439e-06
41	2	3.8024772769989702e-12
41	3	3.7321890007433612e-18
41	4	2.8648081535560385e-24
41	5	1.8320127099675566e-30
41	6	9.176682619508203e-37
43	0	0.9999993228002293
43	1	6.7719949968482522e-07
43	2	2.7101522307932904e-13
43	3	8.3864827175154521e-20
43	4	2.223090175221977e-26
43	5	5.3165872354676116e-33
44	0	0.99999821400159494
44	1	1.7859967001894504e-06
44	2	1.7049123449782497e-12
44	3	1.1561507239625781e-18
44	4	6.2473651253389072e-25
44	5	2.8615804548906329e-31
44	6	1.3691427941510933e-37
45	0	0.9999981744016665
45	1	1.825596554730929e-06
45	2	1.7788611733519705e-12
45	3	1.2297545971815418e-18
45	4	6.7664776667235899e-25
45	5	4.4924100976674219e-31
45	6	1.5272587017357034e-37
46	0	0.99999726360374397
46	1	2.7363923435635154e-06
46	2	3.9124935318175087e-12
46	3	3.8917922298826155e-18
46	4	3.0257946306944443e-24
46	5	1.9588620309777954e-30
46	6	1.1287013536861131e-36
47	0	0.99999813480173949
47	1	1.8651964061361019e-06
47	2	1.8543781527508208e-12
47	3	1.3064142298441756e-18
47	4	9.9039538688220471e-25
47	5	5.3311453616558075e-31
47	6	1.7192942187670118e-37
48	0	0.99999928320025699
48	1	7.1679944204309847e-07
48	2	3.0105574711306716e-13
48	3	9.7112282278193652e-20
48	4	2.6689212427449186e-26
48	5	6.5882918571192945e-33
49	0	0.99999924360028614
49	1	7.5639938126505307e-07
49	2	3.3266442738824183e-13
49	3	1.1167698949223474e-19
49	4	3.1782116759397834e-26
49	5	8.0907602873879339e-33
50	0	0.99999920400031683
50	1	7.9599931735069233e-07
50	2	3.6584126371855645e-13
50	3	1.2762104773588205e-19
50	4	3.7566829781649476e-26
50	5	1.2829182599773489e-32
51	0	0.99999722400385316
51	1	2.7759921228335814e-06
51	2	4.024077933376356e-12
51	3	4.0558797434401744e-18
51	4	3.1934691802308951e-24
51	5	2.0926390985139591e-30
51	6	1.2207160301915572e-36
52	0	0.99999916440034919
52	1	8.3559925030001698e-07
52	2	4.005862559177151e-13
52	3	1.45006555917902e-19
52	4	4.4103034050060547e-26
52	5	1.5403003494100268e-32
53	0	0.99999809520181415
53	1	1.9047962544049645e-06
53	2	1.9314632829884994e-12
53	3	1.3861922221377195e-18
53	4	1.0645613608101413e-24
53	5	5.8108919189322647e-31
53	6	1.9200371562450019e-37
54	0	0.999999124800383
54	1	8.7519918011302479e-07
54	2	4.3689940379941781e-13
54	3	1.6389559995669331e-19
54	4	6.4433393996048352e-26
54	5	1.9682843779474558e-32
55	0	0.99999976040002869
55	1	2.3959992831169055e-07
55	2	4.2984224577257443e-14
55	3	6.9906689044368517e-21
55	4	1.0903327429541568e-27
55	5	1.6677940308973636e-34
56	0	0.99999908520041847
56	1	9.1479910678971576e-07
56	2	4.7478070717736946e-13
56	3	1.843503030824013e-19
56	4	7.4281455917921293e-26
56	5	2.3248092705401803e-32
57	0	0.9999971844039639
57	1	2.8155918989673369e-06
57	2	4.1372304814892097e-12
57	3	4.2245136398329407e-18
57	4	3.3680141676238248e-24
57	5	2.500370325229114e-30
57	6	1.3318705087086731e-36
58	0	0.99999904560045549
58	1	9.5439903033009276e-07
58	2	5.1423012513824679e-13
58	3	2.4715977608701189e-19
58	4	8.9325284629202928e-26
58	5	2.7780222334768291e-32
59	0	0.99999769920264692
59	1	2.3007945645964991e-06
59	2	2.7885628405154845e-12
59	3	2.3691306935960982e-18
59	4	1.5843665286911719e-24
59	5	8.8809547318189566e-31
59	6	3.4393496792356552e-37
60	0	0.99999805560189037
60	1	1.9443960995375135e-06
60	2	2.0101161658756648e-12
60	3	1.8671534055182091e-18
60	4	1.2066971371680602e-24
60	5	6.4215833935746923e-31
60	6	2.1395871329851927e-37
61	0	0.99999900600049407
61	1	9.9399887200943983e-07
61	2	6.3397244151491827e-13
61	3	2.8214760532475673e-19
61	4	1.0263938671858146e-25
61	5	3.2533230076878346e-32
62	0	0.99999896640053432
62	1	1.0335987861408724e-06
62	2	6.7969451989705524e-13
62	3	3.1136203173103262e-19
62	4	1.1631353795008609e-25
62	5	3.7774315385727635e-32
63	0	0.9999971448040762
63	1	2.8551916719647876e-06
63	2	4.2519511759697709e-12
63	3	4.3977556691658254e-18
63	4	3.8979174308208963e-24
63	5	2.6984805084947873e-30
63	6	1.4606958165419796e-36
65	0	0.99999884760066415
65	1	1.1523986009872482e-06
65	2	7.3499978243367958e-13
65	3	3.4343468496149771e-19
65	4	1.3141903422608628e-25
65	5	4.3682625875625413e-32
66	0	0.99999698640454093
66	1	3.0135904939151577e-06
66	2	4.965191391918824e-12
66	3	5.5365459147420439e-18
66	4	4.7979545450882654e-24
66	5	3.4473995801199735e-30
66	6	1.9586587847865264e-36
68	0	0.9999988080007105
68	1	1.1919985057097365e-06
68	2	7.8385816906905878e-13
68	3	3.7658769186037432e-19
68	4	1.478098622203059e-25
68	5	5.0287432898694759e-32
69	0	0.99999801600196814
69	1	1.9839955487025955e-06
69	2	2.4831686757929748e-12
69	3	2.0323264351107796e-18
69	4	1.3012523702025512e-24
69	5	6.9888002429260671e-31
69	6	2.3793006349983426e-37
70	0	0.99999797640204746
70	1	2.0235953797217566e-06
70	2	2.5727990072938177e-12
70	3	2.1392849274212236e-18
70	4	1.3907945503837782e-24
70	5	7.5792980260910046e-31
70	6	2.8150246487620179e-37
71	0	0.99999876840075841
71	1	1.2315984072959099e-06
71	2	8.3428470971031071e-13
71	3	4.1180313724429025e-19
71	4	1.6568420139870249e-25
71	5	5.7665949654442362e-32
72	0	0.99999710520419016
72	1	2.8947914418259342e-06
72	2	4.3682400166317518e-12
72	3	4.5756686123498569e-18
72	4	4.1008525164148079e-24
72	5	2.8711316610038079e-30
72	6	1.5740377033107431e-36

[frame_retry_cdf]
frame_id	retry_count	cumulative_probability
0	0	0.99999765960273879
0	1	0.99999999999711719
0	2	1
0	3	1
0	4	1
0	5	1
0	6	1
1	0	0.99999762000283232
1	1	0.99999999999702127
1	2	1
1	3	1
1	4	1
1	5	1
1	6	1
2	0	0.99999706560430546
2	1	0.99999999999551403
2	2	1
2	3	1
2	4	1
2	5	1
2	6	1
3	0	0.99999872880080798
3	1	0.99999999999911371
3	2	1
3	3	1
3	4	1
3	5	1
4	0	0.9999986892008591
4	1	0.9999999999990602
4	2	1
4	3	1
4	4	1
4	5	1
5	0	0.99999864960091178
5	1	0.99999999999900502
5	2	1
5	3	1
5	4	1
5	5	1
6	0	0.99999968120005089
6	1	0.99999999999993028
6	2	1
6	3	1
6	4	1
6	5	1
7	0	0.99999991880000338
7	1	0.99999999999999201
7	2	1
7	3	1
7	4	1
7	5	1
8	0	0.99999972080003896
8	1	0.99999999999994438
8	2	1
8	3	1
8	4	1
8	5	1
9	0	0.99999964160006427
9	1	0.99999999999991451
9	2	1
9	3	1
9	4	1
9	5	1
10	0	0.9999975804029273
10	1	0.99999999999692379
10	2	1
10	3	1
10	4	1
10	5	1
10	6	1
11	0	0.99999987920000732
11	1	0.99999999999998557
11	2	1
11	3	1
11	4	1
11	5	1
12	0	0.99999861000096602
12	1	0.99999999999894829
12	2	1
12	3	1
12	4	1
12	5	1
13	0	0.99999983960001293
13	1	0.99999999999997768
13	2	1
13	3	1
13	4	1
13	5	1
14	0	0.99999960200007931
14	1	0.99999999999989719
14	2	1
14	3	1
14	4	1
14	5	1
15	0	0.9999995624000958
15	1	0.99999999999987821
15	2	1
15	3	1
15	4	1
15	5	1
16	0	0.99999857040102191
16	1	0.99999999999889011
16	2	1
16	3	1
16	4	1
16	5	1
17	0	0.99999853080107937
17	1	0.99999999999883027
17	2	1
17	3	1
17	4	1
17	5	1
18	0	0.99999849120113826
18	1	0.99999999999876887
18	2	1
18	3	1
18	4	1
18	5	1
19	0	0.99999702600442242
19	1	0.99999999999539457
19	2	1
19	3	1
19	4	1
19	5	1
19	6	1
20	0	0.99999754080302394
20	1	0.99999999999682476
20	2	1
20	3	1
20	4	1
20	5	1
20	6	1
21	0	0.99999750120312203
21	1	0.99999999999672406
21	2	1
21	3	1
21	4	1
21	5	1
21	6	1
22	0	0.99999845160119882
22	1	0.99999999999870592
22	2	1
22	3	1
22	4	1
22	5	1
23	0	0.99999841200126083
23	1	0.99999999999864131
23	2	1
23	3	1
23	4	1
23	5	1
25	0	0.99999746160322178
25	1	0.99999999999662192
25	2	1
25	3	1
25	4	1
25	5	1
25	6	1
26	0	0.9999974220033232
26	1	0.99999999999651834
26	2	1
26	3	1
26	4	1
26	5	1
26	6	1
27	0	0.99999837240132461
27	1	0.99999999999857525
27	2	1
27	3	1
27	4	1
27	5	1
28	0	0.9999977388025566
28	1	0.99999999999730427
28	2	1
28	3	1
28	4	1
28	5	1
28	6	1
29	0	0.99999952280011395
29	1	0.99999999999985778
29	2	1
29	3	1
29	4	1
29	5	1
30	0	0.99999738240342595
30	1	0.99999999999641287
30	2	1
30	3	1
30	4	1
30	5	1
30	6	1
31	0	0.99999734280353048
31	1	0.99999999999630607
31	2	1
31	3	1
31	4	1
31	5	1
31	6	1
32	0	0.99999980000001998
32	1	0.99999999999996803
32	2	1
32	3	1
32	4	1
32	5	1
33	0	0.99999833280138983
33	1	0.99999999999850753
33	2	1
33	3	1
33	4	1
33	5	1
34	0	0.99999948320013354
34	1	0.99999999999983569
34	2	1
34	3	1
34	4	1
34	5	1
35	0	0.99999944160015597
35	1	0.99999999999980971
35	2	1
35	3	1
35	4	1
35	5	1
36	0	0.99999698640454093
36	1	0.99999999999503486
36	2	1
36	3	1
36	4	1
36	5	1
36	6	1
37	0	0.99999940200017878
37	1	0.99999999999978439
37	2	1
37	3	1
37	4	1
37	5	1
38	0	0.9999982932014565
38	1	0.99999999999843825
38	2	1
38	3	1
38	4	1
38	5	1
39	0	0.99999936240020326
39	1	0.99999999999975742
39	2	1
39	3	1
39	4	1
39	5	1
40	0	0.99999825360152494
40	1	0.99999999999836742
40	2	1
40	3	1
40	4	1
40	5	1
41	0	0.99999730320363645
41	1	0.9999999999961976
41	2	1
41	3	1
41	4	1
41	5	1
41	6	1
43	0	0.9999993228002293
43	1	0.99999999999972899
43	2	1
43	3	1
43	4	1
43	5	1
44	0	0.99999821400159494
44	1	0.99999999999829514
44	2	1
44	3	1
44	4	1
44	5	1
44	6	1
45	0	0.9999981744016665
45	1	0.9999999999982212
45	2	1
45	3	1
45	4	1
45	5	1
45	6	1
46	0	0.99999726360374397
46	1	0.99999999999608757
46	2	1
46	3	1
46	4	1
46	5	1
46	6	1
47	0	0.99999813480173949
47	1	0.99999999999814559
47	2	1
47	3	1
47	4	1
47	5	1
47	6	1
48	0	0.99999928320025699
48	1	0.99999999999969902
48	2	1
48	3	1
48	4	1
48	5	1
49	0	0.99999924360028614
49	1	0.99999999999966738
49	2	1
49	3	1
49	4	1
49	5	1
50	0	0.99999920400031683
50	1	0.99999999999963418
50	2	1
50	3	1
50	4	1
50	5	1
51	0	0.99999722400385316
51	1	0.999999999995976
51	2	1
51	3	1
51	4	1
51	5	1
51	6	1
52	0	0.99999916440034919
52	1	0.99999999999959954
52	2	1
52	3	1
52	4	1
52	5	1
53	0	0.99999809520181415
53	1	0.99999999999806855
53	2	1
53	3	1
53	4	1
53	5	1
53	6	1
54	0	0.999999124800383
54	1	0.99999999999956313
54	2	1
54	3	1
54	4	1
54	5	1
55	0	0.99999976040002869
55	1	0.99999999999995703
55	2	1
55	3	1
55	4	1
55	5	1
56	0	0.99999908520041847
56	1	0.99999999999952527
56	2	1
56	3	1
56	4	1
56	5	1
57	0	0.9999971844039639
57	1	0.99999999999586286
57	2	1
57	3	1
57	4	1
57	5	1
57	6	1
58	0	0.99999904560045549
58	1	0.99999999999948586
58	2	1
58	3	1
58	4	1
58	5	1
59	0	0.99999769920264692
59	1	0.99999999999721156
59	2	1
59	3	1
59	4	1
59	5	1
59	6	1
60	0	0.99999805560189037
60	1	0.99999999999798994
60	2	1
60	3	1
60	4	1
60	5	1
60	6	1
61	0	0.99999900600049407
61	1	0.99999999999936606
61	2	1
61	3	1
61	4	1
61	5	1
62	0	0.99999896640053432
62	1	0.99999999999932043
62	2	1
62	3	1
62	4	1
62	5	1
63	0	0.9999971448040762
63	1	0.99999999999574818
63	2	1
63	3	1
63	4	1
63	5	1
63	6	1
65	0	0.99999884760066415
65	1	0.99999999999926514
65	2	1
65	3	1
65	4	1
65	5	1
66	0	0.99999698640454093
66	1	0.99999999999503486
66	2	1
66	3	1
66	4	1
66	5	1
66	6	1
68	0	0.9999988080007105
68	1	0.99999999999921618
68	2	1
68	3	1
68	4	1
68	5	1
69	0	0.99999801600196814
69	1	0.99999999999751688
69	2	1
69	3	1
69	4	1
69	5	1
69	6	1
70	0	0.99999797640204746
70	1	0.99999999999742717
70	2	1
70	3	1
70	4	1
70	5	1
70	6	1
71	0	0.99999876840075841
71	1	0.99999999999916567
71	2	1
71	3	1
71	4	1
71	5	1
72	0	0.99999710520419016
72	1	0.99999999999563194
72	2	1
72	3	1
72	4	1
72	5	1
72	6	1

[frame_wcrt_distribution]
frame_id	response_time_ms	probability
0	2.3404000000000016	0.99999765960273879
0	2.3712000000000013	8.1151147711214807e-40
0	2.4020000000000015	2.340394378365954e-06
0	2.4636000000000018	2.8828976176846897e-12
0	2.5252000000000017	2.4873064936483934e-18
0	2.5868000000000015	1.6879760531572287e-24
0	2.6484000000000014	9.594934682295996e-31
0	2.7100000000000017	4.2001898528996708e-37
1	2.3800000000000017	0.99999762000283232
1	2.4108000000000018	8.1151147711214807e-40
1	2.4416000000000015	2.3799941889990946e-06
1	2.5032000000000019	2.9788005434571517e-12
1	2.5648000000000017	2.6093455934085088e-18
1	2.6264000000000016	1.7965825779839338e-24
1	2.6880000000000015	1.0354082321387121e-30
1	2.7496000000000018	4.6059911460004428e-37
2	2.9344000000000028	0.99999706560430546
2	2.9652000000000025	8.1151147711214807e-40
2	2.9960000000000027	2.934391208550774e-06
2	3.1368000000000027	4.4860966479899827e-12
2	3.1984000000000026	5.1136130658205064e-18
2	3.2424000000000026	8.9208565670732731e-32
2	3.2600000000000025	4.3475520248669486e-24
2	3.3040000000000029	4.4677209693112528e-37
2	3.3216000000000023	2.9674199487495791e-30
2	3.3832000000000026	1.247798590800661e-36
3	1.2711999999999997	0.99999872880080798
3	1.3327999999999998	1.2711983057457694e-06
3	1.3943999999999996	8.8627940417113841e-13
3	1.4559999999999997	4.4914311991380672e-19
3	1.5	8.1151147711214807e-40
3	1.5175999999999996	1.8512877910675282e-25
3	1.5791999999999997	6.5884091668822976e-32
4	1.3107999999999997	0.9999986892008591
4	1.3723999999999998	1.3107982010593151e-06
4	1.4339999999999997	9.3984225226524587e-13
4	1.4955999999999998	4.8866973865965907e-19
4	1.5396000000000001	8.1151147711214807e-40
4	1.5571999999999997	2.062327817981569e-25
4	1.6187999999999998	7.5011411475053794e-32
5	1.3503999999999998	0.99999864960091178
5	1.4119999999999999	1.3503980932365443e-06
5	1.4735999999999998	9.9497325380633339e-13
5	1.5351999999999999	5.3044509226273447e-19
5	1.5792000000000002	8.1151147711214807e-40
5	1.5967999999999998	2.2908785503434033e-25
5	1.6583999999999999	8.5121191125080335e-32
6	0.31879999999999997	0.99999968120005089
6	0.37839999999999996	3.1879987936610279e-07
6	0.43799999999999994	6.9817169420073188e-14
6	0.49759999999999999	1.3156112834849957e-20
6	0.55719999999999992	2.2979477640940791e-27
6	0.61680000000000001	3.8451589915230027e-34
7	0.081199999999999994	0.99999991880000338
7	0.14079999999999998	8.1199988567040908e-08
7	0.20039999999999999	8.1362383694976496e-15
7	0.26000000000000001	9.1485309547149399e-22
7	0.3196	1.1044980683036896e-28
7	0.37919999999999998	1.3990974672351706e-35
8	0.2792	0.99999972080003896
8	0.33879999999999999	2.7919990540705617e-07
8	0.39839999999999998	5.5616617842335139e-14
8	0.45800000000000002	9.7610136627880633e-21
8	0.51760000000000006	1.6131945660044092e-27
8	0.57719999999999994	2.582493569208251e-34
9	0.3584	0.99999964160006427
9	0.41799999999999998	3.583998501888314e-07
9	0.47760000000000002	8.5585879124174351e-14
9	0.53720000000000001	1.7238065449042127e-20
9	0.5968	3.1742632674636543e-27
9	0.65639999999999998	5.5444797743965633e-34
10	2.4196000000000017	0.9999975804029273
10	2.4504000000000015	8.1151147711214807e-40
10	2.4812000000000016	2.4195939964959297e-06
10	2.5428000000000019	3.0762716176465929e-12
10	2.6044000000000018	2.7353100913917889e-18
10	2.6660000000000017	1.9103441444574521e-24
10	2.7276000000000016	1.1160505981506688e-30
10	2.7892000000000019	5.0436810338460012e-37
11	0.12079999999999999	0.99999987920000732
11	0.1804	1.2079997820768194e-07
11	0.23999999999999999	1.4495996520960393e-14
11	0.29959999999999998	1.8071706799049136e-21
11	0.35919999999999996	2.3327302467124744e-28
11	0.41879999999999995	3.0967934264666627e-35
12	1.3899999999999999	0.99999861000096602
12	1.4516	1.3899979822774629e-06
12	1.5131999999999999	1.0516724086081084e-12
12	1.5748	5.7453127949409442e-19
12	1.6188000000000002	8.1151147711214807e-40
12	1.6363999999999999	2.5378810348398036e-25
12	1.698	9.629054281614016e-32
13	0.16039999999999999	0.99999983960001293
13	0.21999999999999997	1.6039996471200407e-07
13	0.27959999999999996	2.2423913730272827e-14
13	0.3392	3.0758464660060318e-21
13	0.39879999999999999	4.2389510153513236e-28
13	0.45839999999999997	5.9020297401530198e-35
14	0.39800000000000002	0.99999960200007931
14	0.45760000000000001	3.9799981787524212e-07
14	0.51719999999999999	1.0292274676834171e-13
14	0.57679999999999998	2.2068970523947491e-20
14	0.63640000000000008	4.2742711258743244e-27
14	0.69599999999999995	7.7828476223036369e-34
15	0.43760000000000004	0.9999995624000958
15	0.49720000000000003	4.3759978242533469e-07
15	0.55680000000000007	1.2182777216627774e-13
15	0.61640000000000006	2.7710927068312754e-20
15	0.67600000000000005	5.632560508121164e-27
15	0.73560000000000003	1.0677330278310609e-33
16	1.4296	0.99999857040102191
16	1.4912000000000001	1.4295978681820699e-06
16	1.5528	1.109939716484274e-12
16	1.6144000000000001	6.2099039911495622e-19
16	1.6584000000000003	8.1151147711214807e-40
16	1.6759999999999999	2.8043009092250662e-25
16	1.7376	1.0860050545974201e-31
17	1.4692000000000001	0.99999853080107937
17	1.5308000000000002	1.4691977509503603e-06
17	1.5924	1.1697751772485236e-12
17	1.6540000000000001	6.698845498767055e-19
17	1.6980000000000004	8.1151147711214807e-40
17	1.7156	3.0911284023162202e-25
17	1.7772000000000001	1.2213614206213092e-31
18	1.5088000000000001	0.99999849120113826
18	1.5704000000000002	1.5087976305823404e-06
18	1.6320000000000001	1.2311787907145736e-12
18	1.6936000000000002	7.212758305208828e-19
18	1.7376000000000005	8.1151147711214807e-40
18	1.7552000000000001	3.3993783339881249e-25
18	1.8168000000000002	1.3698663710473765e-31
19	2.9740000000000029	0.99999702600442242
19	3.0048000000000026	8.1151147711214807e-40
19	3.0356000000000027	2.973990972139307e-06
19	3.1764000000000028	4.6055217709974295e-12
19	3.2380000000000027	5.3105119318412097e-18
19	3.2820000000000027	9.4488674858520921e-32
19	3.2996000000000025	4.5672580606366953e-24
19	3.343600000000003	4.8889072147061446e-37
19	3.3612000000000024	3.1526638463494669e-30
19	3.4228000000000027	1.3337629471116247e-36
20	2.4592000000000018	0.99999754080302394
20	2.490000000000002	8.1151147711214807e-40
20	2.5208000000000017	2.4591938008564571e-06
20	2.582400000000002	3.1753108400667101e-12
20	2.6440000000000019	2.8652620861037127e-18
20	2.7056000000000018	2.0294212529580266e-24
20	2.7672000000000017	1.2016378801600014e-30
20	2.828800000000002	5.5152210344103765e-37
21	2.4988000000000019	0.99999750120312203
21	2.5296000000000016	8.1151147711214807e-40
21	2.5604000000000018	2.4987936020806735e-06
21	2.6220000000000021	3.2759182105312009e-12
21	2.683600000000002	2.9992636760398689e-18
21	2.7452000000000019	2.1539768629594609e-24
21	2.8068000000000017	1.2923939480377925e-30
21	2.8684000000000021	6.022661465058985e-37
22	1.5484000000000002	0.99999845160119882
22	1.6100000000000003	1.5483975070780082e-06
22	1.6716000000000002	1.2941505566961228e-12
22	1.7332000000000003	7.7522633977921203e-19
22	1.7772000000000006	8.1151147711214807e-40
22	1.7948000000000002	3.730090115168663e-25
22	1.8564000000000003	1.5324539392459836e-31
23	1.5880000000000003	0.99999841200126083
23	1.6496000000000004	1.5879973804373607e-06
23	1.7112000000000003	1.3586904750068729e-12
23	1.7728000000000004	8.3179817637355296e-19
23	1.8168000000000006	8.1151147711214807e-40
23	1.8344000000000003	4.0843277478337202e-25
23	1.8960000000000004	1.7101013209475472e-31
25	2.5384000000000029	0.99999746160322178
25	2.5692000000000021	8.1151147711214807e-40
25	2.6000000000000028	2.5383934001685823e-06
25	2.6616000000000031	3.3780937288537823e-12
25	2.723200000000003	3.1373769596861116e-18
25	2.7848000000000028	2.2841763930287761e-24
25	2.8464000000000027	1.3885493250115609e-30
25	2.908000000000003	6.5681440794181133e-37
26	2.578000000000003	0.9999974220033232
26	2.6088000000000022	8.1151147711214807e-40
26	2.6396000000000028	2.5779931951201835e-06
26	2.7012000000000032	3.4818373948481432e-12
26	2.762800000000003	3.2796640355183689e-18
26	2.8244000000000029	2.420187720825538e-24
26	2.8860000000000028	1.4903412850449029e-30
26	2.9476000000000031	7.153904742805761e-37
27	1.6276000000000004	0.99999837240132461
27	1.6892000000000005	1.6275972506604027e-06
27	1.7508000000000004	1.4247985454605266e-12
27	1.8124000000000005	8.9105343901595216e-19
27	1.8564000000000007	8.1151147711214807e-40
27	1.8740000000000003	4.4631798250025129e-25
27	1.9356000000000004	1.9038298480462729e-31
28	2.2612000000000014	0.9999977388025566
28	2.2920000000000016	8.1151147711214807e-40
28	2.3228000000000013	2.2611947476907441e-06
28	2.3844000000000016	2.6957962121358569e-12
28	2.4328000000000016	7.5055118736719597e-38
28	2.4460000000000015	2.2547560947265246e-18
28	2.5076000000000014	1.4855984223942549e-24
28	2.5692000000000013	8.2100970673035661e-31
28	2.6308000000000016	2.3638314676040619e-37
29	0.47720000000000007	0.99999952280011395
29	0.53680000000000005	4.7719974383910883e-07
29	0.59640000000000004	1.4230095513168524e-13
29	0.65600000000000014	3.4226034081047674e-20
29	0.71560000000000001	7.2861797015460825e-27
29	0.77520000000000011	1.436064533451611e-33
30	2.617600000000003	0.99999738240342595
30	2.6484000000000023	8.1151147711214807e-40
30	2.6792000000000029	2.6175929869354775e-06
30	2.7408000000000032	3.5871492083279943e-12
30	2.8024000000000031	3.4261870020027839e-18
30	2.864000000000003	2.5621811831015335e-24
30	2.9256000000000029	1.5980139502173886e-30
30	2.9872000000000032	7.7822761462259158e-37
31	2.6572000000000031	0.99999734280353048
31	2.6880000000000024	8.1151147711214807e-40
31	2.718800000000003	2.6571927756144651e-06
31	2.7804000000000033	3.6940291691070402e-12
31	2.8420000000000032	3.5770079575956158e-18
31	2.9036000000000031	2.7103295757001573e-24
31	2.9652000000000029	1.7118183881042432e-30
31	3.0268000000000033	8.4556905589246783e-37
32	0.20000000000000001	0.99999980000001998
32	0.2596	1.9999994808000664e-07
32	0.31920000000000004	3.191998981113763e-14
32	0.37880000000000003	4.782979521540349e-21
32	0.43840000000000001	7.0215048471049405e-28
32	0.498	1.025099317051922e-34
33	1.6672000000000005	0.99999833280138983
33	1.7288000000000006	1.6671971177471323e-06
33	1.7904000000000004	1.4924747678707877e-12
33	1.8520000000000005	9.5305422640860691e-19
33	1.8960000000000008	8.1151147711214807e-40
33	1.9136000000000004	4.8677595307325535e-25
33	1.9752000000000005	2.1147059624037011e-31
34	0.51680000000000015	0.99999948320013354
34	0.57640000000000013	5.1679970211656597e-07
34	0.63600000000000012	1.6434229547826706e-13
34	0.69560000000000022	4.1676390551226183e-20
34	0.75520000000000009	9.2746361115511379e-27
34	0.81480000000000019	1.8982134042260171e-33
35	0.55840000000000012	0.99999944160015597
35	0.62000000000000011	5.5839965379210777e-07
35	0.68160000000000009	1.9030259028971058e-13
35	0.74320000000000008	5.1404985198467599e-20
35	0.80480000000000018	1.2128238299230448e-26
35	0.86640000000000006	2.6220297424754316e-33
36	3.0136000000000029	0.99999698640454093
36	3.0444000000000027	8.1151147711214807e-40
36	3.1544000000000025	3.0135904939151577e-06
36	3.2160000000000029	4.965191391918824e-12
36	3.2776000000000027	5.5365459147420439e-18
36	3.3216000000000028	9.8511327378553138e-32
36	3.3392000000000026	4.7979545450882654e-24
36	3.3832000000000031	5.3426749483644104e-37
36	3.4008000000000025	3.3488882519299084e-30
36	3.4624000000000028	1.4243912899500846e-36
37	0.59800000000000009	0.99999940200017878
37	0.65960000000000008	5.9799960555933003e-07
37	0.72120000000000006	2.1563864448135365e-13
37	0.78280000000000016	6.1073277578486312e-20
37	0.84440000000000004	1.5001484909642136e-26
37	0.90600000000000014	3.3576265357655392e-33
38	1.7068000000000005	0.9999982932014565
38	1.7684000000000006	1.7067969816975505e-06
38	1.8300000000000005	1.5617191420513608e-12
38	1.8916000000000006	1.0178626372438808e-18
38	1.9356000000000009	8.1151147711214807e-40
38	1.9532000000000005	5.2992046401148901e-25
38	2.0148000000000006	2.3438421896519878e-31
39	0.63760000000000017	0.99999936240020326
39	0.69920000000000015	6.375995541902362e-07
39	0.76080000000000014	2.425428554733258e-13
39	0.82240000000000024	7.1872525254677672e-20
39	0.88400000000000012	1.8352425839381741e-26
39	0.94560000000000022	4.2481178911951197e-33
40	1.7464000000000006	0.99999825360152494
40	1.8080000000000007	1.7463968425116546e-06
40	1.8696000000000006	1.6325316678159433e-12
40	1.9312000000000007	1.08554077020431e-18
40	1.975200000000001	8.1151147711214807e-40
40	1.9928000000000006	5.7586775192692082e-25
40	2.0544000000000007	2.5923981129970193e-31
41	2.6968000000000032	0.99999730320363645
41	2.7276000000000025	8.1151147711214807e-40
41	2.7584000000000031	2.6967925611571439e-06
41	2.8200000000000034	3.8024772769989702e-12
41	2.8816000000000033	3.7321890007433612e-18
41	2.9432000000000031	2.8648081535560385e-24
41	3.004800000000003	1.8320127091560454e-30
41	3.0664000000000033	9.176682619508203e-37
43	0.67720000000000002	0.9999993228002293
43	0.73880000000000001	6.7719949968482522e-07
43	0.8004	2.7101522307932904e-13
43	0.8620000000000001	8.3864827175154521e-20
43	0.92359999999999998	2.223090175221977e-26
43	0.98520000000000008	5.3165872354676116e-33
44	1.7860000000000007	0.99999821400159494
44	1.8476000000000008	1.7859967001894504e-06
44	1.9092000000000007	1.7049123449782497e-12
44	1.9708000000000008	1.1561507239625781e-18
44	2.014800000000001	8.1151147711214807e-40
44	2.0324000000000009	6.2473651253389072e-25
44	2.0940000000000007	7.4004474799650896e-32
44	2.1556000000000006	4.6889727638669421e-38
44	2.2920000000000003	2.1215356987790094e-31
44	2.3536000000000006	9.0024551776439889e-38
45	1.8256000000000008	0.9999981744016665
45	1.8872000000000009	1.825596554730929e-06
45	1.9488000000000008	1.7788611733519705e-12
45	2.0104000000000006	1.2297545971815418e-18
45	2.0544000000000011	1.0382104335251053e-39
45	2.1336000000000008	5.0719846938156109e-32
45	2.1952000000000007	3.4096308775776385e-38
45	2.2700000000000005	6.7664776667235899e-25
45	2.3316000000000003	3.9852116179037587e-31
45	2.3932000000000007	1.1862956139779394e-37
46	2.7364000000000033	0.99999726360374397
46	2.7672000000000025	8.1151147711214807e-40
46	2.7980000000000032	2.7363923435635154e-06
46	2.8596000000000035	3.9124935318175087e-12
46	2.9212000000000033	3.8917922298826155e-18
46	2.9828000000000032	3.0257946306944443e-24
46	3.0444000000000031	2.6805221799756268e-31
46	3.1060000000000034	5.1325926060365707e-37
46	3.1236000000000024	1.6908098121687214e-30
46	3.1852000000000027	6.1544209308245619e-37
47	1.8652000000000009	0.99999813480173949
47	1.926800000000001	1.8651964061361019e-06
47	1.9884000000000008	1.8543781527508208e-12
47	2.0940000000000012	8.1151147711214807e-40
47	2.1732000000000009	2.0684823173044246e-32
47	2.2348000000000008	3.9402979626936576e-38
47	2.2480000000000007	1.3064142298441756e-18
47	2.3096000000000005	9.9039538688220471e-25
47	2.3712000000000004	5.1242971218102506e-31
47	2.4328000000000007	1.325264422497646e-37
48	0.7168000000000001	0.99999928320025699
48	0.77840000000000009	7.1679944204309847e-07
48	0.84000000000000008	3.0105574711306716e-13
48	0.90160000000000018	9.7112282278193652e-20
48	0.96320000000000006	2.6689212427449186e-26
48	1.0248000000000002	6.5882918571192945e-33
49	0.75639999999999996	0.99999924360028614
49	0.81799999999999995	7.5639938126505307e-07
49	0.87959999999999994	3.3266442738824183e-13
49	0.94120000000000004	1.1167698949223474e-19
49	1.0027999999999999	3.1782116759397834e-26
49	1.0644	8.0907602873879339e-33
50	0.79600000000000004	0.99999920400031683
50	0.85760000000000003	7.9599931735069233e-07
50	0.91920000000000002	3.6584126371855645e-13
50	0.98080000000000012	1.2762104773588205e-19
50	1.1040000000000001	4.4087837465809007e-33
50	1.1216000000000002	3.7566829781649476e-26
50	1.1832000000000003	8.4203988531925849e-33
51	2.7760000000000034	0.99999722400385316
51	2.8068000000000026	8.1151147711214807e-40
51	2.8376000000000032	2.7759921228335814e-06
51	2.8992000000000036	4.024077933376356e-12
51	2.9608000000000034	4.0558797434401744e-18
51	3.0224000000000033	3.1934691802308951e-24
51	3.0840000000000032	2.8065273442698129e-31
51	3.1456000000000035	5.5684121378873528e-37
51	3.1632000000000025	1.8119863632754663e-30
51	3.2248000000000028	6.6387481640282217e-37
52	0.8355999999999999	0.99999916440034919
52	0.89719999999999989	8.3559925030001698e-07
52	0.95879999999999987	4.005862559177151e-13
52	1.0204	1.45006555917902e-19
52	1.1435999999999999	5.4069851292463827e-33
52	1.1612	4.4103034050060547e-26
52	1.2228000000000001	9.9960183648538796e-33
53	1.9048000000000009	0.99999809520181415
53	1.966400000000001	1.9047962544049645e-06
53	2.0280000000000009	1.9314632829884994e-12
53	2.1336000000000013	8.1151147711214807e-40
53	2.212800000000001	2.2435244418209094e-32
53	2.2744000000000009	4.5077044964294874e-38
53	2.2876000000000012	1.3861922221377195e-18
53	2.3492000000000011	1.0645613608101413e-24
53	2.4108000000000009	5.5865394666350587e-31
53	2.4724000000000013	1.469266706602053e-37
54	0.87519999999999976	0.999999124800383
54	0.93679999999999974	8.7519918011302479e-07
54	0.99839999999999973	4.3689940379941781e-13
54	1.1392	1.6389559995669331e-19
54	1.1831999999999998	4.691806462101543e-33
54	1.2007999999999999	6.4433393996048352e-26
54	1.2624	1.4991037317373015e-32
55	0.23960000000000001	0.99999976040002869
55	0.29920000000000002	2.3959992831169055e-07
55	0.35880000000000001	4.2984224577257443e-14
55	0.41839999999999999	6.9906689044368517e-21
55	0.47799999999999998	1.0903327429541568e-27
55	0.53759999999999997	1.6677940308973636e-34
56	0.91479999999999984	0.99999908520041847
56	0.97639999999999982	9.1479910678971576e-07
56	1.0379999999999998	4.7478070717736946e-13
56	1.1788000000000001	1.843503030824013e-19
56	1.2227999999999999	5.8033929793134822e-33
56	1.2403999999999999	7.4281455917921293e-26
56	1.302	1.7444699726088314e-32
57	2.8156000000000034	0.9999971844039639
57	2.8464000000000027	8.1151147711214807e-40
57	2.8772000000000033	2.8155918989673369e-06
57	2.9388000000000036	4.1372304814892097e-12
57	3.0004000000000035	4.2245136398329407e-18
57	3.1236000000000033	1.2304314562634747e-31
57	3.1412000000000027	3.3680141676238248e-24
57	3.1852000000000036	3.8084618990144727e-37
57	3.2028000000000025	2.3773271787912549e-30
57	3.2644000000000029	9.5102431880722561e-37
58	0.95439999999999969	0.99999904560045549
58	1.0159999999999998	9.5439903033009276e-07
58	1.1567999999999998	5.1423012513824679e-13
58	1.2183999999999999	2.4715977608701189e-19
58	1.2623999999999997	6.8390829915938229e-33
58	1.2799999999999998	8.9325284629202928e-26
58	1.3415999999999999	2.0941139343174483e-32
59	2.3008000000000015	0.99999769920264692
59	2.3316000000000017	8.1151147711214807e-40
59	2.3624000000000014	2.3007945645964991e-06
59	2.4240000000000017	2.7885628405154845e-12
59	2.4724000000000017	8.4706479365008895e-38
59	2.4856000000000016	2.3691306935960982e-18
59	2.5472000000000015	1.5843665286911719e-24
59	2.6088000000000013	8.8809547237038428e-31
59	2.6704000000000017	2.5922848855855663e-37
60	1.944400000000001	0.99999805560189037
60	2.0060000000000011	1.9443960995375135e-06
60	2.1732000000000014	8.1151147711214807e-40
60	2.2524000000000011	2.1926525529569678e-32
60	2.2656000000000014	2.0101161658756648e-12
60	2.3140000000000009	5.1416256795647426e-38
60	2.3272000000000013	1.8671534055182091e-18
60	2.3888000000000011	1.2066971371680602e-24
60	2.450400000000001	6.2023181301638801e-31
60	2.5120000000000013	1.6254245650287183e-37
61	0.99399999999999977	0.99999900600049407
61	1.1348	9.9399887200943983e-07
61	1.1963999999999999	6.3397244151491827e-13
61	1.258	2.8214760532475673e-19
61	1.3019999999999998	6.5988845302811439e-33
61	1.3195999999999999	1.0263938671858146e-25
61	1.3812	2.5934345546597198e-32
62	1.0335999999999996	0.99999896640053432
62	1.1743999999999999	1.0335987861408724e-06
62	1.2359999999999998	6.7969451989705524e-13
62	1.2975999999999999	3.1136203173103262e-19
62	1.3415999999999997	8.0863078407686964e-33
62	1.3591999999999997	1.1631353795008609e-25
62	1.4207999999999998	2.9688007544958938e-32
63	2.8552000000000035	0.9999971448040762
63	2.8860000000000028	8.1151147711214807e-40
63	2.9168000000000034	2.8551916719647876e-06
63	2.9784000000000037	4.2519511759697709e-12
63	3.1192000000000029	4.3977556691658254e-18
63	3.1632000000000033	1.1450555686300467e-31
63	3.1808000000000027	3.8979174308208963e-24
63	3.2248000000000037	3.7155810437029965e-37
63	3.2424000000000026	2.583974950820271e-30
63	3.3040000000000029	1.0891377121716801e-36
65	1.1523999999999999	0.99999884760066415
65	1.214	1.1523986009872482e-06
65	1.2755999999999998	7.3499978243367958e-13
65	1.3371999999999999	3.4343468496149771e-19
65	1.3811999999999998	8.1151147711214807e-40
65	1.3987999999999998	1.3141903422608628e-25
65	1.4603999999999999	4.3682625064113936e-32
66	3.0136000000000029	0.99999698640454093
66	3.0444000000000027	8.1151147711214807e-40
66	3.1544000000000025	3.0135904939151577e-06
66	3.2160000000000029	4.965191391918824e-12
66	3.2776000000000027	5.5365459147420439e-18
66	3.3216000000000028	9.8511327378553138e-32
66	3.3392000000000026	4.7979545450882654e-24
66	3.3832000000000031	5.3426749483644104e-37
66	3.4008000000000025	3.3488882519299084e-30
66	3.4624000000000028	1.4243912899500846e-36
68	1.1919999999999997	0.9999988080007105
68	1.2535999999999998	1.1919985057097365e-06
68	1.3151999999999997	7.8385816906905878e-13
68	1.3767999999999998	3.7658769186037432e-19
68	1.4207999999999998	8.1151147711214807e-40
68	1.4383999999999997	1.478098622203059e-25
68	1.4999999999999998	5.0287432087183277e-32
69	1.9840000000000011	0.99999801600196814
69	2.2128000000000014	8.1151147711214807e-40
69	2.2436000000000011	1.9839955487025955e-06
69	2.2920000000000011	2.3769430141552849e-32
69	2.3052000000000015	2.4831686757929748e-12
69	2.353600000000001	5.8481582633063262e-38
69	2.3668000000000013	2.0323264351107796e-18
69	2.4284000000000012	1.3012523702025512e-24
69	2.4900000000000011	6.7511059333954234e-31
69	2.5516000000000014	1.7944848086677101e-37
70	2.0236000000000014	0.99999797640204746
70	2.2524000000000015	8.1151147711214807e-40
70	2.2832000000000012	2.0235953797217566e-06
70	2.3316000000000012	2.4670104682757726e-32
70	2.3448000000000015	2.5727990072938177e-12
70	2.3932000000000015	6.633808851979576e-38
70	2.4064000000000014	2.1392849274212236e-18
70	2.4680000000000013	1.3907945503837782e-24
70	2.5296000000000012	7.3325969711483133e-31
70	2.5912000000000015	2.1516437635640596e-37
71	1.2315999999999996	0.99999876840075841
71	1.2931999999999997	1.2315984072959099e-06
71	1.3547999999999996	8.3428470971031071e-13
71	1.4163999999999997	4.1180313724429025e-19
71	1.4603999999999999	8.1151147711214807e-40
71	1.4779999999999995	1.6568420139870249e-25
71	1.5395999999999996	5.7665948842930891e-32
72	2.8948000000000027	0.99999710520419016
72	2.9256000000000024	8.1151147711214807e-40
72	2.9564000000000026	2.8947914418259342e-06
72	3.0180000000000029	4.3682400166317518e-12
72	3.1588000000000025	4.5756686123498569e-18
72	3.2028000000000025	1.2043422404875256e-31
72	3.2204000000000024	4.1008525164148079e-24
72	3.2644000000000029	4.0772171739112464e-37
72	3.2820000000000022	2.7506974361435439e-30
72	3.3436000000000026	1.166315985919619e-36

[frame_wcrt_cdf]
frame_id	response_time_ms	cumulative_probability
0	2.3404000000000016	0.99999765960273879
0	2.3712000000000013	0.99999765960273879
0	2.4020000000000015	0.99999999999711719
0	2.4636000000000018	1
0	2.5252000000000017	1
0	2.5868000000000015	1
0	2.6484000000000014	1
0	2.7100000000000017	1
1	2.3800000000000017	0.99999762000283232
1	2.4108000000000018	0.99999762000283232
1	2.4416000000000015	0.99999999999702127
1	2.5032000000000019	1
1	2.5648000000000017	1
1	2.6264000000000016	1
1	2.6880000000000015	1
1	2.7496000000000018	1
2	2.9344000000000028	0.99999706560430546
2	2.9652000000000025	0.99999706560430546
2	2.9960000000000027	0.99999999999551403
2	3.1368000000000027	1
2	3.1984000000000026	1
2	3.2424000000000026	1
2	3.2600000000000025	1
2	3.3040000000000029	1
2	3.3216000000000023	1
2	3.3832000000000026	1
3	1.2711999999999997	0.99999872880080798
3	1.3327999999999998	0.99999999999911371
3	1.3943999999999996	1
3	1.4559999999999997	1
3	1.5	1
3	1.5175999999999996	1
3	1.5791999999999997	1
4	1.3107999999999997	0.9999986892008591
4	1.3723999999999998	0.9999999999990602
4	1.4339999999999997	1
4	1.4955999999999998	1
4	1.5396000000000001	1
4	1.5571999999999997	1
4	1.6187999999999998	1
5	1.3503999999999998	0.99999864960091178
5	1.4119999999999999	0.99999999999900502
5	1.4735999999999998	1
5	1.5351999999999999	1
5	1.5792000000000002	1
5	1.5967999999999998	1
5	1.6583999999999999	1
6	0.31879999999999997	0.99999968120005089
6	0.37839999999999996	0.99999999999993028
6	0.43799999999999994	1
6	0.49759999999999999	1
6	0.55719999999999992	1
6	0.61680000000000001	1
7	0.081199999999999994	0.99999991880000338
7	0.14079999999999998	0.99999999999999201
7	0.20039999999999999	1
7	0.26000000000000001	1
7	0.3196	1
7	0.37919999999999998	1
8	0.2792	0.99999972080003896
8	0.33879999999999999	0.99999999999994438
8	0.39839999999999998	1
8	0.45800000000000002	1
8	0.51760000000000006	1
8	0.57719999999999994	1
9	0.3584	0.99999964160006427
9	0.41799999999999998	0.99999999999991451
9	0.47760000000000002	1
9	0.53720000000000001	1
9	0.5968	1
9	0.65639999999999998	1
10	2.4196000000000017	0.9999975804029273
10	2.4504000000000015	0.9999975804029273
10	2.4812000000000016	0.99999999999692379
10	2.5428000000000019	1
10	2.6044000000000018	1
10	2.6660000000000017	1
10	2.7276000000000016	1
10	2.7892000000000019	1
11	0.12079999999999999	0.99999987920000732
11	0.1804	0.99999999999998557
11	0.23999999999999999	1
11	0.29959999999999998	1
11	0.35919999999999996	1
11	0.41879999999999995	1
12	1.3899999999999999	0.99999861000096602
12	1.4516	0.99999999999894829
12	1.5131999999999999	1
12	1.5748	1
12	1.6188000000000002	1
12	1.6363999999999999	1
12	1.698	1
13	0.16039999999999999	0.99999983960001293
13	0.21999999999999997	0.99999999999997768
13	0.27959999999999996	1
13	0.3392	1
13	0.39879999999999999	1
13	0.45839999999999997	1
14	0.39800000000000002	0.99999960200007931
14	0.45760000000000001	0.99999999999989719
14	0.51719999999999999	1
14	0.57679999999999998	1
14	0.63640000000000008	1
14	0.69599999999999995	1
15	0.43760000000000004	0.9999995624000958
15	0.49720000000000003	0.99999999999987821
15	0.55680000000000007	1
15	0.61640000000000006	1
15	0.67600000000000005	1
15	0.73560000000000003	1
16	1.4296	0.99999857040102191
16	1.4912000000000001	0.99999999999889011
16	1.5528	1
16	1.6144000000000001	1
16	1.6584000000000003	1
16	1.6759999999999999	1
16	1.7376	1
17	1.4692000000000001	0.99999853080107937
17	1.5308000000000002	0.99999999999883027
17	1.5924	1
17	1.6540000000000001	1
17	1.6980000000000004	1
17	1.7156	1
17	1.7772000000000001	1
18	1.5088000000000001	0.99999849120113826
18	1.5704000000000002	0.99999999999876887
18	1.6320000000000001	1
18	1.6936000000000002	1
18	1.7376000000000005	1
18	1.7552000000000001	1
18	1.8168000000000002	1
19	2.9740000000000029	0.99999702600442242
19	3.0048000000000026	0.99999702600442242
19	3.0356000000000027	0.99999999999539457
19	3.1764000000000028	1
19	3.2380000000000027	1
19	3.2820000000000027	1
19	3.2996000000000025	1
19	3.343600000000003	1
19	3.3612000000000024	1
19	3.4228000000000027	1
20	2.4592000000000018	0.99999754080302394
20	2.490000000000002	0.99999754080302394
20	2.5208000000000017	0.99999999999682476
20	2.582400000000002	1
20	2.6440000000000019	1
20	2.7056000000000018	1
20	2.7672000000000017	1
20	2.828800000000002	1
21	2.4988000000000019	0.99999750120312203
21	2.5296000000000016	0.99999750120312203
21	2.5604000000000018	0.99999999999672406
21	2.6220000000000021	1
21	2.683600000000002	1
21	2.7452000000000019	1
21	2.8068000000000017	1
21	2.8684000000000021	1
22	1.5484000000000002	0.99999845160119882
22	1.6100000000000003	0.99999999999870592
22	1.6716000000000002	1
22	1.7332000000000003	1
22	1.7772000000000006	1
22	1.7948000000000002	1
22	1.8564000000000003	1
23	1.5880000000000003	0.99999841200126083
23	1.6496000000000004	0.99999999999864131
23	1.7112000000000003	1
23	1.7728000000000004	1
23	1.8168000000000006	1
23	1.8344000000000003	1
23	1.8960000000000004	1
25	2.5384000000000029	0.99999746160322178
25	2.5692000000000021	0.99999746160322178
25	2.6000000000000028	0.99999999999662192
25	2.6616000000000031	1
25	2.723200000000003	1
25	2.7848000000000028	1
25	2.8464000000000027	1
25	2.908000000000003	1
26	2.578000000000003	0.9999974220033232
26	2.6088000000000022	0.9999974220033232
26	2.6396000000000028	0.99999999999651834
26	2.7012000000000032	1
26	2.762800000000003	1
26	2.8244000000000029	1
26	2.8860000000000028	1
26	2.9476000000000031	1
27	1.6276000000000004	0.99999837240132461
27	1.6892000000000005	0.99999999999857525
27	1.7508000000000004	1
27	1.8124000000000005	1
27	1.8564000000000007	1
27	1.8740000000000003	1
27	1.9356000000000004	1
28	2.2612000000000014	0.9999977388025566
28	2.2920000000000016	0.9999977388025566
28	2.3228000000000013	0.99999999999730427
28	2.3844000000000016	1
28	2.4328000000000016	1
28	2.4460000000000015	1
28	2.5076000000000014	1
28	2.5692000000000013	1
28	2.6308000000000016	1
29	0.47720000000000007	0.99999952280011395
29	0.53680000000000005	0.99999999999985778
29	0.59640000000000004	1
29	0.65600000000000014	1
29	0.71560000000000001	1
29	0.77520000000000011	1
30	2.617600000000003	0.99999738240342595
30	2.6484000000000023	0.99999738240342595
30	2.6792000000000029	0.99999999999641287
30	2.7408000000000032	1
30	2.8024000000000031	1
30	2.864000000000003	1
30	2.9256000000000029	1
30	2.9872000000000032	1
31	2.6572000000000031	0.99999734280353048
31	2.6880000000000024	0.99999734280353048
31	2.718800000000003	0.99999999999630607
31	2.7804000000000033	1
31	2.8420000000000032	1
31	2.9036000000000031	1
31	2.9652000000000029	1
31	3.0268000000000033	1
32	0.20000000000000001	0.99999980000001998
32	0.2596	0.99999999999996803
32	0.31920000000000004	1
32	0.37880000000000003	1
32	0.43840000000000001	1
32	0.498	1
33	1.6672000000000005	0.99999833280138983
33	1.7288000000000006	0.99999999999850753
33	1.7904000000000004	1
33	1.8520000000000005	1
33	1.8960000000000008	1
33	1.9136000000000004	1
33	1.9752000000000005	1
34	0.51680000000000015	0.99999948320013354
34	0.57640000000000013	0.99999999999983569
34	0.63600000000000012	1
34	0.69560000000000022	1
34	0.75520000000000009	1
34	0.81480000000000019	1
35	0.55840000000000012	0.99999944160015597
35	0.62000000000000011	0.99999999999980971
35	0.68160000000000009	1
35	0.74320000000000008	1
35	0.80480000000000018	1
35	0.86640000000000006	1
36	3.0136000000000029	0.99999698640454093
36	3.0444000000000027	0.99999698640454093
36	3.1544000000000025	0.99999999999503486
36	3.2160000000000029	1
36	3.2776000000000027	1
36	3.3216000000000028	1
36	3.3392000000000026	1
36	3.3832000000000031	1
36	3.4008000000000025	1
36	3.4624000000000028	1
37	0.59800000000000009	0.99999940200017878
37	0.65960000000000008	0.99999999999978439
37	0.72120000000000006	1
37	0.78280000000000016	1
37	0.84440000000000004	1
37	0.90600000000000014	1
38	1.7068000000000005	0.9999982932014565
38	1.7684000000000006	0.99999999999843825
38	1.8300000000000005	1
38	1.8916000000000006	1
38	1.9356000000000009	1
38	1.9532000000000005	1
38	2.0148000000000006	1
39	0.63760000000000017	0.99999936240020326
39	0.69920000000000015	0.99999999999975742
39	0.76080000000000014	1
39	0.82240000000000024	1
39	0.88400000000000012	1
39	0.94560000000000022	1
40	1.7464000000000006	0.99999825360152494
40	1.8080000000000007	0.99999999999836742
40	1.8696000000000006	1
40	1.9312000000000007	1
40	1.975200000000001	1
40	1.9928000000000006	1
40	2.0544000000000007	1
41	2.6968000000000032	0.99999730320363645
41	2.7276000000000025	0.99999730320363645
41	2.7584000000000031	0.9999999999961976
41	2.8200000000000034	1
41	2.8816000000000033	1
41	2.9432000000000031	1
41	3.004800000000003	1
41	3.0664000000000033	1
43	0.67720000000000002	0.9999993228002293
43	0.73880000000000001	0.99999999999972899
43	0.8004	1
43	0.8620000000000001	1
43	0.92359999999999998	1
43	0.98520000000000008	1
44	1.7860000000000007	0.99999821400159494
44	1.8476000000000008	0.99999999999829514
44	1.9092000000000007	1
44	1.9708000000000008	1
44	2.014800000000001	1
44	2.0324000000000009	1
44	2.0940000000000007	1
44	2.1556000000000006	1
44	2.2920000000000003	1
44	2.3536000000000006	1
45	1.8256000000000008	0.9999981744016665
45	1.8872000000000009	0.9999999999982212
45	1.9488000000000008	1
45	2.0104000000000006	1
45	2.0544000000000011	1
45	2.1336000000000008	1
45	2.1952000000000007	1
45	2.2700000000000005	1
45	2.3316000000000003	1
45	2.3932000000000007	1
46	2.7364000000000033	0.99999726360374397
46	2.7672000000000025	0.99999726360374397
46	2.7980000000000032	0.99999999999608757
46	2.8596000000000035	1
46	2.9212000000000033	1
46	2.9828000000000032	1
46	3.0444000000000031	1
46	3.1060000000000034	1
46	3.1236000000000024	1
46	3.1852000000000027	1
47	1.8652000000000009	0.99999813480173949
47	1.926800000000001	0.99999999999814559
47	1.9884000000000008	1
47	2.0940000000000012	1
47	2.1732000000000009	1
47	2.2348000000000008	1
47	2.2480000000000007	1
47	2.3096000000000005	1
47	2.3712000000000004	1
47	2.4328000000000007	1
48	0.7168000000000001	0.99999928320025699
48	0.77840000000000009	0.99999999999969902
48	0.84000000000000008	1
48	0.90160000000000018	1
48	0.96320000000000006	1
48	1.0248000000000002	1
49	0.75639999999999996	0.99999924360028614
49	0.81799999999999995	0.99999999999966738
49	0.87959999999999994	1
49	0.94120000000000004	1
49	1.0027999999999999	1
49	1.0644	1
50	0.79600000000000004	0.99999920400031683
50	0.85760000000000003	0.99999999999963418
50	0.91920000000000002	1
50	0.98080000000000012	1
50	1.1040000000000001	1
50	1.1216000000000002	1
50	1.1832000000000003	1
51	2.7760000000000034	0.99999722400385316
51	2.8068000000000026	0.99999722400385316
51	2.8376000000000032	0.999999999995976
51	2.8992000000000036	1
51	2.9608000000000034	1
51	3.0224000000000033	1
51	3.0840000000000032	1
51	3.1456000000000035	1
51	3.1632000000000025	1
51	3.2248000000000028	1
52	0.8355999999999999	0.99999916440034919
52	0.89719999999999989	0.99999999999959954
52	0.95879999999999987	1
52	1.0204	1
52	1.1435999999999999	1
52	1.1612	1
52	1.2228000000000001	1
53	1.9048000000000009	0.99999809520181415
53	1.966400000000001	0.99999999999806855
53	2.0280000000000009	1
53	2.1336000000000013	1
53	2.212800000000001	1
53	2.2744000000000009	1
53	2.2876000000000012	1
53	2.3492000000000011	1
53	2.4108000000000009	1
53	2.4724000000000013	1
54	0.87519999999999976	0.999999124800383
54	0.93679999999999974	0.99999999999956313
54	0.99839999999999973	1
54	1.1392	1
54	1.1831999999999998	1
54	1.2007999999999999	1
54	1.2624	1
55	0.23960000000000001	0.99999976040002869
55	0.29920000000000002	0.99999999999995703
55	0.35880000000000001	1
55	0.41839999999999999	1
55	0.47799999999999998	1
55	0.53759999999999997	1
56	0.91479999999999984	0.99999908520041847
56	0.97639999999999982	0.99999999999952527
56	1.0379999999999998	1
56	1.1788000000000001	1
56	1.2227999999999999	1
56	1.2403999999999999	1
56	1.302	1
57	2.8156000000000034	0.9999971844039639
57	2.8464000000000027	0.9999971844039639
57	2.8772000000000033	0.99999999999586286
57	2.9388000000000036	1
57	3.0004000000000035	1
57	3.1236000000000033	1
57	3.1412000000000027	1
57	3.1852000000000036	1
57	3.2028000000000025	1
57	3.2644000000000029	1
58	0.95439999999999969	0.99999904560045549
58	1.0159999999999998	0.99999999999948586
58	1.1567999999999998	1
58	1.2183999999999999	1
58	1.2623999999999997	1
58	1.2799999999999998	1
58	1.3415999999999999	1
59	2.3008000000000015	0.99999769920264692
59	2.3316000000000017	0.99999769920264692
59	2.3624000000000014	0.99999999999721156
59	2.4240000000000017	1
59	2.4724000000000017	1
59	2.4856000000000016	1
59	2.5472000000000015	1
59	2.6088000000000013	1
59	2.6704000000000017	1
60	1.944400000000001	0.99999805560189037
60	2.0060000000000011	0.99999999999798994
60	2.1732000000000014	0.99999999999798994
60	2.2524000000000011	0.99999999999798994
60	2.2656000000000014	1
60	2.3140000000000009	1
60	2.3272000000000013	1
60	2.3888000000000011	1
60	2.450400000000001	1
60	2.5120000000000013	1
61	0.99399999999999977	0.99999900600049407
61	1.1348	0.99999999999936606
61	1.1963999999999999	1
61	1.258	1
61	1.3019999999999998	1
61	1.3195999999999999	1
61	1.3812	1
62	1.0335999999999996	0.99999896640053432
62	1.1743999999999999	0.99999999999932043
62	1.2359999999999998	1
62	1.2975999999999999	1
62	1.3415999999999997	1
62	1.3591999999999997	1
62	1.4207999999999998	1
63	2.8552000000000035	0.9999971448040762
63	2.8860000000000028	0.9999971448040762
63	2.9168000000000034	0.99999999999574818
63	2.9784000000000037	1
63	3.1192000000000029	1
63	3.1632000000000033	1
63	3.1808000000000027	1
63	3.2248000000000037	1
63	3.2424000000000026	1
63	3.3040000000000029	1
65	1.1523999999999999	0.99999884760066415
65	1.214	0.99999999999926514
65	1.2755999999999998	1
65	1.3371999999999999	1
65	1.3811999999999998	1
65	1.3987999999999998	1
65	1.4603999999999999	1
66	3.0136000000000029	0.99999698640454093
66	3.0444000000000027	0.99999698640454093
66	3.1544000000000025	0.99999999999503486
66	3.2160000000000029	1
66	3.2776000000000027	1
66	3.3216000000000028	1
66	3.3392000000000026	1
66	3.3832000000000031	1
66	3.4008000000000025	1
66	3.4624000000000028	1
68	1.1919999999999997	0.9999988080007105
68	1.2535999999999998	0.99999999999921618
68	1.3151999999999997	1
68	1.3767999999999998	1
68	1.4207999999999998	1
68	1.4383999999999997	1
68	1.4999999999999998	1
69	1.9840000000000011	0.99999801600196814
69	2.2128000000000014	0.99999801600196814
69	2.2436000000000011	0.99999999999751688
69	2.2920000000000011	0.99999999999751688
69	2.3052000000000015	1
69	2.353600000000001	1
69	2.3668000000000013	1
69	2.4284000000000012	1
69	2.4900000000000011	1
69	2.5516000000000014	1
70	2.0236000000000014	0.99999797640204746
70	2.2524000000000015	0.99999797640204746
70	2.2832000000000012	0.99999999999742717
70	2.3316000000000012	0.99999999999742717
70	2.3448000000000015	1
70	2.3932000000000015	1
70	2.4064000000000014	1
70	2.4680000000000013	1
70	2.5296000000000012	1
70	2.5912000000000015	1
71	1.2315999999999996	0.99999876840075841
71	1.2931999999999997	0.99999999999916567
71	1.3547999999999996	1
71	1.4163999999999997	1
71	1.4603999999999999	1
71	1.4779999999999995	1
71	1.5395999999999996	1
72	2.8948000000000027	0.99999710520419016
72	2.9256000000000024	0.99999710520419016
72	2.9564000000000026	0.99999999999563194
72	3.0180000000000029	1
72	3.1588000000000025	1
72	3.2028000000000025	1
72	3.2204000000000024	1
72	3.2644000000000029	1
72	3.2820000000000022	1
72	3.3436000000000026	1

[frame_distribution_quantiles]
frame_id	retry_q50	retry_q90	retry_q95	retry_q99	wcrt_q50_ms	wcrt_q90_ms	wcrt_q95_ms	wcrt_q99_ms
0	0	0	0	0	2.3404000000000016	2.3404000000000016	2.3404000000000016	2.3404000000000016
1	0	0	0	0	2.3800000000000017	2.3800000000000017	2.3800000000000017	2.3800000000000017
2	0	0	0	0	2.9344000000000028	2.9344000000000028	2.9344000000000028	2.9344000000000028
3	0	0	0	0	1.2711999999999997	1.2711999999999997	1.2711999999999997	1.2711999999999997
4	0	0	0	0	1.3107999999999997	1.3107999999999997	1.3107999999999997	1.3107999999999997
5	0	0	0	0	1.3503999999999998	1.3503999999999998	1.3503999999999998	1.3503999999999998
6	0	0	0	0	0.31879999999999997	0.31879999999999997	0.31879999999999997	0.31879999999999997
7	0	0	0	0	0.081199999999999994	0.081199999999999994	0.081199999999999994	0.081199999999999994
8	0	0	0	0	0.2792	0.2792	0.2792	0.2792
9	0	0	0	0	0.3584	0.3584	0.3584	0.3584
10	0	0	0	0	2.4196000000000017	2.4196000000000017	2.4196000000000017	2.4196000000000017
11	0	0	0	0	0.12079999999999999	0.12079999999999999	0.12079999999999999	0.12079999999999999
12	0	0	0	0	1.3899999999999999	1.3899999999999999	1.3899999999999999	1.3899999999999999
13	0	0	0	0	0.16039999999999999	0.16039999999999999	0.16039999999999999	0.16039999999999999
14	0	0	0	0	0.39800000000000002	0.39800000000000002	0.39800000000000002	0.39800000000000002
15	0	0	0	0	0.43760000000000004	0.43760000000000004	0.43760000000000004	0.43760000000000004
16	0	0	0	0	1.4296	1.4296	1.4296	1.4296
17	0	0	0	0	1.4692000000000001	1.4692000000000001	1.4692000000000001	1.4692000000000001
18	0	0	0	0	1.5088000000000001	1.5088000000000001	1.5088000000000001	1.5088000000000001
19	0	0	0	0	2.9740000000000029	2.9740000000000029	2.9740000000000029	2.9740000000000029
20	0	0	0	0	2.4592000000000018	2.4592000000000018	2.4592000000000018	2.4592000000000018
21	0	0	0	0	2.4988000000000019	2.4988000000000019	2.4988000000000019	2.4988000000000019
22	0	0	0	0	1.5484000000000002	1.5484000000000002	1.5484000000000002	1.5484000000000002
23	0	0	0	0	1.5880000000000003	1.5880000000000003	1.5880000000000003	1.5880000000000003
25	0	0	0	0	2.5384000000000029	2.5384000000000029	2.5384000000000029	2.5384000000000029
26	0	0	0	0	2.578000000000003	2.578000000000003	2.578000000000003	2.578000000000003
27	0	0	0	0	1.6276000000000004	1.6276000000000004	1.6276000000000004	1.6276000000000004
28	0	0	0	0	2.2612000000000014	2.2612000000000014	2.2612000000000014	2.2612000000000014
29	0	0	0	0	0.47720000000000007	0.47720000000000007	0.47720000000000007	0.47720000000000007
30	0	0	0	0	2.617600000000003	2.617600000000003	2.617600000000003	2.617600000000003
31	0	0	0	0	2.6572000000000031	2.6572000000000031	2.6572000000000031	2.6572000000000031
32	0	0	0	0	0.20000000000000001	0.20000000000000001	0.20000000000000001	0.20000000000000001
33	0	0	0	0	1.6672000000000005	1.6672000000000005	1.6672000000000005	1.6672000000000005
34	0	0	0	0	0.51680000000000015	0.51680000000000015	0.51680000000000015	0.51680000000000015
35	0	0	0	0	0.55840000000000012	0.55840000000000012	0.55840000000000012	0.55840000000000012
36	0	0	0	0	3.0136000000000029	3.0136000000000029	3.0136000000000029	3.0136000000000029
37	0	0	0	0	0.59800000000000009	0.59800000000000009	0.59800000000000009	0.59800000000000009
38	0	0	0	0	1.7068000000000005	1.7068000000000005	1.7068000000000005	1.7068000000000005
39	0	0	0	0	0.63760000000000017	0.63760000000000017	0.63760000000000017	0.63760000000000017
40	0	0	0	0	1.7464000000000006	1.7464000000000006	1.7464000000000006	1.7464000000000006
41	0	0	0	0	2.6968000000000032	2.6968000000000032	2.6968000000000032	2.6968000000000032
43	0	0	0	0	0.67720000000000002	0.67720000000000002	0.67720000000000002	0.67720000000000002
44	0	0	0	0	1.7860000000000007	1.7860000000000007	1.7860000000000007	1.7860000000000007
45	0	0	0	0	1.8256000000000008	1.8256000000000008	1.8256000000000008	1.8256000000000008
46	0	0	0	0	2.7364000000000033	2.7364000000000033	2.7364000000000033	2.7364000000000033
47	0	0	0	0	1.8652000000000009	1.8652000000000009	1.8652000000000009	1.8652000000000009
48	0	0	0	0	0.7168000000000001	0.7168000000000001	0.7168000000000001	0.7168000000000001
49	0	0	0	0	0.75639999999999996	0.75639999999999996	0.75639999999999996	0.75639999999999996
50	0	0	0	0	0.79600000000000004	0.79600000000000004	0.79600000000000004	0.79600000000000004
51	0	0	0	0	2.7760000000000034	2.7760000000000034	2.7760000000000034	2.7760000000000034
52	0	0	0	0	0.8355999999999999	0.8355999999999999	0.8355999999999999	0.8355999999999999
53	0	0	0	0	1.9048000000000009	1.9048000000000009	1.9048000000000009	1.9048000000000009
54	0	0	0	0	0.87519999999999976	0.87519999999999976	0.87519999999999976	0.87519999999999976
55	0	0	0	0	0.23960000000000001	0.23960000000000001	0.23960000000000001	0.23960000000000001
56	0	0	0	0	0.91479999999999984	0.91479999999999984	0.91479999999999984	0.91479999999999984
57	0	0	0	0	2.8156000000000034	2.8156000000000034	2.8156000000000034	2.8156000000000034
58	0	0	0	0	0.95439999999999969	0.95439999999999969	0.95439999999999969	0.95439999999999969
59	0	0	0	0	2.3008000000000015	2.3008000000000015	2.3008000000000015	2.3008000000000015
60	0	0	0	0	1.944400000000001	1.944400000000001	1.944400000000001	1.944400000000001
61	0	0	0	0	0.99399999999999977	0.99399999999999977	0.99399999999999977	0.99399999999999977
62	0	0	0	0	1.0335999999999996	1.0335999999999996	1.0335999999999996	1.0335999999999996
63	0	0	0	0	2.8552000000000035	2.8552000000000035	2.8552000000000035	2.8552000000000035
65	0	0	0	0	1.1523999999999999	1.1523999999999999	1.1523999999999999	1.1523999999999999
66	0	0	0	0	3.0136000000000029	3.0136000000000029	3.0136000000000029	3.0136000000000029
68	0	0	0	0	1.1919999999999997	1.1919999999999997	1.1919999999999997	1.1919999999999997
69	0	0	0	0	1.9840000000000011	1.9840000000000011	1.9840000000000011	1.9840000000000011
70	0	0	0	0	2.0236000000000014	2.0236000000000014	2.0236000000000014	2.0236000000000014
71	0	0	0	0	1.2315999999999996	1.2315999999999996	1.2315999999999996	1.2315999999999996
72	0	0	0	0	2.8948000000000027	2.8948000000000027	2.8948000000000027	2.8948000000000027

[signal_summary]
code	frame_id	period_ms	level	type	p_timeout	expected_wcrt_ms	wcrt_p95_ms	threshold_wcrt_ms	expected_retry_count	p_threshold
38185742	15	10	0	0	0	0.4376000260809616	0.43760000000000004	0.43760000000000004	4.3760002608096215e-07	1
39351979	22	20	3	0	0	1.5484000953814463	1.5484000000000002	1.6716000000000002	1.5484000953814472e-06	5.5555555555555561e-14
210579401	6	10	0	0	0	0.31880001900048111	0.31879999999999997	0.31879999999999997	3.188000190004811e-07	1
219383353	65	10	0	0	0	1.1524000709878444	1.1523999999999999	1.1523999999999999	1.1524000709878433e-06	1
235501159	15	10	3	0	0	0.4376000260809616	0.43760000000000004	0.55680000000000007	4.3760002608096215e-07	2.7777777777777781e-14
260983102	63	100	0	0	0	2.8552001758803347	2.8552000000000035	2.8552000000000035	2.8552001758803329e-06	1
261994680	17	20	0	0	0	1.4692000905027258	1.4692000000000001	1.4692000000000001	1.4692000905027244e-06	1
310194507	8	5	2	0	0	0.27920001664032096	0.2792	0.33879999999999999	2.7920001664032114e-07	1.388888888888889e-13
342060709	59	50	0	0	0	2.3008001417292907	2.3008000000000015	2.3008000000000015	2.3008001417292874e-06	1
358972209	18	20	0	0	0	1.5088000929420859	1.5088000000000001	1.5088000000000001	1.5088000929420855e-06	1
386844648	68	10	2	0	0	1.1920000734272043	1.1919999999999997	1.3151999999999997	1.1920000734272044e-06	2.7777777777777779e-13
387141307	16	20	2	1	0	1.4296000880633655	1.4296	1.5528	1.4296000880633658e-06	5.5555555555555559e-13
412869987	15	20	0	0	0	0.4376000260809616	0.43760000000000004	0.43760000000000004	4.3760002608096215e-07	1
425928951	4	20	0	0	0	1.3108000807452849	1.3107999999999997	1.3107999999999997	1.3108000807452857e-06	1
500504088	29	20	0	0	0	0.4772000284411218	0.47720000000000007	0.47720000000000007	4.772000284411218e-07	1
523185307	54	10	0	0	0	0.87520005391232314	0.87519999999999976	0.87519999999999976	8.7520005391232414e-07	1
624449950	51	100	0	0	0	2.776000171001614	2.7760000000000034	2.7760000000000034	2.7760001710016158e-06	1
658551952	20	100	0	0	0	2.4592001514867317	2.4592000000000018	2.4592000000000018	2.459200151486733e-06	1
674182269	69	20	0	0	0	1.9840005150460434	1.9840000000000011	1.9840000000000011	1.9840005150460441e-06	1
681090742	35	20	0	0	0	0.55840003439744224	0.55840000000000012	0.55840000000000012	5.5840003439744262e-07	1
767721596	11	1	0	0	0	0.12080000719968043	0.12079999999999999	0.12079999999999999	1.2080000719968042e-07	1
801153492	35	10	0	0	0	0.55840003439744224	0.55840000000000012	0.55840000000000012	5.5840003439744262e-07	1
898811229	31	100	0	0	0	2.6572001636835338	2.6572000000000031	2.6572000000000031	2.6572001636835344e-06	1
930579348	60	20	0	0	0	1.9444001197754464	1.944400000000001	1.944400000000001	1.9444001197754465e-06	1
975644630	33	20	0	0	0	1.6672001026995269	1.6672000000000005	1.6672000000000005	1.6672001026995273e-06	1
990511853	49	10	0	0	0	0.75640004659424298	0.75639999999999996	0.75639999999999996	7.5640004659424288e-07	1
1163990705	72	100	0	0	0	2.8948001783196942	2.8948000000000027	2.8948000000000027	2.8948001783196946e-06	1
1209317125	14	20	1	0	0	0.39800002372080145	0.39800000000000002	0.45760000000000001	3.9800002372080187e-07	5.5555555555555559e-13
1225811814	50	10	1	0	0	0.79600004903360311	0.79600000000000004	0.91920000000000002	7.9600004903360259e-07	2.7777777777777779e-13
1306205815	3	20	2	0	0	1.2712000783059245	1.2711999999999997	1.3943999999999996	1.2712000783059251e-06	5.5555555555555559e-13
1361167208	58	10	0	0	0	0.95440005879108403	0.95439999999999969	0.95439999999999969	9.5440005879108464e-07	1
1475371005	44	20	0	0	0	1.7860001100176075	1.7860000000000007	1.7860000000000007	1.7860001100176087e-06	1
1518230841	57	100	0	0	0	2.8156001734409744	2.8156000000000034	2.8156000000000034	2.8156001734409737e-06	1
1539701583	62	10	2	0	0	1.0336001455308463	1.0335999999999996	1.2359999999999998	1.0336001455308463e-06	2.7777777777777779e-13
1684715100	27	20	0	0	0	1.6276001002601665	1.6276000000000004	1.6276000000000004	1.6276001002601668e-06	1
1686268533	21	100	0	0	0	2.4988001539260916	2.4988000000000019	2.4988000000000019	2.4988001539260922e-06	1
1717250506	48	10	0	0	0	0.71680004415488285	0.7168000000000001	0.7168000000000001	7.1680004415488412e-07	1
1729393668	37	10	0	0	0	0.59800003683680236	0.59800000000000009	0.59800000000000009	5.9800003683680212e-07	1
1881189681	41	100	0	0	0	2.6968001661228933	2.6968000000000032	2.6968000000000032	2.6968001661228944e-06	1
1910686678	6	10	0	0	0	0.31880001900048111	0.31879999999999997	0.31879999999999997	3.188000190004811e-07	1
1986526128	7	1	3	0	0	0.081200004839520279	0.081199999999999994	0.20039999999999999	8.1200004839520388e-08	2.7777777777777776e-15
1989148947	28	50	0	0	0	2.2612001392899299	2.2612000000000014	2.2612000000000014	2.2612001392899328e-06	1
2017972570	62	10	2	0	0	1.0336001455308463	1.0335999999999996	1.2359999999999998	1.0336001455308463e-06	2.7777777777777779e-13
2146302714	25	100	0	0	0	2.5384001563654524	2.5384000000000029	2.5384000000000029	2.5384001563654522e-06	1
2154149284	1	100	1	0	0	2.3800001466080114	2.3800000000000017	2.5032000000000019	2.3800001466080095e-06	2.7777777777777777e-12
2159821955	47	20	0	0	0	1.865200114896328	1.8652000000000009	1.8652000000000009	1.8652001148963266e-06	1
2191100135	7	1	0	0	0	0.081200004839520279	0.081199999999999994	0.081199999999999994	8.1200004839520388e-08	1
2274037120	12	20	0	0	0	1.3900000856240051	1.3899999999999999	1.3899999999999999	1.3900000856240037e-06	1
2307136967	45	20	0	0	0	1.8256001124569678	1.8256000000000008	1.8256000000000008	1.8256001124569649e-06	1
2311517291	2	1000	0	0	0	2.9344001807594093	2.9344000000000028	2.9344000000000028	2.9344001807594108e-06	1
2429429955	70	20	2	0	0	2.0236005253261879	2.0236000000000014	2.3448000000000015	2.0236005253261891e-06	5.5555555555555559e-13
2491707968	8	5	0	0	0	0.27920001664032096	0.2792	0.2792	2.7920001664032114e-07	1
2675449347	14	10	0	0	0	0.39800002372080145	0.39800000000000002	0.39800000000000002	3.9800002372080187e-07	1
2848729099	39	10	0	0	0	0.6376000392761626	0.63760000000000017	0.63760000000000017	6.3760003927616268e-07	1
2859258151	10	100	0	0	0	2.4196001490473713	2.4196000000000017	2.4196000000000017	2.4196001490473708e-06	1
2927365750	38	20	1	0	0	1.7068001051388868	1.7068000000000005	1.8300000000000005	1.7068001051388882e-06	5.5555555555555559e-13
2941132395	30	100	0	0	0	2.6176001612441731	2.617600000000003	2.617600000000003	2.6176001612441727e-06	1
2978087908	52	10	0	0	0	0.83560005147296323	0.8355999999999999	0.8355999999999999	8.3560005147296389e-07	1
3174887878	36	1000	0	0	0	3.0136004243145496	3.0136000000000029	3.0136000000000029	3.0136004243145509e-06	1
3188034279	23	20	0	0	0	1.5880000978208062	1.5880000000000003	1.5880000000000003	1.5880000978208062e-06	1
3204798526	46	100	0	0	0	2.7364001685622541	2.7364000000000033	2.7364000000000033	2.7364001685622545e-06	1
3230879472	72	100	0	0	0	2.8948001783196942	2.8948000000000027	2.8948000000000027	2.8948001783196946e-06	1
3423264874	38	20	0	0	0	1.7068001051388868	1.7068000000000005	1.7068000000000005	1.7068001051388882e-06	1
3551792497	32	2	0	0	0	0.20000001192000072	0.20000000000000001	0.20000000000000001	2.000000119200006e-07	1
3625390480	40	20	0	0	0	1.7464001075782474	1.7464000000000006	1.7464000000000006	1.7464001075782469e-06	1
3636696260	29	10	1	0	0	0.4772000284411218	0.47720000000000007	0.53680000000000005	4.772000284411218e-07	2.7777777777777779e-13
3649728832	43	10	0	0	0	0.67720004171552262	0.67720000000000002	0.67720000000000002	6.7720004171552292e-07	1
3752140456	9	10	1	0	0	0.35840002136064125	0.3584	0.41799999999999998	3.5840002136064138e-07	2.7777777777777779e-13
3812654856	5	20	0	0	0	1.3504000831846448	1.3503999999999998	1.3503999999999998	1.3504000831846432e-06	1
3854728976	0	100	1	0	0	2.3404001441686506	2.3404000000000016	2.4636000000000018	2.3404001441686512e-06	2.7777777777777777e-12
3864765852	56	10	0	0	0	0.91480005635168338	0.91479999999999984	0.91479999999999984	9.1480005635168311e-07	1
3937578856	66	1000	0	0	0	3.0136004243145496	3.0136000000000029	3.0136000000000029	3.0136004243145509e-06	1
3938549977	55	2	2	0	0	0.23960001428016087	0.23960000000000001	0.29920000000000002	2.3960001428016065e-07	5.5555555555555549e-14
3963356526	53	20	3	0	0	1.9048001173356883	1.9048000000000009	2.0280000000000009	1.904800117335689e-06	5.5555555555555561e-14
4027367060	61	10	1	0	0	0.99400013995516934	0.99399999999999977	1.1963999999999999	9.9400013995516931e-07	2.7777777777777779e-13
4034717903	13	2	0	0	0	0.16040000955984057	0.16039999999999999	0.16039999999999999	1.6040000955984078e-07	1
4046670480	71	10	0	0	0	1.2316000758665642	1.2315999999999996	1.2315999999999996	1.2316000758665648e-06	1
4129329740	26	100	0	0	0	2.5780001588048131	2.578000000000003	2.578000000000003	2.5780001588048122e-06	1
4160562849	19	1000	0	0	0	2.974000183198779	2.9740000000000029	2.9740000000000029	2.9740001831987802e-06	1
4167458285	34	10	0	0	0	0.51680003080128201	0.51680000000000015	0.51680000000000015	5.1680003080128202e-07	1
