base_bandwidth_utilization	0.20095119999999994
expected_bandwidth_utilization	0.20095128472082557

rounded_expected_bandwidth_utilization	0.40190240000000022

bandwidth_utilization_p99	0.20095120000000011

[frame_summary]
frame_id	priority	period_ms	deadline_ms	trans_time_ms	expected_retry_count	expected_tx_count	rounded_expected_retry_count	rounded_expected_tx_count	retry_p99	tx_count_p99	expected_wcrt_ms	p_timeout	wcrt_p95_ms
0	34	100	100	0.039600000000000003	1.5068000928188865e-06	1.0000015068000929	1	2	0	1	1.5068000928188858	0	1.5068000000000001
1	35	100	100	0.039600000000000003	1.5464000952582438e-06	1.0000015464000953	1	2	0	1	1.546400095258246	0	1.5464000000000002
2	4	10	10	0.039600000000000003	2.3960001428016065e-07	1.0000002396000143	1	2	0	1	0.23960001428016087	0	0.23960000000000001
3	36	100	100	0.039600000000000003	1.5860000983637385e-06	1.0000015860000984	1	2	0	1	1.5860000976976174	1.1102230246251565e-16	1.5860000000000003
4	5	10	10	0.039600000000000003	2.7920001664032114e-07	1.0000002792000167	1	2	0	1	0.27920001664032096	0	0.2792
5	37	100	100	0.039600000000000003	1.6256001008031013e-06	1.0000016256001008	1	2	0	1	1.6256001001369773	1.1102230246251565e-16	1.6256000000000002
6	20	20	20	0.039600000000000003	8.7320005204272406e-07	1.000000873200052	1	2	0	1	0.87320005204272311	0	0.87319999999999998
8	21	20	20	0.039600000000000003	9.1280005440288408e-07	1.0000009128000544	1	2	0	1	0.91280005440288314	0	0.91279999999999983
9	22	20	20	0.039600000000000003	9.524000567630838e-07	1.0000009524000568	1	2	0	1	0.9524000567630837	0	0.95239999999999991
10	23	20	20	0.039600000000000003	9.9200013768956906e-07	1.0000009920001376	1	2	0	1	0.99200013768956907	0	0.99199999999999977
11	6	10	10	0.039600000000000003	3.188000190004811e-07	1.0000003188000191	1	2	0	1	0.31880001900048111	0	0.31879999999999997
12	38	100	100	0.039600000000000003	1.665200102576326e-06	1.0000016652001025	1	2	0	1	1.6652001025763268	0	1.6652000000000005
13	7	10	10	0.039600000000000003	3.5840002136064138e-07	1.0000003584000214	1	2	0	1	0.35840002136064125	0	0.3584
14	2	2	2	0.039600000000000003	1.6040000955984078e-07	1.0000001604000095	1	2	0	1	0.16040000955984057	0	0.16039999999999999
15	24	20	20	0.039600000000000003	1.0316001431860461e-06	1.0000010316001431	1	2	0	1	1.0316001431860464	0	1.0315999999999999
16	39	100	100	0.039600000000000003	1.704800105015686e-06	1.0000017048001051	1	2	0	1	1.7048001050156869	0	1.7048000000000003
17	8	10	10	0.039600000000000003	3.9800002372080187e-07	1.0000003980000238	1	2	0	1	0.39800002372080145	0	0.39800000000000002
18	9	10	10	0.039600000000000003	4.3760002608096215e-07	1.000000437600026	1	2	0	1	0.4376000260809616	0	0.43760000000000004
19	40	100	100	0.039600000000000003	1.7444001074550475e-06	1.0000017444001075	1	2	0	1	1.7444001074550473	0	1.7444000000000006
20	10	10	10	0.039600000000000003	4.772000284411218e-07	1.0000004772000284	1	2	0	1	0.4772000284411218	0	0.47720000000000007
21	25	20	20	0.039600000000000003	1.1504000685638449e-06	1.0000011504000685	1	2	0	1	1.150400068563844	0	1.1503999999999999
22	3	5	5	0.039600000000000003	2.000000119200006e-07	1.0000002000000119	1	2	0	1	0.20000001192000072	0	0.20000000000000001
23	0	1	1	0.039600000000000003	8.1200004839520388e-08	1.0000000812000049	1	2	0	1	0.081200004839520279	0	0.081199999999999994
24	26	20	20	0.039600000000000003	1.1900000715901374e-06	1.0000011900000716	1	2	0	1	1.1900000709240062	1.1102230246251565e-16	1.1899999999999997
25	44	1000	1000	0.039600000000000003	1.9028001172124885e-06	1.0000019028001172	1	2	0	1	1.902800117212488	0	1.9028000000000009
26	11	10	10	0.039600000000000003	5.1680003080128202e-07	1.0000005168000308	1	2	0	1	0.51680003080128201	0	0.51680000000000015
27	27	20	20	0.039600000000000003	1.2296000732841641e-06	1.0000012296000733	1	2	0	1	1.2296000732841641	0	1.2295999999999996
28	41	100	100	0.039600000000000003	1.7840001098944095e-06	1.0000017840001099	1	2	0	1	1.7840001098944072	0	1.7840000000000005
29	12	10	10	0.039600000000000003	5.5640003316144225e-07	1.0000005564000332	1	2	0	1	0.55640003316144215	0	0.55640000000000012
30	1	1	1	0.039600000000000003	1.2080000719968042e-07	1.0000001208000071	1	2	0	1	0.12080000719968043	0	0.12079999999999999
31	28	20	20	0.039600000000000003	1.269200076310458e-06	1.0000012692000764	1	2	0	1	1.2692000756443262	1.1102230246251565e-16	1.2691999999999997
32	13	10	10	0.039600000000000003	5.9600003552160216e-07	1.0000005960000355	1	2	0	1	0.59600003552160219	0	0.59600000000000009
33	42	100	100	0.039600000000000003	1.8236001123337651e-06	1.0000018236001122	1	2	0	1	1.8236001123337677	0	1.8236000000000008
34	43	100	100	0.039600000000000003	1.8632001147731259e-06	1.0000018632001149	1	2	0	1	1.8632001147731279	0	1.8632000000000009
35	14	10	10	0.039600000000000003	6.356000378817626e-07	1.0000006356000379	1	2	0	1	0.63560003788176245	0	0.63560000000000016
36	15	10	10	0.039600000000000003	6.752000402419224e-07	1.0000006752000403	1	2	0	1	0.67520004024192248	0	0.67520000000000002
37	16	10	10	0.039600000000000003	7.1480004260208157e-07	1.0000007148000427	1	2	0	1	0.71480004260208263	0	0.7148000000000001
38	17	10	10	0.039600000000000003	7.5440004496224254e-07	1.0000007544000449	1	2	0	1	0.75440004496224278	0	0.75439999999999996
39	29	20	20	0.041599999999999998	1.308800081288217e-06	1.0000013088000812	1	2	0	1	1.3088000806220865	1.1102230246251565e-16	1.3087999999999997
40	30	20	20	0.039600000000000003	1.3484000830614432e-06	1.0000013484000831	1	2	0	1	1.3484000830614449	0	1.3483999999999998
42	31	20	20	0.039600000000000003	1.3880000855008058e-06	1.0000013880000855	1	2	0	1	1.3880000855008054	0	1.3879999999999999
43	18	10	10	0.039600000000000003	7.9400004732240329e-07	1.0000007940000473	1	2	0	1	0.79400004732240281	0	0.79400000000000004
44	19	10	10	0.039600000000000003	8.3360004968256246e-07	1.0000008336000497	1	2	0	1	0.83360004968256285	0	0.8335999999999999
45	45	1000	1000	0.039600000000000003	1.9028001172124885e-06	1.0000019028001172	1	2	0	1	1.9028001172124882	0	1.9028000000000012
46	32	20	20	0.039600000000000003	1.427600087940165e-06	1.0000014276000879	1	2	0	1	1.4276000879401654	0	1.4276
47	33	50	50	0.039600000000000003	1.4672000903795267e-06	1.0000014672000903	1	2	0	1	1.4672000903795257	0	1.4672000000000001

[frame_retry_distribution]
frame_id	retry_count	probability
0	0	0.99999849320113521
0	1	1.506797636736734e-06
0	2	1.2280399982931721e-12
0	3	7.1861946968360981e-19
0	4	3.3832804121537509e-25
0	5	1.3620364853356297e-31
1	0	0.99999845360119566
1	1	1.5463975133907972e-06
1	2	1.2909325646571904e-12
1	3	7.7243923602137188e-19
1	4	3.7128324512278859e-25
1	5	1.5238897462260881e-31
2	0	0.99999976040002869
2	1	2.3959992831169055e-07
2	2	4.2984224577257443e-14
2	3	6.9906689044368517e-21
2	4	1.0903327429541568e-27
2	5	1.6677940308973636e-34
3	0	0.99999841400125766
3	1	1.5859973869085512e-06
3	2	1.3553932833598207e-12
3	3	8.2887719339630091e-19
3	4	4.0658560146899657e-25
3	5	1.7007524172166625e-31
3	6	1.1102230246251565e-16
4	0	0.99999972080003896
4	1	2.7919990540705617e-07
4	2	5.5616617842335139e-14
4	3	9.7610136627880633e-21
4	4	1.6131945660044092e-27
4	5	2.582493569208251e-34
5	0	0.99999837440132122
5	1	1.6255972572899951e-06
5	2	1.4214221542147676e-12
5	3	8.8799544052093843e-19
5	4	4.4434384535874513e-25
5	5	1.8936435777533617e-31
5	6	1.1102230246251565e-16
6	0	0.99999912680038128
6	1	8.7319918547942083e-07
6	2	4.3328141001131601e-13
6	3	1.6106213993973804e-19
6	4	6.2730520017078592e-26
6	5	1.8915045282492749e-32
8	0	0.99999908720041664
8	1	9.1279911239371248e-07
8	2	4.7100431392329771e-13
8	3	1.8128043161807994e-19
8	4	7.2382549482928864e-26
8	5	2.236855906947618e-32
9	0	0.99999904760045366
9	1	9.5239903617168773e-07
9	2	5.1029533275179284e-13
9	3	2.4353244880147887e-19
9	4	8.7103677776011348e-26
9	5	2.6752607906891805e-32
10	0	0.99999900800049213
10	1	9.9199887824703393e-07
10	2	6.2972085037985468e-13
10	3	2.7807934093394044e-19
10	4	1.0014205798906439e-25
10	5	3.1359661815300678e-32
11	0	0.99999968120005089
11	1	3.1879987936610279e-07
11	2	6.9817169420073188e-14
11	3	1.3156112834849957e-20
11	4	2.2979477640940791e-27
11	5	3.8451589915230027e-34
12	0	0.99999833480138645
12	1	1.6651971245351223e-06
12	2	1.489019177035724e-12
12	3	9.4985607609796907e-19
12	4	4.8466917100062759e-25
12	5	2.1036273680675006e-31
13	0	0.99999964160006427
13	1	3.583998501888314e-07
13	2	8.5585879124174351e-14
13	3	1.7238065449042127e-20
13	4	3.1742632674636543e-27
13	5	5.5444797743965633e-34
14	0	0.99999983960001293
14	1	1.6039996471200407e-07
14	2	2.2423913730272827e-14
14	3	3.0758464660060318e-21
14	4	4.2389510153513236e-28
14	5	5.9020297401530198e-35
15	0	0.99999896840053215
15	1	1.0315987926160664e-06
15	2	6.7528452939951914e-13
15	3	3.0701031130058173e-19
15	4	1.1356616009107586e-25
15	5	3.64495608058857e-32
16	0	0.99999829520145322
16	1	1.7047969886439391e-06
16	2	1.5581843516364028e-12
16	3	1.0145211988202632e-18
16	4	5.2767523170662604e-25
16	5	2.3318139629790918e-31
17	0	0.99999960200007931
17	1	3.9799981787524212e-07
17	2	1.0292274676834171e-13
17	3	2.2068970523947491e-20
17	4	4.2742711258743244e-27
17	5	7.7828476223036369e-34
18	0	0.9999995624000958
18	1	4.3759978242533469e-07
18	2	1.2182777216627774e-13
18	3	2.7710927068312754e-20
18	4	5.632560508121164e-27
18	5	1.0677330278310609e-33
19	0	0.99999825560152156
19	1	1.7443968496164457e-06
19	2	1.6289176778305076e-12
19	3	1.0820529073708517e-18
19	4	5.734781398916094e-25
19	5	2.5793605456998187e-31
20	0	0.99999952280011395
20	1	4.7719974383910883e-07
20	2	1.4230095513168524e-13
20	3	3.4226034081047674e-20
20	4	7.2861797015460825e-27
20	5	1.436064533451611e-33
21	0	0.99999884960066177
21	1	1.1503986080168429e-06
21	2	7.3027299284482125e-13
21	3	3.387487572441866e-19
21	4	1.2839737698618364e-25
21	5	4.2191127551941856e-32
22	0	0.99999980000001998
22	1	1.9999994808000664e-07
22	2	3.191998981113763e-14
22	3	4.782979521540349e-21
22	4	7.0215048471049405e-28
22	5	1.025099317051922e-34
23	0	0.99999991880000338
23	1	8.1199988567040908e-08
23	2	8.1362383694976496e-15
23	3	9.1485309547149399e-22
23	4	1.1044980683036896e-28
23	5	1.3990974672351706e-35
24	0	0.999998810000708
24	1	1.1899985129769286e-06
24	2	7.7897298016790727e-13
24	3	3.7159949028760228e-19
24	4	1.445055821456518e-25
24	5	4.8615735970798724e-32
24	6	1.1102230246251565e-16
25	0	0.99999809720181032
25	1	1.9027962621433527e-06
25	2	1.9275324948152188e-12
25	3	1.3820874089803167e-18
25	4	9.5125844486153232e-25
25	5	4.9216964765871362e-31
25	6	1.6813556445507379e-37
26	0	0.99999948320013354
26	1	5.1679970211656597e-07
26	2	1.6434229547826706e-13
26	3	4.1676390551226183e-20
26	4	9.2746361115511379e-27
26	5	1.8982134042260171e-33
27	0	0.99999877040075602
27	1	1.2295984148007015e-06
27	2	8.2924112151882165e-13
27	3	4.0650325290974808e-19
27	4	1.6208026645212719e-25
27	5	5.5798254816881814e-32
28	0	0.99999821600159133
28	1	1.7839967074526411e-06
28	2	1.7012191554317389e-12
28	3	1.1525133004229176e-18
28	4	6.2219646707283459e-25
28	5	2.8474715535716224e-31
28	6	1.1940038655166583e-37
29	0	0.9999994436001548
29	1	5.5639965725770586e-07
29	2	1.8795179301972609e-13
29	3	5.0124095458084903e-20
29	4	1.1639896261111316e-26
29	5	2.4708735122101945e-33
30	0	0.99999987920000732
30	1	1.2079997820768194e-07
30	2	1.4495996520960393e-14
30	3	1.8071706799049136e-21
30	4	2.3327302467124744e-28
30	5	3.0967934264666627e-35
31	0	0.99999873080080537
31	1	1.2691983134881603e-06
31	2	8.81077416711266e-13
31	3	4.4352214391280334e-19
31	4	1.8120766046163856e-25
31	5	6.3803705532943421e-32
31	6	1.1102230246251565e-16
32	0	0.99999940400017762
32	1	5.9599960926252807e-07
32	2	2.1312944756976477e-13
32	3	5.9631247771024665e-20
32	4	1.442638579028798e-26
32	5	3.1725958573566153e-33
33	0	0.99999817640166277
33	1	1.8235965621525187e-06
33	2	1.7750887842537943e-12
33	3	1.2259644766398082e-18
33	4	6.7395116380407794e-25
33	5	3.938056460855391e-31
33	6	1.3414586410801309e-37
34	0	0.99999813680173577
34	1	1.8631964137160904e-06
34	2	1.8505265641103864e-12
34	3	1.3024683799417897e-18
34	4	8.8359910741839755e-25
34	5	4.5035765775635096e-31
34	6	1.5035365323170434e-37
35	0	0.9999993644002021
35	1	6.3559955813103386e-07
35	2	2.3987525894208659e-13
35	3	7.0259946449609729e-20
35	4	1.7680989455741812e-26
35	5	4.023885948465839e-33
36	0	0.99999932480022802
36	1	6.751995038632223e-07
36	2	2.6818922695039363e-13
36	3	8.2072290443567214e-20
36	4	2.1453051130245582e-26
36	5	5.047301184114793e-33
37	0	0.99999928520025549
37	1	7.1479944645909336e-07
37	2	2.9807135140838943e-13
37	3	9.5130378692789118e-20
37	4	2.5794373802198107e-26
37	5	6.2675482335621441e-33
38	0	0.99999924560028464
38	1	7.5439938591864982e-07
38	2	3.2952163212977724e-13
38	3	1.094963101273292e-19
38	4	3.075921957513617e-26
38	5	7.711580417630225e-33
39	0	0.99999869120085638
39	1	1.3087982064217071e-06
39	2	9.3709945807261574e-13
39	3	4.8662004792508662e-19
39	4	2.0512571692592609e-25
39	5	7.4527510745662524e-32
39	6	1.1102230246251565e-16
40	0	0.99999865160090906
40	1	1.3483980987573385e-06
40	2	9.921512599491322e-13
40	3	5.2828034010929409e-19
40	4	2.2789011654125827e-25
40	5	8.4585854833724504e-32
42	0	0.9999986120009634
42	1	1.3879979879566588e-06
42	2	1.0487712150957464e-12
42	3	5.7224832962045412e-19
42	4	2.5249487964663974e-25
42	5	9.569978307091351e-32
43	0	0.99999920600031522
43	1	7.9399932224188976e-07
43	2	3.6254006892825932e-13
43	3	1.252321836674062e-19
43	4	3.6404309667248718e-26
43	5	9.4086950895640422e-33
44	0	0.99999916640034747
44	1	8.3359925542881202e-07
44	2	3.9712666161753605e-13
44	3	1.4240009822340047e-19
44	4	4.2788821022014008e-26
44	5	1.4779505640810639e-32
45	0	0.99999809720181032
45	1	1.9027962621433527e-06
45	2	1.9275324948152188e-12
45	3	1.3820874089803161e-18
45	4	9.5125844486153177e-25
45	5	4.9216964765871336e-31
45	6	1.6813556445507364e-37
46	0	0.99999857240101908
46	1	1.4275978740196624e-06
46	2	1.1069593233261493e-12
46	3	6.1858611522027706e-19
46	4	2.7903644582019779e-25
46	5	1.0795013371763004e-31
47	0	0.99999853280107631
47	1	1.4671977569463558e-06
47	2	1.1667155844540609e-12
47	3	6.6735579566065041e-19
47	4	3.0761371374636606e-25
47	5	1.214217642081093e-31

[frame_retry_cdf]
frame_id	retry_count	cumulative_probability
0	0	0.99999849320113521
0	1	0.99999999999877198
0	2	1
0	3	1
0	4	1
0	5	1
1	0	0.99999845360119566
1	1	0.99999999999870903
1	2	1
1	3	1
1	4	1
1	5	1
2	0	0.99999976040002869
2	1	0.99999999999995703
2	2	1
2	3	1
2	4	1
2	5	1
3	0	0.99999841400125766
3	1	0.99999999999864453
3	2	0.99999999999999989
3	3	0.99999999999999989
3	4	0.99999999999999989
3	5	0.99999999999999989
3	6	1
4	0	0.99999972080003896
4	1	0.99999999999994438
4	2	1
4	3	1
4	4	1
4	5	1
5	0	0.99999837440132122
5	1	0.99999999999857847
5	2	0.99999999999999989
5	3	0.99999999999999989
5	4	0.99999999999999989
5	5	0.99999999999999989
5	6	1
6	0	0.99999912680038128
6	1	0.99999999999956679
6	2	1
6	3	1
6	4	1
6	5	1
8	0	0.99999908720041664
8	1	0.99999999999952904
8	2	1
8	3	1
8	4	1
8	5	1
9	0	0.99999904760045366
9	1	0.99999999999948985
9	2	1
9	3	1
9	4	1
9	5	1
10	0	0.99999900800049213
10	1	0.99999999999937039
10	2	1
10	3	1
10	4	1
10	5	1
11	0	0.99999968120005089
11	1	0.99999999999993028
11	2	1
11	3	1
11	4	1
11	5	1
12	0	0.99999833480138645
12	1	0.99999999999851097
12	2	1
12	3	1
12	4	1
12	5	1
13	0	0.99999964160006427
13	1	0.99999999999991451
13	2	1
13	3	1
13	4	1
13	5	1
14	0	0.99999983960001293
14	1	0.99999999999997768
14	2	1
14	3	1
14	4	1
14	5	1
15	0	0.99999896840053215
15	1	0.99999999999932476
15	2	1
15	3	1
15	4	1
15	5	1
16	0	0.99999829520145322
16	1	0.99999999999844191
16	2	1
16	3	1
16	4	1
16	5	1
17	0	0.99999960200007931
17	1	0.99999999999989719
17	2	1
17	3	1
17	4	1
17	5	1
18	0	0.9999995624000958
18	1	0.99999999999987821
18	2	1
18	3	1
18	4	1
18	5	1
19	0	0.99999825560152156
19	1	0.99999999999837119
19	2	1
19	3	1
19	4	1
19	5	1
20	0	0.99999952280011395
20	1	0.99999999999985778
20	2	1
20	3	1
20	4	1
20	5	1
21	0	0.99999884960066177
21	1	0.99999999999926981
21	2	1
21	3	1
21	4	1
21	5	1
22	0	0.99999980000001998
22	1	0.99999999999996803
22	2	1
22	3	1
22	4	1
22	5	1
23	0	0.99999991880000338
23	1	0.99999999999999201
23	2	1
23	3	1
23	4	1
23	5	1
24	0	0.999998810000708
24	1	0.99999999999922096
24	2	0.99999999999999989
24	3	0.99999999999999989
24	4	0.99999999999999989
24	5	0.99999999999999989
24	6	1
25	0	0.99999809720181032
25	1	0.99999999999807243
25	2	1
25	3	1
25	4	1
25	5	1
25	6	1
26	0	0.99999948320013354
26	1	0.99999999999983569
26	2	1
26	3	1
26	4	1
26	5	1
27	0	0.99999877040075602
27	1	0.99999999999917077
27	2	1
27	3	1
27	4	1
27	5	1
28	0	0.99999821600159133
28	1	0.99999999999829881
28	2	1
28	3	1
28	4	1
28	5	1
28	6	1
29	0	0.9999994436001548
29	1	0.99999999999981204
29	2	1
29	3	1
29	4	1
29	5	1
30	0	0.99999987920000732
30	1	0.99999999999998557
30	2	1
30	3	1
30	4	1
30	5	1
31	0	0.99999873080080537
31	1	0.99999999999911882
31	2	0.99999999999999989
31	3	0.99999999999999989
31	4	0.99999999999999989
31	5	0.99999999999999989
31	6	1
32	0	0.99999940400017762
32	1	0.99999999999978684
32	2	1
32	3	1
32	4	1
32	5	1
33	0	0.99999817640166277
33	1	0.99999999999822498
33	2	1
33	3	1
33	4	1
33	5	1
33	6	1
34	0	0.99999813680173577
34	1	0.99999999999814948
34	2	1
34	3	1
34	4	1
34	5	1
34	6	1
35	0	0.9999993644002021
35	1	0.99999999999976019
35	2	1
35	3	1
35	4	1
35	5	1
36	0	0.99999932480022802
36	1	0.99999999999973188
36	2	1
36	3	1
36	4	1
36	5	1
37	0	0.99999928520025549
37	1	0.99999999999970191
37	2	1
37	3	1
37	4	1
37	5	1
38	0	0.99999924560028464
38	1	0.9999999999996706
38	2	1
38	3	1
38	4	1
38	5	1
39	0	0.99999869120085638
39	1	0.99999999999906275
39	2	0.99999999999999989
39	3	0.99999999999999989
39	4	0.99999999999999989
39	5	0.99999999999999989
39	6	1
40	0	0.99999865160090906
40	1	0.99999999999900779
40	2	1
40	3	1
40	4	1
40	5	1
42	0	0.9999986120009634
42	1	0.99999999999895139
42	2	1
42	3	1
42	4	1
42	5	1
43	0	0.99999920600031522
43	1	0.99999999999963751
43	2	1
43	3	1
43	4	1
43	5	1
44	0	0.99999916640034747
44	1	0.99999999999960287
44	2	1
44	3	1
44	4	1
44	5	1
45	0	0.99999809720181032
45	1	0.99999999999807243
45	2	1
45	3	1
45	4	1
45	5	1
45	6	1
46	0	0.99999857240101908
46	1	0.99999999999889311
46	2	1
46	3	1
46	4	1
46	5	1
47	0	0.99999853280107631
47	1	0.99999999999883327
47	2	1
47	3	1
47	4	1
47	5	1

[frame_wcrt_distribution]
frame_id	response_time_ms	probability
0	1.5068000000000001	0.99999849320113521
0	1.5684000000000002	1.506797636736734e-06
0	1.6300000000000001	1.2280399982931721e-12
0	1.6916000000000002	7.1861946968360981e-19
0	1.7356000000000005	8.1151147711214807e-40
0	1.7532000000000001	3.3832804121537509e-25
0	1.8148000000000002	1.362036477220515e-31
1	1.5464000000000002	0.99999845360119566
1	1.6080000000000003	1.5463975133907972e-06
1	1.6696000000000002	1.2909325646571904e-12
1	1.7312000000000003	7.7243923602137188e-19
1	1.7752000000000006	8.1151147711214807e-40
1	1.7928000000000002	3.7128324512278859e-25
1	1.8544000000000003	1.5238897381109734e-31
2	0.23960000000000001	0.99999976040002869
2	0.29920000000000002	2.3959992831169055e-07
2	0.35880000000000001	4.2984224577257443e-14
2	0.41839999999999999	6.9906689044368517e-21
2	0.47799999999999998	1.0903327429541568e-27
2	0.53759999999999997	1.6677940308973636e-34
3	1.5860000000000003	0.99999841400125766
3	1.6476000000000004	1.5859973869085512e-06
3	1.7092000000000003	1.3553932833598207e-12
3	1.7708000000000004	8.2887719339630091e-19
3	1.8148000000000006	8.1151147711214807e-40
3	1.8324000000000003	4.0658560146899657e-25
3	1.8940000000000003	1.7007524091015478e-31
3	100.0616	1.1102230246251565e-16
4	0.2792	0.99999972080003896
4	0.33879999999999999	2.7919990540705617e-07
4	0.39839999999999998	5.5616617842335139e-14
4	0.45800000000000002	9.7610136627880633e-21
4	0.51760000000000006	1.6131945660044092e-27
4	0.57719999999999994	2.582493569208251e-34
5	1.6256000000000002	0.99999837440132122
5	1.6872000000000003	1.6255972572899951e-06
5	1.7488000000000001	1.4214221542147676e-12
5	1.8104000000000002	8.8799544052093843e-19
5	1.8544000000000005	8.1151147711214807e-40
5	1.8720000000000001	4.4434384535874513e-25
5	1.9336000000000002	1.8936435696382467e-31
5	100.0616	1.1102230246251565e-16
6	0.87319999999999998	0.99999912680038128
6	0.93279999999999996	8.7319918547942083e-07
6	0.99239999999999995	4.3328141001131601e-13
6	1.1312000000000002	1.6106213993973804e-19
6	1.1712	4.6191054310617037e-33
6	1.1908000000000001	6.2730520017078592e-26
6	1.2504000000000002	1.4295939851431047e-32
8	0.91279999999999983	0.99999908720041664
8	0.97239999999999982	9.1279911239371248e-07
8	1.0319999999999998	4.7100431392329771e-13
8	1.1708000000000001	1.8128043161807994e-19
8	1.2107999999999999	5.7186084964003621e-33
8	1.2303999999999999	7.2382549482928864e-26
8	1.29	1.6649950573075823e-32
9	0.95239999999999991	0.99999904760045366
9	1.012	9.5239903617168773e-07
9	1.1508	5.1029533275179284e-13
9	1.2104000000000001	2.4353244880147887e-19
9	1.2504	6.7564836537347689e-33
9	1.27	8.7103677776011348e-26
9	1.3296000000000001	1.9996124253157032e-32
10	0.99199999999999977	0.99999900800049213
10	1.1308	9.9199887824703393e-07
10	1.1903999999999999	6.2972085037985468e-13
10	1.25	2.7807934093394044e-19
10	1.2899999999999998	6.5300320188778874e-33
10	1.3095999999999999	1.0014205798906439e-25
10	1.3692	2.4829629796422784e-32
11	0.31879999999999997	0.99999968120005089
11	0.37839999999999996	3.1879987936610279e-07
11	0.43799999999999994	6.9817169420073188e-14
11	0.49759999999999999	1.3156112834849957e-20
11	0.55719999999999992	2.2979477640940791e-27
11	0.61680000000000001	3.8451589915230027e-34
12	1.6652000000000005	0.99999833480138645
12	1.7268000000000006	1.6651971245351223e-06
12	1.7884000000000004	1.489019177035724e-12
12	1.8500000000000005	9.4985607609796907e-19
12	1.8940000000000008	8.1151147711214807e-40
12	1.9116000000000004	4.8466917100062759e-25
12	1.9732000000000005	2.1036273599523854e-31
13	0.3584	0.99999964160006427
13	0.41799999999999998	3.583998501888314e-07
13	0.47760000000000002	8.5585879124174351e-14
13	0.53720000000000001	1.7238065449042127e-20
13	0.5968	3.1742632674636543e-27
13	0.65639999999999998	5.5444797743965633e-34
14	0.16039999999999999	0.99999983960001293
14	0.21999999999999997	1.6039996471200407e-07
14	0.27959999999999996	2.2423913730272827e-14
14	0.3392	3.0758464660060318e-21
14	0.39879999999999999	4.2389510153513236e-28
14	0.45839999999999997	5.9020297401530198e-35
15	1.0315999999999999	0.99999896840053215
15	1.1703999999999999	1.0315987926160664e-06
15	1.2299999999999998	6.7528452939951914e-13
15	1.2895999999999999	3.0701031130058173e-19
15	1.3295999999999999	8.0052833903180064e-33
15	1.3491999999999997	1.1356616009107586e-25
15	1.4087999999999998	2.8444277415567683e-32
16	1.7048000000000003	0.99999829520145322
16	1.7664000000000004	1.7047969886439391e-06
16	1.8280000000000003	1.5581843516364028e-12
16	1.8896000000000004	1.0145211988202632e-18
16	1.9336000000000007	8.1151147711214807e-40
16	1.9512000000000003	5.2767523170662604e-25
16	2.0128000000000004	2.3318139548639771e-31
17	0.39800000000000002	0.99999960200007931
17	0.45760000000000001	3.9799981787524212e-07
17	0.51719999999999999	1.0292274676834171e-13
17	0.57679999999999998	2.2068970523947491e-20
17	0.63640000000000008	4.2742711258743244e-27
17	0.69599999999999995	7.7828476223036369e-34
18	0.43760000000000004	0.9999995624000958
18	0.49720000000000003	4.3759978242533469e-07
18	0.55680000000000007	1.2182777216627774e-13
18	0.61640000000000006	2.7710927068312754e-20
18	0.67600000000000005	5.632560508121164e-27
18	0.73560000000000003	1.0677330278310609e-33
19	1.7444000000000006	0.99999825560152156
19	1.8060000000000007	1.7443968496164457e-06
19	1.8676000000000006	1.6289176778305076e-12
19	1.9292000000000007	1.0820529073708517e-18
19	1.973200000000001	8.1151147711214807e-40
19	1.9908000000000006	5.734781398916094e-25
19	2.0524000000000004	2.579360537584704e-31
20	0.47720000000000007	0.99999952280011395
20	0.53680000000000005	4.7719974383910883e-07
20	0.59640000000000004	1.4230095513168524e-13
20	0.65600000000000014	3.4226034081047674e-20
20	0.71560000000000001	7.2861797015460825e-27
20	0.77520000000000011	1.436064533451611e-33
21	1.1503999999999999	0.99999884960066177
21	1.21	1.1503986080168429e-06
21	1.2695999999999998	7.3027299284482125e-13
21	1.3291999999999999	3.387487572441866e-19
21	1.3691999999999998	8.1151147711214807e-40
21	1.3887999999999998	1.2839737698618364e-25
21	1.4483999999999999	4.2191126740430385e-32
22	0.20000000000000001	0.99999980000001998
22	0.2596	1.9999994808000664e-07
22	0.31920000000000004	3.191998981113763e-14
22	0.37880000000000003	4.782979521540349e-21
22	0.43840000000000001	7.0215048471049405e-28
22	0.498	1.025099317051922e-34
23	0.081199999999999994	0.99999991880000338
23	0.14079999999999998	8.1199988567040908e-08
23	0.20039999999999999	8.1362383694976496e-15
23	0.26000000000000001	9.1485309547149399e-22
23	0.3196	1.1044980683036896e-28
23	0.37919999999999998	1.3990974672351706e-35
24	1.1899999999999997	0.999998810000708
24	1.2495999999999998	1.1899985129769286e-06
24	1.3091999999999997	7.7897298016790727e-13
24	1.3687999999999998	3.7159949028760228e-19
24	1.4087999999999998	8.1151147711214807e-40
24	1.4283999999999997	1.445055821456518e-25
24	1.4879999999999998	4.8615735159287253e-32
24	20.0596	1.1102230246251565e-16
25	1.9028000000000009	0.99999809720181032
25	1.964400000000001	1.9027962621433527e-06
25	2.0260000000000011	1.9275324948152188e-12
25	2.131600000000001	8.1151147711214807e-40
25	2.2064000000000012	1.3820874089803167e-18
25	2.2108000000000008	2.2344217340600634e-32
25	2.2680000000000011	9.5125844486153232e-25
25	2.2724000000000011	4.4775022404169147e-38
25	2.329600000000001	4.6982542950660152e-31
25	2.3912000000000013	1.2336054205090464e-37
26	0.51680000000000015	0.99999948320013354
26	0.57640000000000013	5.1679970211656597e-07
26	0.63600000000000012	1.6434229547826706e-13
26	0.69560000000000022	4.1676390551226183e-20
26	0.75520000000000009	9.2746361115511379e-27
26	0.81480000000000019	1.8982134042260171e-33
27	1.2295999999999996	0.99999877040075602
27	1.2891999999999997	1.2295984148007015e-06
27	1.3487999999999996	8.2924112151882165e-13
27	1.4083999999999997	4.0650325290974808e-19
27	1.4483999999999999	8.1151147711214807e-40
27	1.4679999999999995	1.6208026645212719e-25
27	1.5275999999999996	5.5798254005370343e-32
28	1.7840000000000005	0.99999821600159133
28	1.8456000000000006	1.7839967074526411e-06
28	1.9072000000000005	1.7012191554317389e-12
28	1.9688000000000005	1.1525133004229176e-18
28	2.0128000000000008	8.1151147711214807e-40
28	2.0304000000000006	6.2219646707283459e-25
28	2.0920000000000005	7.3737896987463435e-32
28	2.1536000000000004	4.6593959891493224e-38
28	2.2108000000000003	2.1100925755818734e-31
28	2.2724000000000006	7.2806426660172637e-38
29	0.55640000000000012	0.9999994436001548
29	0.6160000000000001	5.5639965725770586e-07
29	0.67560000000000009	1.8795179301972609e-13
29	0.73520000000000008	5.0124095458084903e-20
29	0.79480000000000017	1.1639896261111316e-26
29	0.85440000000000005	2.4708735122101945e-33
30	0.12079999999999999	0.99999987920000732
30	0.1804	1.2079997820768194e-07
30	0.23999999999999999	1.4495996520960393e-14
30	0.29959999999999998	1.8071706799049136e-21
30	0.35919999999999996	2.3327302467124744e-28
30	0.41879999999999995	3.0967934264666627e-35
31	1.2691999999999997	0.99999873080080537
31	1.3287999999999998	1.2691983134881603e-06
31	1.3883999999999996	8.81077416711266e-13
31	1.4479999999999997	4.4352214391280334e-19
31	1.488	8.1151147711214807e-40
31	1.5075999999999996	1.8120766046163856e-25
31	1.5671999999999997	6.380370472143195e-32
31	20.0596	1.1102230246251565e-16
32	0.59600000000000009	0.99999940400017762
32	0.65560000000000007	5.9599960926252807e-07
32	0.71520000000000006	2.1312944756976477e-13
32	0.77480000000000016	5.9631247771024665e-20
32	0.83440000000000003	1.442638579028798e-26
32	0.89400000000000013	3.1725958573566153e-33
33	1.8236000000000008	0.99999817640166277
33	1.8852000000000009	1.8235965621525187e-06
33	1.9468000000000008	1.7750887842537943e-12
33	2.0084000000000009	1.2259644766398082e-18
33	2.0524000000000009	8.1151147711214807e-40
33	2.1316000000000006	4.9754838466290338e-32
33	2.188800000000001	6.7395116380407794e-25
33	2.1932000000000009	3.4096308843969006e-38
33	2.2504000000000008	3.4405080680773725e-31
33	2.3120000000000007	1.0004955526404411e-37
34	1.8632000000000009	0.99999813680173577
34	1.924800000000001	1.8631964137160904e-06
34	1.9864000000000008	1.8505265641103864e-12
34	2.092000000000001	8.1151147711214807e-40
34	2.1668000000000007	1.3024683799417897e-18
34	2.1712000000000007	2.0599256874662562e-32
34	2.228400000000001	8.8359910741839755e-25
34	2.232800000000001	3.9133004855968846e-38
34	2.2900000000000009	4.2975840007017695e-31
34	2.3516000000000008	1.112206483757355e-37
35	0.63560000000000016	0.9999993644002021
35	0.69520000000000015	6.3559955813103386e-07
35	0.75480000000000014	2.3987525894208659e-13
35	0.81440000000000023	7.0259946449609729e-20
35	0.87400000000000011	1.7680989455741812e-26
35	0.93360000000000021	4.023885948465839e-33
36	0.67520000000000002	0.99999932480022802
36	0.73480000000000001	6.751995038632223e-07
36	0.7944	2.6818922695039363e-13
36	0.85400000000000009	8.2072290443567214e-20
36	0.91359999999999997	2.1453051130245582e-26
36	0.97320000000000007	5.047301184114793e-33
37	0.7148000000000001	0.99999928520025549
37	0.77440000000000009	7.1479944645909336e-07
37	0.83400000000000007	2.9807135140838943e-13
37	0.89360000000000017	9.5130378692789118e-20
37	0.95320000000000005	2.5794373802198107e-26
37	1.0128000000000001	6.2675482335621441e-33
38	0.75439999999999996	0.99999924560028464
38	0.81399999999999995	7.5439938591864982e-07
38	0.87359999999999993	3.2952163212977724e-13
38	0.93320000000000003	1.094963101273292e-19
38	0.9927999999999999	3.075921957513617e-26
38	1.0524	7.711580417630225e-33
39	1.3087999999999997	0.99999869120085638
39	1.3703999999999998	1.3087982064217071e-06
39	1.4319999999999997	9.3709945807261574e-13
39	1.4935999999999998	4.8662004792508662e-19
39	1.5376000000000001	1.0382104335251053e-39
39	1.5551999999999997	2.0512571692592609e-25
39	1.6167999999999998	7.4527509707452096e-32
39	20.061599999999999	1.1102230246251565e-16
40	1.3483999999999998	0.99999865160090906
40	1.4099999999999999	1.3483980987573385e-06
40	1.4715999999999998	9.921512599491322e-13
40	1.5331999999999999	5.2828034010929409e-19
40	1.5772000000000002	8.1151147711214807e-40
40	1.5947999999999998	2.2789011654125827e-25
40	1.6563999999999999	8.4585854022213033e-32
42	1.3879999999999999	0.9999986120009634
42	1.4496	1.3879979879566588e-06
42	1.5111999999999999	1.0487712150957464e-12
42	1.5728	5.7224832962045412e-19
42	1.6168000000000002	8.1151147711214807e-40
42	1.6343999999999999	2.5249487964663974e-25
42	1.696	9.5699782259402039e-32
43	0.79400000000000004	0.99999920600031522
43	0.85360000000000003	7.9399932224188976e-07
43	0.91320000000000001	3.6254006892825932e-13
43	0.97280000000000011	1.252321836674062e-19
43	1.0324	3.6404309667248718e-26
43	1.0920000000000001	9.4086950895640422e-33
44	0.8335999999999999	0.99999916640034747
44	0.89319999999999988	8.3359925542881202e-07
44	0.95279999999999987	3.9712666161753605e-13
44	1.0124	1.4240009822340047e-19
44	1.1315999999999999	5.225131776974554e-33
44	1.1512	4.2788821022014008e-26
44	1.2108000000000001	9.5543738638360963e-33
45	1.9028000000000012	0.99999809720181032
45	1.9644000000000013	1.9027962621433527e-06
45	2.0260000000000011	1.9275324948152188e-12
45	2.1316000000000015	8.1151147711214807e-40
45	2.2064000000000012	1.3820874089803161e-18
45	2.2108000000000012	2.2344217340600634e-32
45	2.2680000000000011	9.5125844486153177e-25
45	2.2724000000000011	4.4775022404169147e-38
45	2.329600000000001	4.6982542950660126e-31
45	2.3912000000000013	1.233605420509045e-37
46	1.4276	0.99999857240101908
46	1.4892000000000001	1.4275978740196624e-06
46	1.5508	1.1069593233261493e-12
46	1.6124000000000001	6.1858611522027706e-19
46	1.6564000000000003	8.1151147711214807e-40
46	1.6739999999999999	2.7903644582019779e-25
46	1.7356	1.0795013290611856e-31
47	1.4672000000000001	0.99999853280107631
47	1.5288000000000002	1.4671977569463558e-06
47	1.5904	1.1667155844540609e-12
47	1.6520000000000001	6.6735579566065041e-19
47	1.6960000000000004	8.1151147711214807e-40
47	1.7136	3.0761371374636606e-25
47	1.7752000000000001	1.214217633965978e-31

[frame_wcrt_cdf]
frame_id	response_time_ms	cumulative_probability
0	1.5068000000000001	0.99999849320113521
0	1.5684000000000002	0.99999999999877198
0	1.6300000000000001	1
0	1.6916000000000002	1
0	1.7356000000000005	1
0	1.7532000000000001	1
0	1.8148000000000002	1
1	1.5464000000000002	0.99999845360119566
1	1.6080000000000003	0.99999999999870903
1	1.6696000000000002	1
1	1.7312000000000003	1
1	1.7752000000000006	1
1	1.7928000000000002	1
1	1.8544000000000003	1
2	0.23960000000000001	0.99999976040002869
2	0.29920000000000002	0.99999999999995703
2	0.35880000000000001	1
2	0.41839999999999999	1
2	0.47799999999999998	1
2	0.53759999999999997	1
3	1.5860000000000003	0.99999841400125766
3	1.6476000000000004	0.99999999999864453
3	1.7092000000000003	0.99999999999999989
3	1.7708000000000004	0.99999999999999989
3	1.8148000000000006	0.99999999999999989
3	1.8324000000000003	0.99999999999999989
3	1.8940000000000003	0.99999999999999989
3	100.0616	1
4	0.2792	0.99999972080003896
4	0.33879999999999999	0.99999999999994438
4	0.39839999999999998	1
4	0.45800000000000002	1
4	0.51760000000000006	1
4	0.57719999999999994	1
5	1.6256000000000002	0.99999837440132122
5	1.6872000000000003	0.99999999999857847
5	1.7488000000000001	0.99999999999999989
5	1.8104000000000002	0.99999999999999989
5	1.8544000000000005	0.99999999999999989
5	1.8720000000000001	0.99999999999999989
5	1.9336000000000002	0.99999999999999989
5	100.0616	1
6	0.87319999999999998	0.99999912680038128
6	0.93279999999999996	0.99999999999956679
6	0.99239999999999995	1
6	1.1312000000000002	1
6	1.1712	1
6	1.1908000000000001	1
6	1.2504000000000002	1
8	0.91279999999999983	0.99999908720041664
8	0.97239999999999982	0.99999999999952904
8	1.0319999999999998	1
8	1.1708000000000001	1
8	1.2107999999999999	1
8	1.2303999999999999	1
8	1.29	1
9	0.95239999999999991	0.99999904760045366
9	1.012	0.99999999999948985
9	1.1508	1
9	1.2104000000000001	1
9	1.2504	1
9	1.27	1
9	1.3296000000000001	1
10	0.99199999999999977	0.99999900800049213
10	1.1308	0.99999999999937039
10	1.1903999999999999	1
10	1.25	1
10	1.2899999999999998	1
10	1.3095999999999999	1
10	1.3692	1
11	0.31879999999999997	0.99999968120005089
11	0.37839999999999996	0.99999999999993028
11	0.43799999999999994	1
11	0.49759999999999999	1
11	0.55719999999999992	1
11	0.61680000000000001	1
12	1.6652000000000005	0.99999833480138645
12	1.7268000000000006	0.99999999999851097
12	1.7884000000000004	1
12	1.8500000000000005	1
12	1.8940000000000008	1
12	1.9116000000000004	1
12	1.9732000000000005	1
13	0.3584	0.99999964160006427
13	0.41799999999999998	0.99999999999991451
13	0.47760000000000002	1
13	0.53720000000000001	1
13	0.5968	1
13	0.65639999999999998	1
14	0.16039999999999999	0.99999983960001293
14	0.21999999999999997	0.99999999999997768
14	0.27959999999999996	1
14	0.3392	1
14	0.39879999999999999	1
14	0.45839999999999997	1
15	1.0315999999999999	0.99999896840053215
15	1.1703999999999999	0.99999999999932476
15	1.2299999999999998	1
15	1.2895999999999999	1
15	1.3295999999999999	1
15	1.3491999999999997	1
15	1.4087999999999998	1
16	1.7048000000000003	0.99999829520145322
16	1.7664000000000004	0.99999999999844191
16	1.8280000000000003	1
16	1.8896000000000004	1
16	1.9336000000000007	1
16	1.9512000000000003	1
16	2.0128000000000004	1
17	0.39800000000000002	0.99999960200007931
17	0.45760000000000001	0.99999999999989719
17	0.51719999999999999	1
17	0.57679999999999998	1
17	0.63640000000000008	1
17	0.69599999999999995	1
18	0.43760000000000004	0.9999995624000958
18	0.49720000000000003	0.99999999999987821
18	0.55680000000000007	1
18	0.61640000000000006	1
18	0.67600000000000005	1
18	0.73560000000000003	1
19	1.7444000000000006	0.99999825560152156
19	1.8060000000000007	0.99999999999837119
19	1.8676000000000006	1
19	1.9292000000000007	1
19	1.973200000000001	1
19	1.9908000000000006	1
19	2.0524000000000004	1
20	0.47720000000000007	0.99999952280011395
20	0.53680000000000005	0.99999999999985778
20	0.59640000000000004	1
20	0.65600000000000014	1
20	0.71560000000000001	1
20	0.77520000000000011	1
21	1.1503999999999999	0.99999884960066177
21	1.21	0.99999999999926981
21	1.2695999999999998	1
21	1.3291999999999999	1
21	1.3691999999999998	1
21	1.3887999999999998	1
21	1.4483999999999999	1
22	0.20000000000000001	0.99999980000001998
22	0.2596	0.99999999999996803
22	0.31920000000000004	1
22	0.37880000000000003	1
22	0.43840000000000001	1
22	0.498	1
23	0.081199999999999994	0.99999991880000338
23	0.14079999999999998	0.99999999999999201
23	0.20039999999999999	1
23	0.26000000000000001	1
23	0.3196	1
23	0.37919999999999998	1
24	1.1899999999999997	0.999998810000708
24	1.2495999999999998	0.99999999999922096
24	1.3091999999999997	0.99999999999999989
24	1.3687999999999998	0.99999999999999989
24	1.4087999999999998	0.99999999999999989
24	1.4283999999999997	0.99999999999999989
24	1.4879999999999998	0.99999999999999989
24	20.0596	1
25	1.9028000000000009	0.99999809720181032
25	1.964400000000001	0.99999999999807243
25	2.0260000000000011	1
25	2.131600000000001	1
25	2.2064000000000012	1
25	2.2108000000000008	1
25	2.2680000000000011	1
25	2.2724000000000011	1
25	2.329600000000001	1
25	2.3912000000000013	1
26	0.51680000000000015	0.99999948320013354
26	0.57640000000000013	0.99999999999983569
26	0.63600000000000012	1
26	0.69560000000000022	1
26	0.75520000000000009	1
26	0.81480000000000019	1
27	1.2295999999999996	0.99999877040075602
27	1.2891999999999997	0.99999999999917077
27	1.3487999999999996	1
27	1.4083999999999997	1
27	1.4483999999999999	1
27	1.4679999999999995	1
27	1.5275999999999996	1
28	1.7840000000000005	0.99999821600159133
28	1.8456000000000006	0.99999999999829881
28	1.9072000000000005	1
28	1.9688000000000005	1
28	2.0128000000000008	1
28	2.0304000000000006	1
28	2.0920000000000005	1
28	2.1536000000000004	1
28	2.2108000000000003	1
28	2.2724000000000006	1
29	0.55640000000000012	0.9999994436001548
29	0.6160000000000001	0.99999999999981204
29	0.67560000000000009	1
29	0.73520000000000008	1
29	0.79480000000000017	1
29	0.85440000000000005	1
30	0.12079999999999999	0.99999987920000732
30	0.1804	0.99999999999998557
30	0.23999999999999999	1
30	0.29959999999999998	1
30	0.35919999999999996	1
30	0.41879999999999995	1
31	1.2691999999999997	0.99999873080080537
31	1.3287999999999998	0.99999999999911882
31	1.3883999999999996	0.99999999999999989
31	1.4479999999999997	0.99999999999999989
31	1.488	0.99999999999999989
31	1.5075999999999996	0.99999999999999989
31	1.5671999999999997	0.99999999999999989
31	20.0596	1
32	0.59600000000000009	0.99999940400017762
32	0.65560000000000007	0.99999999999978684
32	0.71520000000000006	1
32	0.77480000000000016	1
32	0.83440000000000003	1
32	0.89400000000000013	1
33	1.8236000000000008	0.99999817640166277
33	1.8852000000000009	0.99999999999822498
33	1.9468000000000008	1
33	2.0084000000000009	1
33	2.0524000000000009	1
33	2.1316000000000006	1
33	2.188800000000001	1
33	2.1932000000000009	1
33	2.2504000000000008	1
33	2.3120000000000007	1
34	1.8632000000000009	0.99999813680173577
34	1.924800000000001	0.99999999999814948
34	1.9864000000000008	1
34	2.092000000000001	1
34	2.1668000000000007	1
34	2.1712000000000007	1
34	2.228400000000001	1
34	2.232800000000001	1
34	2.2900000000000009	1
34	2.3516000000000008	1
35	0.63560000000000016	0.9999993644002021
35	0.69520000000000015	0.99999999999976019
35	0.75480000000000014	1
35	0.81440000000000023	1
35	0.87400000000000011	1
35	0.93360000000000021	1
36	0.67520000000000002	0.99999932480022802
36	0.73480000000000001	0.99999999999973188
36	0.7944	1
36	0.85400000000000009	1
36	0.91359999999999997	1
36	0.97320000000000007	1
37	0.7148000000000001	0.99999928520025549
37	0.77440000000000009	0.99999999999970191
37	0.83400000000000007	1
37	0.89360000000000017	1
37	0.95320000000000005	1
37	1.0128000000000001	1
38	0.75439999999999996	0.99999924560028464
38	0.81399999999999995	0.9999999999996706
38	0.87359999999999993	1
38	0.93320000000000003	1
38	0.9927999999999999	1
38	1.0524	1
39	1.3087999999999997	0.99999869120085638
39	1.3703999999999998	0.99999999999906275
39	1.4319999999999997	0.99999999999999989
39	1.4935999999999998	0.99999999999999989
39	1.5376000000000001	0.99999999999999989
39	1.5551999999999997	0.99999999999999989
39	1.6167999999999998	0.99999999999999989
39	20.061599999999999	1
40	1.3483999999999998	0.99999865160090906
40	1.4099999999999999	0.99999999999900779
40	1.4715999999999998	1
40	1.5331999999999999	1
40	1.5772000000000002	1
40	1.5947999999999998	1
40	1.6563999999999999	1
42	1.3879999999999999	0.9999986120009634
42	1.4496	0.99999999999895139
42	1.5111999999999999	1
42	1.5728	1
42	1.6168000000000002	1
42	1.6343999999999999	1
42	1.696	1
43	0.79400000000000004	0.99999920600031522
43	0.85360000000000003	0.99999999999963751
43	0.91320000000000001	1
43	0.97280000000000011	1
43	1.0324	1
43	1.0920000000000001	1
44	0.8335999999999999	0.99999916640034747
44	0.89319999999999988	0.99999999999960287
44	0.95279999999999987	1
44	1.0124	1
44	1.1315999999999999	1
44	1.1512	1
44	1.2108000000000001	1
45	1.9028000000000012	0.99999809720181032
45	1.9644000000000013	0.99999999999807243
45	2.0260000000000011	1
45	2.1316000000000015	1
45	2.2064000000000012	1
45	2.2108000000000012	1
45	2.2680000000000011	1
45	2.2724000000000011	1
45	2.329600000000001	1
45	2.3912000000000013	1
46	1.4276	0.99999857240101908
46	1.4892000000000001	0.99999999999889311
46	1.5508	1
46	1.6124000000000001	1
46	1.6564000000000003	1
46	1.6739999999999999	1
46	1.7356	1
47	1.4672000000000001	0.99999853280107631
47	1.5288000000000002	0.99999999999883327
47	1.5904	1
47	1.6520000000000001	1
47	1.6960000000000004	1
47	1.7136	1
47	1.7752000000000001	1

[frame_distribution_quantiles]
frame_id	retry_q50	retry_q90	retry_q95	retry_q99	wcrt_q50_ms	wcrt_q90_ms	wcrt_q95_ms	wcrt_q99_ms
0	0	0	0	0	1.5068000000000001	1.5068000000000001	1.5068000000000001	1.5068000000000001
1	0	0	0	0	1.5464000000000002	1.5464000000000002	1.5464000000000002	1.5464000000000002
2	0	0	0	0	0.23960000000000001	0.23960000000000001	0.23960000000000001	0.23960000000000001
3	0	0	0	0	1.5860000000000003	1.5860000000000003	1.5860000000000003	1.5860000000000003
4	0	0	0	0	0.2792	0.2792	0.2792	0.2792
5	0	0	0	0	1.6256000000000002	1.6256000000000002	1.6256000000000002	1.6256000000000002
6	0	0	0	0	0.87319999999999998	0.87319999999999998	0.87319999999999998	0.87319999999999998
8	0	0	0	0	0.91279999999999983	0.91279999999999983	0.91279999999999983	0.91279999999999983
9	0	0	0	0	0.95239999999999991	0.95239999999999991	0.95239999999999991	0.95239999999999991
10	0	0	0	0	0.99199999999999977	0.99199999999999977	0.99199999999999977	0.99199999999999977
11	0	0	0	0	0.31879999999999997	0.31879999999999997	0.31879999999999997	0.31879999999999997
12	0	0	0	0	1.6652000000000005	1.6652000000000005	1.6652000000000005	1.6652000000000005
13	0	0	0	0	0.3584	0.3584	0.3584	0.3584
14	0	0	0	0	0.16039999999999999	0.16039999999999999	0.16039999999999999	0.16039999999999999
15	0	0	0	0	1.0315999999999999	1.0315999999999999	1.0315999999999999	1.0315999999999999
16	0	0	0	0	1.7048000000000003	1.7048000000000003	1.7048000000000003	1.7048000000000003
17	0	0	0	0	0.39800000000000002	0.39800000000000002	0.39800000000000002	0.39800000000000002
18	0	0	0	0	0.43760000000000004	0.43760000000000004	0.43760000000000004	0.43760000000000004
19	0	0	0	0	1.7444000000000006	1.7444000000000006	1.7444000000000006	1.7444000000000006
20	0	0	0	0	0.47720000000000007	0.47720000000000007	0.47720000000000007	0.47720000000000007
21	0	0	0	0	1.1503999999999999	1.1503999999999999	1.1503999999999999	1.1503999999999999
22	0	0	0	0	0.20000000000000001	0.20000000000000001	0.20000000000000001	0.20000000000000001
23	0	0	0	0	0.081199999999999994	0.081199999999999994	0.081199999999999994	0.081199999999999994
24	0	0	0	0	1.1899999999999997	1.1899999999999997	1.1899999999999997	1.1899999999999997
25	0	0	0	0	1.9028000000000009	1.9028000000000009	1.9028000000000009	1.9028000000000009
26	0	0	0	0	0.51680000000000015	0.51680000000000015	0.51680000000000015	0.51680000000000015
27	0	0	0	0	1.2295999999999996	1.2295999999999996	1.2295999999999996	1.2295999999999996
28	0	0	0	0	1.7840000000000005	1.7840000000000005	1.7840000000000005	1.7840000000000005
29	0	0	0	0	0.55640000000000012	0.55640000000000012	0.55640000000000012	0.55640000000000012
30	0	0	0	0	0.12079999999999999	0.12079999999999999	0.12079999999999999	0.12079999999999999
31	0	0	0	0	1.2691999999999997	1.2691999999999997	1.2691999999999997	1.2691999999999997
32	0	0	0	0	0.59600000000000009	0.59600000000000009	0.59600000000000009	0.59600000000000009
33	0	0	0	0	1.8236000000000008	1.8236000000000008	1.8236000000000008	1.8236000000000008
34	0	0	0	0	1.8632000000000009	1.8632000000000009	1.8632000000000009	1.8632000000000009
35	0	0	0	0	0.63560000000000016	0.63560000000000016	0.63560000000000016	0.63560000000000016
36	0	0	0	0	0.67520000000000002	0.67520000000000002	0.67520000000000002	0.67520000000000002
37	0	0	0	0	0.7148000000000001	0.7148000000000001	0.7148000000000001	0.7148000000000001
38	0	0	0	0	0.75439999999999996	0.75439999999999996	0.75439999999999996	0.75439999999999996
39	0	0	0	0	1.3087999999999997	1.3087999999999997	1.3087999999999997	1.3087999999999997
40	0	0	0	0	1.3483999999999998	1.3483999999999998	1.3483999999999998	1.3483999999999998
42	0	0	0	0	1.3879999999999999	1.3879999999999999	1.3879999999999999	1.3879999999999999
43	0	0	0	0	0.79400000000000004	0.79400000000000004	0.79400000000000004	0.79400000000000004
44	0	0	0	0	0.8335999999999999	0.8335999999999999	0.8335999999999999	0.8335999999999999
45	0	0	0	0	1.9028000000000012	1.9028000000000012	1.9028000000000012	1.9028000000000012
46	0	0	0	0	1.4276	1.4276	1.4276	1.4276
47	0	0	0	0	1.4672000000000001	1.4672000000000001	1.4672000000000001	1.4672000000000001

[signal_summary]
code	frame_id	period_ms	level	type	p_timeout	expected_wcrt_ms	wcrt_p95_ms	threshold_wcrt_ms	expected_retry_count	p_threshold
64388791	16	100	2	0	0	1.7048001050156869	1.7048000000000003	1.7664000000000004	1.704800105015686e-06	2.7777777777777777e-12
76186400	24	20	0	0	1.1102230246251565e-16	1.1900000709240062	1.1899999999999997	1.1899999999999997	1.1900000715901374e-06	1
76907963	35	10	0	0	0	0.63560003788176245	0.63560000000000016	0.63560000000000016	6.356000378817626e-07	1
297043672	19	100	0	0	0	1.7444001074550473	1.7444000000000006	1.7444000000000006	1.7444001074550475e-06	1
345104591	6	20	0	0	0	0.87320005204272311	0.87319999999999998	0.87319999999999998	8.7320005204272406e-07	1
366190772	3	100	0	0	1.1102230246251565e-16	1.5860000976976174	1.5860000000000003	1.5860000000000003	1.5860000983637385e-06	1
543039327	30	1	1	0	0	0.12080000719968043	0.12079999999999999	0.1804	1.2080000719968042e-07	2.7777777777777774e-14
657739736	10	20	3	0	0	0.99200013768956907	0.99199999999999977	1.1903999999999999	9.9200013768956906e-07	5.5555555555555561e-14
709070307	23	2	0	0	0	0.081200004839520279	0.081199999999999994	0.081199999999999994	8.1200004839520388e-08	1
792227658	6	20	0	0	0	0.87320005204272311	0.87319999999999998	0.87319999999999998	8.7320005204272406e-07	1
949566824	25	1000	0	0	0	1.902800117212488	1.9028000000000009	1.9028000000000009	1.9028001172124885e-06	1
968723745	22	5	0	0	0	0.20000001192000072	0.20000000000000001	0.20000000000000001	2.000000119200006e-07	1
1255669866	37	10	0	0	0	0.71480004260208263	0.7148000000000001	0.7148000000000001	7.1480004260208157e-07	1
1259607106	26	10	0	0	0	0.51680003080128201	0.51680000000000015	0.51680000000000015	5.1680003080128202e-07	1
1379020356	38	10	0	0	0	0.75440004496224278	0.75439999999999996	0.75439999999999996	7.5440004496224254e-07	1
1677153307	39	20	0	0	1.1102230246251565e-16	1.3088000806220865	1.3087999999999997	1.3087999999999997	1.308800081288217e-06	1
1711149774	21	20	0	0	0	1.150400068563844	1.1503999999999999	1.1503999999999999	1.1504000685638449e-06	1
1751584666	18	10	1	0	0	0.4376000260809616	0.43760000000000004	0.49720000000000003	4.3760002608096215e-07	2.7777777777777779e-13
1788212877	12	100	1	0	0	1.6652001025763268	1.6652000000000005	1.7268000000000006	1.665200102576326e-06	2.7777777777777777e-12
1855812374	20	10	2	0	0	0.4772000284411218	0.47720000000000007	0.53680000000000005	4.772000284411218e-07	2.7777777777777779e-13
1903438021	32	10	0	0	0	0.59600003552160219	0.59600000000000009	0.59600000000000009	5.9600003552160216e-07	1
2020325917	29	10	0	0	0	0.55640003316144215	0.55640000000000012	0.55640000000000012	5.5640003316144225e-07	1
2312322408	40	20	2	0	0	1.3484000830614449	1.3483999999999998	1.4715999999999998	1.3484000830614432e-06	5.5555555555555559e-13
2362093650	43	10	0	0	0	0.79400004732240281	0.79400000000000004	0.79400000000000004	7.9400004732240329e-07	1
2452501866	22	5	0	0	0	0.20000001192000072	0.20000000000000001	0.20000000000000001	2.000000119200006e-07	1
2536571593	11	10	0	0	0	0.31880001900048111	0.31879999999999997	0.31879999999999997	3.188000190004811e-07	1
2537883244	9	20	2	0	0	0.9524000567630837	0.95239999999999991	1.012	9.524000567630838e-07	5.5555555555555559e-13
2598465763	42	20	1	0	0	1.3880000855008054	1.3879999999999999	1.5111999999999999	1.3880000855008058e-06	5.5555555555555559e-13
2602142695	4	10	0	0	0	0.27920001664032096	0.2792	0.2792	2.7920001664032114e-07	1
2679118874	17	10	0	0	0	0.39800002372080145	0.39800000000000002	0.39800000000000002	3.9800002372080187e-07	1
2708097025	14	2	0	0	0	0.16040000955984057	0.16039999999999999	0.16039999999999999	1.6040000955984078e-07	1
2909837408	47	50	0	0	0	1.4672000903795257	1.4672000000000001	1.4672000000000001	1.4672000903795267e-06	1
2913286752	2	10	0	0	0	0.23960001428016087	0.23960000000000001	0.23960000000000001	2.3960001428016065e-07	1
2919086497	34	100	0	0	0	1.8632001147731279	1.8632000000000009	1.8632000000000009	1.8632001147731259e-06	1
3054775963	23	1	0	0	0	0.081200004839520279	0.081199999999999994	0.081199999999999994	8.1200004839520388e-08	1
3057133786	5	100	0	0	1.1102230246251565e-16	1.6256001001369773	1.6256000000000002	1.6256000000000002	1.6256001008031013e-06	1
3130657089	1	100	0	0	0	1.546400095258246	1.5464000000000002	1.5464000000000002	1.5464000952582438e-06	1
3171327636	13	10	0	0	0	0.35840002136064125	0.3584	0.3584	3.5840002136064138e-07	1
3205768820	8	20	0	0	0	0.91280005440288314	0.91279999999999983	0.91279999999999983	9.1280005440288408e-07	1
3327987245	15	20	3	0	0	1.0316001431860464	1.0315999999999999	1.2299999999999998	1.0316001431860461e-06	5.5555555555555561e-14
3539826981	45	1000	0	0	0	1.9028001172124882	1.9028000000000012	1.9028000000000012	1.9028001172124885e-06	1
3579785490	44	10	0	0	0	0.83360004968256285	0.8335999999999999	0.8335999999999999	8.3360004968256246e-07	1
3640230289	36	20	0	0	0	0.67520004024192248	0.67520000000000002	0.67520000000000002	6.752000402419224e-07	1
3744206681	36	10	0	0	0	0.67520004024192248	0.67520000000000002	0.67520000000000002	6.752000402419224e-07	1
3846235663	28	100	0	0	0	1.7840001098944072	1.7840000000000005	1.7840000000000005	1.7840001098944095e-06	1
4100575145	0	100	0	0	0	1.5068000928188858	1.5068000000000001	1.5068000000000001	1.5068000928188865e-06	1
4119176570	31	20	0	0	1.1102230246251565e-16	1.2692000756443262	1.2691999999999997	1.2691999999999997	1.269200076310458e-06	1
4147257123	27	20	0	0	0	1.2296000732841641	1.2295999999999996	1.2295999999999996	1.2296000732841641e-06	1
4277968847	33	100	1	0	0	1.8236001123337677	1.8236000000000008	1.8852000000000009	1.8236001123337651e-06	2.7777777777777777e-12
4285939345	46	20	2	0	0	1.4276000879401654	1.4276	1.5508	1.427600087940165e-06	5.5555555555555559e-13
