base_bandwidth_utilization	0.2907675999999999
expected_bandwidth_utilization	0.29076771596402168

rounded_expected_bandwidth_utilization	0.58153519999999992

bandwidth_utilization_p99	0.29076759999999996

[frame_summary]
frame_id	priority	period_ms	deadline_ms	trans_time_ms	expected_retry_count	expected_tx_count	rounded_expected_retry_count	rounded_expected_tx_count	retry_p99	tx_count_p99	expected_wcrt_ms	p_timeout	wcrt_p95_ms
0	42	1000	1000	0.039600000000000003	1.9628005684265459e-06	1.0000019628005685	1	2	0	1	1.9628005684265464	0	1.9628000000000005
2	32	100	100	0.039600000000000003	1.5608000999330197e-06	1.0000015608000998	1	2	0	1	1.5608000992668969	1.1102230246251565e-16	1.5607999999999997
3	9	10	10	0.039600000000000003	4.6760002880416178e-07	1.0000004676000287	1	2	0	1	0.46760002880416185	0	0.46760000000000002
6	5	5	5	0.039600000000000003	3.0920001904672139e-07	1.0000003092000191	1	2	0	1	0.30920001904672123	0	0.30920000000000003
7	0	1	1	0.041599999999999998	1.1120000684992057e-07	1.0000001112000068	1	2	0	1	0.11120000684992042	0	0.11119999999999999
9	6	5	5	0.039600000000000003	3.4880002148608094e-07	1.0000003488000215	1	2	0	1	0.34880002148608136	0	0.3488
12	10	10	10	0.039600000000000003	5.0720003124352197e-07	1.0000005072000313	1	2	0	1	0.50720003124352198	0	0.50719999999999998
14	43	1000	1000	0.039600000000000003	2.0024005798946906e-06	1.0000020024005798	1	2	0	1	2.0024005798946911	0	2.0024000000000006
15	1	1	1	0.039600000000000003	1.5080000928928074e-07	1.0000001508000094	1	2	0	1	0.15080000928928058	0	0.15079999999999999
18	25	20	20	0.039600000000000003	1.2796000813825645e-06	1.0000012796000814	1	2	0	1	1.279600081382565	0	1.2795999999999996
19	28	50	50	0.039600000000000003	1.3984000889382441e-06	1.0000013984000888	1	2	0	1	1.3984000889382451	0	1.3983999999999994
20	2	1	1	0.039600000000000003	1.9040001172864071e-07	1.0000001904000118	1	2	0	1	0.19040001172864071	0	0.19039999999999999
22	11	10	10	0.041599999999999998	5.4880003380608235e-07	1.0000005488000339	1	2	0	1	0.54880003380608222	0	0.54880000000000007
23	12	10	10	0.039600000000000003	5.8840003624544291e-07	1.0000005884000362	1	2	0	1	0.58840003624544235	0	0.58840000000000003
26	13	10	10	0.041599999999999998	6.3000003880800213e-07	1.0000006300000388	1	2	0	1	0.63000003880800259	0	0.63000000000000012
27	33	100	100	0.041599999999999998	1.6024001019126464e-06	1.0000016024001019	1	2	0	1	1.6024001019126461	0	1.6023999999999998
28	34	100	100	0.039600000000000003	1.6420001044312072e-06	1.0000016420001043	1	2	0	1	1.6420001044312065	0	1.6419999999999999
30	14	10	10	0.041599999999999998	6.7160004137056283e-07	1.0000006716000414	1	2	0	1	0.67160004137056262	0	0.67160000000000009
31	35	100	100	0.039600000000000003	1.6816001076158999e-06	1.0000016816001076	1	2	0	1	1.6816001069497777	1.1102230246251565e-16	1.6816
32	26	20	20	0.039600000000000003	1.3192000845672591e-06	1.0000013192000845	1	2	0	1	1.3192000839011271	1.1102230246251565e-16	1.3191999999999995
33	36	100	100	0.069599999999999995	1.723200154398734e-06	1.0000017232001543	1	2	0	1	1.7232001543987339	0	1.7232000000000001
36	29	50	50	0.039600000000000003	1.4380000914568062e-06	1.0000014380000914	1	2	0	1	1.4380000914568052	0	1.4379999999999993
37	44	1000	1000	0.039600000000000003	2.2420002008832175e-06	1.0000022420002008	1	2	0	1	2.2420002008832181	0	2.2420000000000004
38	15	10	10	0.039600000000000003	7.1120004380992212e-07	1.0000007112000437	1	2	0	1	0.71120004380992285	0	0.71120000000000005
39	16	10	10	0.041599999999999998	7.5280004637248271e-07	1.0000007528000463	1	2	0	1	0.75280004637248288	0	0.75280000000000002
40	30	50	50	0.0436	1.4816000942297666e-06	1.0000014816000942	1	2	0	1	1.4816000942297656	0	1.4815999999999996
43	45	1000	1000	0.041599999999999998	2.2816002044313814e-06	1.0000022816002043	1	2	0	1	2.2816002044313795	0	2.281600000000001
44	37	100	100	0.039600000000000003	1.7628001587240499e-06	1.0000017628001587	1	2	0	1	1.7628001579469053	1.1102230246251565e-16	1.7628000000000001
45	4	2	2	0.039600000000000003	2.696000166073612e-07	1.0000002696000165	1	2	0	1	0.26960001660736105	0	0.26960000000000001
46	7	5	5	0.039600000000000003	3.8840002392544129e-07	1.0000003884000239	1	2	0	1	0.38840002392544148	0	0.38839999999999997
47	46	1000	1000	0.039600000000000003	2.3212002079795368e-06	1.000002321200208	1	2	0	1	2.3212002079795395	0	2.321200000000001
48	17	10	10	0.041599999999999998	7.9440004893504267e-07	1.0000007944000489	1	2	0	1	0.7944000489350429	0	0.7944
49	18	10	10	0.041599999999999998	8.3600005149760273e-07	1.0000008360000514	1	2	0	1	0.83600005149760315	0	0.83599999999999997
50	38	100	100	0.041599999999999998	1.804400162451412e-06	1.0000018044001624	1	2	0	1	1.8044001616742658	1.1102230246251565e-16	1.8044000000000002
51	31	50	50	0.039600000000000003	1.5212000967483264e-06	1.0000015212000968	1	2	0	1	1.5212000967483259	0	1.5211999999999997
53	19	10	10	0.039600000000000003	8.7560005393696245e-07	1.000000875600054	1	2	0	1	0.87560005393696327	0	0.87559999999999982
55	39	100	100	0.039600000000000003	1.844000165999571e-06	1.0000018440001659	1	2	0	1	1.844000165222426	1.1102230246251565e-16	1.8440000000000003
56	20	10	10	0.039600000000000003	9.1520005637632386e-07	1.0000009152000564	1	2	0	1	0.91520005637632329	0	0.9151999999999999
57	21	10	10	0.0436	9.5880006164590174e-07	1.0000009588000616	1	2	0	1	0.95880006097976811	1.1102230246251565e-16	0.95879999999999976
59	22	10	10	0.039600000000000003	9.9840022364153419e-07	1.0000009984002236	1	2	0	1	0.99840022364153413	0	0.99839999999999973
62	3	1	1	0.039600000000000003	2.3000001416800085e-07	1.0000002300000141	1	2	0	1	0.23000001416800087	0	0.22999999999999998
63	8	5	5	0.039600000000000003	4.2800002636480169e-07	1.0000004280000263	1	2	0	1	0.42800002636480161	0	0.42799999999999994
65	23	10	10	0.039600000000000003	1.0380002325119288e-06	1.0000010380002324	1	2	0	1	1.038000232511928	0	1.0379999999999998
66	40	100	100	0.039600000000000003	1.8836001687709622e-06	1.0000018836001687	1	2	0	1	1.8836001687709643	0	1.8836000000000004
67	27	20	20	0.039600000000000003	1.3588000864196842e-06	1.0000013588000864	1	2	0	1	1.358800086419685	0	1.3587999999999996
68	41	100	100	0.039600000000000003	1.9232001723191386e-06	1.0000019232001722	1	2	0	1	1.9232001723191401	0	1.9232000000000002
69	24	10	10	0.041599999999999998	1.2400000788640039e-06	1.0000012400000788	1	2	0	1	1.2400000788640047	0	1.2399999999999998
70	47	1000	1000	0.039600000000000003	2.3212002079795402e-06	1.000002321200208	1	2	0	1	2.32120020797954	0	2.3212000000000015

[frame_retry_distribution]
frame_id	retry_count	probability
0	0	0.99999803720192637
0	1	1.9627955789942595e-06
0	2	2.4947129573754163e-12
0	3	2.1239925855546906e-18
0	4	1.4427443196457101e-24
0	5	8.3709742835202045e-31
0	6	2.9754453983115015e-37
2	0	0.999998439201218
2	1	1.5607974646385388e-06
2	2	1.3173129763738221e-12
2	3	7.9811434796301932e-19
2	4	3.8896334376487861e-25
2	5	1.6206434721036418e-31
2	6	1.1102230246251565e-16
3	0	0.99999953240010941
3	1	4.6759975254614549e-07
3	2	1.3812895839338732e-13
3	3	3.317041258894908e-20
3	4	7.0918180720400799e-27
3	5	1.4100813548152298e-33
6	0	0.9999996908000478
6	1	3.0919988534866147e-07
6	2	6.6849011094481323e-14
6	3	1.2575982320796543e-20
6	4	2.2096053533957277e-27
6	5	3.7390535450429703e-34
7	0	0.99999988880000623
7	1	1.1119998078464181e-07
7	2	1.3032636945149549e-14
7	3	1.6238160526837106e-21
7	4	2.118780272212041e-28
7	5	2.8615971466066178e-35
9	0	0.99999965120006085
9	1	3.4879985685250897e-07
9	2	8.2316761146479472e-14
9	3	1.6552234709058544e-20
9	4	3.0644584951633629e-27
9	5	5.4091318335875306e-34
12	0	0.99999949280012868
12	1	5.0719971150472205e-07
12	2	1.5986933921833684e-13
12	3	4.0479942121203689e-20
12	4	9.0446204179682708e-27
12	5	1.866613398938607e-33
14	0	0.99999799760200481
14	1	2.0023954105044591e-06
14	2	2.5846917642907658e-12
14	3	2.2342822237442796e-18
14	4	1.5395781031999826e-24
14	5	9.0535435145107062e-31
14	6	3.2944162632709073e-37
15	0	0.9999998492000115
15	1	1.5079996797008355e-07
15	2	2.0659594339270336e-14
15	3	2.83070003135024e-21
15	4	3.9374735260512e-28
15	5	5.5681839355953999e-35
18	0	0.99999872040081872
18	1	1.2795982812424338e-06
18	2	9.0006937378151496e-13
18	3	4.6109809772352552e-19
18	4	1.9245907862581361e-25
18	5	6.9464765315308369e-32
19	0	0.99999860160097775
19	1	1.398397955540693e-06
19	2	1.066697892644453e-12
19	3	5.8862213212362869e-19
19	4	2.6307547808035893e-25
19	5	1.011401341619356e-31
20	0	0.99999980960001822
20	1	1.9039995201920604e-07
20	2	2.9854710637561275e-14
20	3	4.4672595932172201e-21
20	4	6.611551751945561e-28
20	5	9.7903373536717013e-35
22	0	0.99999945120015066
22	1	5.4879966501258246e-07
22	2	1.8439667608539218e-13
22	3	4.9224484763571433e-20
22	4	1.1498246896253362e-26
22	5	2.464622264733016e-33
23	0	0.99999941160017314
23	1	5.88399617540125e-07
23	2	2.0935257102465791e-13
23	3	5.8627958071511945e-20
23	4	1.4262917855351727e-26
23	5	3.1659093330283539e-33
26	0	0.99999937000019845
26	1	6.2999956429215046e-07
26	2	2.3725782129734217e-13
26	3	6.9709342400804899e-20
26	4	1.766997901730365e-26
26	5	4.0641553849363749e-33
27	0	0.99999839760128384
27	1	1.6023973304038238e-06
27	2	1.3857531231993294e-12
27	3	8.5876901721668657e-19
27	4	4.2741943955695771e-25
27	5	1.8161667925270551e-31
28	0	0.99999835800134806
28	1	1.6419971994071889e-06
28	2	1.4525106302159245e-12
28	3	9.1928729667536812e-19
28	4	4.6660665367692253e-25
28	5	2.0193678026738687e-31
30	0	0.99999932840022554
30	1	6.7159950758306081e-07
30	2	2.6689362787286103e-13
30	3	8.2094182483845406e-20
30	4	2.1648464145500786e-26
30	5	5.1537598476976204e-33
31	0	0.99999831840141384
31	1	1.6815970652742402e-06
31	2	1.5208362891088353e-12
31	3	9.8257995481823742e-19
31	4	5.0842473986581607e-25
31	5	2.2403361380160276e-31
31	6	1.1102230246251565e-16
32	0	0.99999868080087007
32	1	1.3191981758115012e-06
32	2	9.5404406006967486e-13
32	3	5.013172296770793e-19
32	4	2.1418140258435135e-25
32	5	7.8983378145535859e-32
32	6	1.1102230246251565e-16
33	0	0.99999827680148468
33	1	1.7231968761858716e-06
33	2	1.6391047217642131e-12
33	3	1.1396257106633212e-18
33	4	6.4761260175741195e-25
33	5	4.486416796092314e-31
33	6	5.8997284798927405e-38
36	0	0.99999856200103399
36	1	1.4379978407008215e-06
36	2	1.1253770385584819e-12
36	3	6.3583210014249871e-19
36	4	2.9043968650281243e-25
36	5	1.1393968204310372e-31
37	0	0.99999775800251323
37	1	2.2419947725588939e-06
37	2	2.714158628471176e-12
37	3	2.3556323366175657e-18
37	4	1.6426449743837591e-24
37	5	9.78278156958658e-31
37	6	3.6407395752572298e-37
38	0	0.99999928880025302
38	1	7.1119945038485183e-07
38	2	2.9671239242307681e-13
38	3	9.516037126960249e-20
38	4	2.6021510477578409e-26
38	5	6.3951064282135926e-33
39	0	0.99999924720028333
39	1	7.5279938691992957e-07
39	2	3.2972611115980083e-13
39	3	1.1029686034028186e-19
39	4	3.1291415608208743e-26
39	5	7.9438677705133511e-33
40	0	0.99999851840109755
40	1	1.4815977106334492e-06
40	2	1.1917971226352479e-12
40	3	6.9065205822186471e-19
40	4	3.2297442685297419e-25
40	5	1.294949883128225e-31
43	0	0.99999771840260288
43	1	2.281594589876497e-06
43	2	2.807273731852309e-12
43	3	2.4734534965388346e-18
43	4	1.7491977117119527e-24
43	5	1.0554876048825238e-30
43	6	4.726113909403116e-37
44	0	0.99999823720155367
44	1	1.7627967345923042e-06
44	2	1.7116754759229967e-12
44	3	1.2126272333520089e-18
44	4	7.0102845643025767e-25
44	5	4.9113425406387366e-31
44	6	7.0790290215911266e-38
44	7	1.1102230246251565e-16
45	0	0.99999973040003642
45	1	2.6959991070849496e-07
45	2	5.2949419201464045e-14
45	3	9.2778016934993023e-21
45	4	1.5433254820438482e-27
45	5	2.5006169572743513e-34
46	0	0.99999961160007544
46	1	3.8839982522003916e-07
46	2	9.9352669171161429e-14
46	3	2.1268657878135151e-20
46	4	4.139791400766782e-27
46	5	7.612595759918745e-34
47	0	0.99999767880269397
47	1	2.3211944040577832e-06
47	2	2.9019569839376891e-12
47	3	2.5951335652620301e-18
47	4	1.8608444170074139e-24
47	5	1.1374895748682673e-30
47	6	5.2065035405326149e-37
48	0	0.99999920560031552
48	1	7.9439931999389071e-07
48	2	3.644703855618213e-13
48	3	1.2694931722716789e-19
48	4	3.7318941987487131e-26
48	5	1.5763155813685629e-32
49	0	0.99999916400034949
49	1	8.3599924960673631e-07
49	2	4.0094521541316546e-13
49	3	1.4518973296357813e-19
49	4	4.4173096776777069e-26
49	5	1.9017789183194554e-32
50	0	0.99999819560162784
50	1	1.804396582469638e-06
50	2	1.7896003701451871e-12
50	3	1.2925965163755968e-18
50	4	1.0191425947372467e-24
50	5	5.8815930822111745e-31
50	6	7.8242696573026811e-38
50	7	1.1102230246251565e-16
51	0	0.999998478801157
51	1	1.5211975892041506e-06
51	2	1.2537709732822253e-12
51	3	7.430907299609132e-19
51	4	3.5482132468990259e-25
51	5	1.4505081970950763e-31
53	0	0.99999912440038341
53	1	8.7559917938806372e-07
53	2	4.3727420325030687e-13
53	3	1.6409426782292861e-19
53	4	7.7852188174642772e-26
53	5	2.6317953979999337e-32
55	0	0.99999815600170006
55	1	1.8439964344450472e-06
55	2	1.865386625945959e-12
55	3	1.3719094205375553e-18
55	4	1.0951816309226313e-24
55	5	6.4025231672003331e-31
55	6	1.9501115851460397e-37
55	7	1.1102230246251565e-16
56	0	0.99999908480041877
56	1	9.1519910603307693e-07
56	2	4.7517134658181734e-13
56	3	1.8456510070733332e-19
56	4	8.9372967284626353e-26
56	5	3.0858348997790142e-32
57	0	0.99999904120045957
57	1	9.5879901972338157e-07
57	2	5.2062775108916684e-13
57	3	2.9469691887478354e-19
57	4	1.1721990057463081e-25
57	5	3.9264554801663963e-32
57	6	1.1102230246251565e-16
59	0	0.99999900160049848
59	1	9.9839877955658573e-07
59	2	7.220419514534528e-13
59	3	3.484791487642232e-19
59	4	1.3579528904024008e-25
59	5	4.5861780597854558e-32
62	0	0.99999977000002649
62	1	2.2999993293200974e-07
62	2	4.0617985653724884e-14
62	3	6.5955937974804471e-21
62	4	1.0361715072477753e-27
62	5	1.6057410153240667e-34
63	0	0.99999957200009171
63	1	4.2799979045125135e-07
63	2	1.1795673498222983e-13
63	3	2.6787350838039747e-20
63	4	5.4699696826992091e-27
63	5	1.0465825953789472e-33
65	0	0.99999896200053873
65	1	1.0379986900448271e-06
65	2	7.7123297765288681e-13
65	3	3.8216283549901983e-19
65	4	1.5263437310838147e-25
65	5	5.2734990166217015e-32
66	0	0.99999811640177405
66	1	1.8835962832841455e-06
66	2	1.9427406439614978e-12
66	3	1.8429431062448735e-18
66	4	1.2490178868957985e-24
66	5	7.1017486911898692e-31
66	6	2.1810420434588513e-37
67	0	0.99999864120092308
67	1	1.3587980672442533e-06
67	2	1.0095868997527513e-12
67	3	5.4380454155449509e-19
67	4	2.3768853610613143e-25
67	5	8.9515594819203551e-32
68	0	0.99999807680184938
68	1	1.9231961289869344e-06
68	2	2.0216631853173247e-12
68	3	1.9444479910081735e-18
68	4	1.3364515324481713e-24
68	5	7.702228075400798e-31
68	6	2.6821094121750278e-37
69	0	0.99999876000076882
69	1	1.2399983835370525e-06
69	2	8.4766284107457152e-13
69	3	4.2308504691614821e-19
69	4	1.7242902444837965e-25
69	5	6.0884907167176488e-32
70	0	0.99999767880269397
70	1	2.3211944040577866e-06
70	2	2.9019569839376972e-12
70	3	2.5951335652620347e-18
70	4	1.860844417007419e-24
70	5	1.137489574868274e-30
70	6	5.2065035405326525e-37

[frame_retry_cdf]
frame_id	retry_count	cumulative_probability
0	0	0.99999803720192637
0	1	0.99999999999750533
0	2	1
0	3	1
0	4	1
0	5	1
0	6	1
2	0	0.999998439201218
2	1	0.99999999999868261
2	2	0.99999999999999989
2	3	0.99999999999999989
2	4	0.99999999999999989
2	5	0.99999999999999989
2	6	1
3	0	0.99999953240010941
3	1	0.999999999999862
3	2	1
3	3	1
3	4	1
3	5	1
6	0	0.9999996908000478
6	1	0.99999999999993316
6	2	1
6	3	1
6	4	1
6	5	1
7	0	0.99999988880000623
7	1	0.99999999999998701
7	2	1
7	3	1
7	4	1
7	5	1
9	0	0.99999965120006085
9	1	0.99999999999991773
9	2	1
9	3	1
9	4	1
9	5	1
12	0	0.99999949280012868
12	1	0.99999999999984013
12	2	1
12	3	1
12	4	1
12	5	1
14	0	0.99999799760200481
14	1	0.99999999999741529
14	2	1
14	3	1
14	4	1
14	5	1
14	6	1
15	0	0.9999998492000115
15	1	0.99999999999997946
15	2	1
15	3	1
15	4	1
15	5	1
18	0	0.99999872040081872
18	1	0.99999999999909994
18	2	1
18	3	1
18	4	1
18	5	1
19	0	0.99999860160097775
19	1	0.9999999999989333
19	2	1
19	3	1
19	4	1
19	5	1
20	0	0.99999980960001822
20	1	0.99999999999997025
20	2	1
20	3	1
20	4	1
20	5	1
22	0	0.99999945120015066
22	1	0.9999999999998157
22	2	1
22	3	1
22	4	1
22	5	1
23	0	0.99999941160017314
23	1	0.99999999999979072
23	2	1
23	3	1
23	4	1
23	5	1
26	0	0.99999937000019845
26	1	0.99999999999976275
26	2	1
26	3	1
26	4	1
26	5	1
27	0	0.99999839760128384
27	1	0.99999999999861422
27	2	1
27	3	1
27	4	1
27	5	1
28	0	0.99999835800134806
28	1	0.9999999999985475
28	2	1
28	3	1
28	4	1
28	5	1
30	0	0.99999932840022554
30	1	0.9999999999997331
30	2	1
30	3	1
30	4	1
30	5	1
31	0	0.99999831840141384
31	1	0.99999999999847911
31	2	0.99999999999999989
31	3	0.99999999999999989
31	4	0.99999999999999989
31	5	0.99999999999999989
31	6	1
32	0	0.99999868080087007
32	1	0.99999999999904587
32	2	0.99999999999999989
32	3	0.99999999999999989
32	4	0.99999999999999989
32	5	0.99999999999999989
32	6	1
33	0	0.99999827680148468
33	1	0.99999999999836087
33	2	1
33	3	1
33	4	1
33	5	1
33	6	1
36	0	0.99999856200103399
36	1	0.99999999999887468
36	2	1
36	3	1
36	4	1
36	5	1
37	0	0.99999775800251323
37	1	0.99999999999728584
37	2	1
37	3	1
37	4	1
37	5	1
37	6	1
38	0	0.99999928880025302
38	1	0.99999999999970335
38	2	1
38	3	1
38	4	1
38	5	1
39	0	0.99999924720028333
39	1	0.99999999999967026
39	2	1
39	3	1
39	4	1
39	5	1
40	0	0.99999851840109755
40	1	0.99999999999880818
40	2	1
40	3	1
40	4	1
40	5	1
43	0	0.99999771840260288
43	1	0.9999999999971928
43	2	1
43	3	1
43	4	1
43	5	1
43	6	1
44	0	0.99999823720155367
44	1	0.99999999999828826
44	2	0.99999999999999989
44	3	0.99999999999999989
44	4	0.99999999999999989
44	5	0.99999999999999989
44	6	0.99999999999999989
44	7	1
45	0	0.99999973040003642
45	1	0.99999999999994715
45	2	1
45	3	1
45	4	1
45	5	1
46	0	0.99999961160007544
46	1	0.99999999999990064
46	2	1
46	3	1
46	4	1
46	5	1
47	0	0.99999767880269397
47	1	0.99999999999709799
47	2	1
47	3	1
47	4	1
47	5	1
47	6	1
48	0	0.99999920560031552
48	1	0.99999999999963551
48	2	1
48	3	1
48	4	1
48	5	1
49	0	0.99999916400034949
49	1	0.9999999999995991
49	2	1
49	3	1
49	4	1
49	5	1
50	0	0.99999819560162784
50	1	0.99999999999821032
50	2	0.99999999999999989
50	3	0.99999999999999989
50	4	0.99999999999999989
50	5	0.99999999999999989
50	6	0.99999999999999989
50	7	1
51	0	0.999998478801157
51	1	0.99999999999874623
51	2	1
51	3	1
51	4	1
51	5	1
53	0	0.99999912440038341
53	1	0.99999999999956279
53	2	1
53	3	1
53	4	1
53	5	1
55	0	0.99999815600170006
55	1	0.99999999999813449
55	2	0.99999999999999989
55	3	0.99999999999999989
55	4	0.99999999999999989
55	5	0.99999999999999989
55	6	0.99999999999999989
55	7	1
56	0	0.99999908480041877
56	1	0.99999999999952482
56	2	1
56	3	1
56	4	1
56	5	1
57	0	0.99999904120045957
57	1	0.99999999999947931
57	2	0.99999999999999989
57	3	0.99999999999999989
57	4	0.99999999999999989
57	5	0.99999999999999989
57	6	1
59	0	0.99999900160049848
59	1	0.99999999999927802
59	2	1
59	3	1
59	4	1
59	5	1
62	0	0.99999977000002649
62	1	0.99999999999995937
62	2	1
62	3	1
62	4	1
62	5	1
63	0	0.99999957200009171
63	1	0.99999999999988221
63	2	1
63	3	1
63	4	1
63	5	1
65	0	0.99999896200053873
65	1	0.99999999999922873
65	2	1
65	3	1
65	4	1
65	5	1
66	0	0.99999811640177405
66	1	0.99999999999805733
66	2	1
66	3	1
66	4	1
66	5	1
66	6	1
67	0	0.99999864120092308
67	1	0.99999999999899036
67	2	1
67	3	1
67	4	1
67	5	1
68	0	0.99999807680184938
68	1	0.99999999999797839
68	2	1
68	3	1
68	4	1
68	5	1
68	6	1
69	0	0.99999876000076882
69	1	0.99999999999915234
69	2	1
69	3	1
69	4	1
69	5	1
70	0	0.99999767880269397
70	1	0.99999999999709799
70	2	1
70	3	1
70	4	1
70	5	1
70	6	1

[frame_wcrt_distribution]
frame_id	response_time_ms	probability
0	1.9628000000000005	0.99999803720192637
0	2.2504000000000013	8.1151147711214807e-40
0	2.2524000000000006	1.9627955789942595e-06
0	2.3420000000000005	2.4947129573754163e-12
0	2.4108000000000005	2.0385718588985035e-32
0	2.4316000000000009	2.1239925855546906e-18
0	2.5004000000000004	4.1675898516407574e-38
0	2.5212000000000008	1.4427443196457101e-24
0	2.6108000000000007	8.1671170895152395e-31
0	2.7004000000000006	2.558686413147426e-37
2	1.5607999999999997	0.999998439201218
2	1.6243999999999998	1.5607974646385388e-06
2	1.6879999999999997	1.3173129763738221e-12
2	1.7184000000000004	8.1151147711214807e-40
2	1.7515999999999998	7.9811434796301932e-19
2	1.8151999999999997	3.8896334376487861e-25
2	1.8787999999999998	1.6206434639885271e-31
2	100.06359999999999	1.1102230246251565e-16
3	0.46760000000000002	0.99999953240010941
3	0.5292	4.6759975254614549e-07
3	0.59079999999999999	1.3812895839338732e-13
3	0.65240000000000009	3.317041258894908e-20
3	0.71399999999999997	7.0918180720400799e-27
3	0.77560000000000007	1.4100813548152298e-33
6	0.30920000000000003	0.9999996908000478
6	0.37080000000000002	3.0919988534866147e-07
6	0.43240000000000001	6.6849011094481323e-14
6	0.49400000000000005	1.2575982320796543e-20
6	0.55560000000000009	2.2096053533957277e-27
6	0.61719999999999997	3.7390535450429703e-34
7	0.11119999999999999	0.99999988880000623
7	0.17280000000000001	1.1119998078464181e-07
7	0.2344	1.3032636945149549e-14
7	0.29600000000000004	1.6238160526837106e-21
7	0.35760000000000003	2.118780272212041e-28
7	0.41920000000000002	2.8615971466066178e-35
9	0.3488	0.99999965120006085
9	0.41039999999999999	3.4879985685250897e-07
9	0.47199999999999998	8.2316761146479472e-14
9	0.53360000000000007	1.6552234709058544e-20
9	0.59519999999999995	3.0644584951633629e-27
9	0.65680000000000005	5.4091318335875306e-34
12	0.50719999999999998	0.99999949280012868
12	0.56879999999999997	5.0719971150472205e-07
12	0.63039999999999996	1.5986933921833684e-13
12	0.69199999999999995	4.0479942121203689e-20
12	0.75360000000000005	9.0446204179682708e-27
12	0.81519999999999992	1.866613398938607e-33
14	2.0024000000000006	0.99999799760200481
14	2.2900000000000014	8.1151147711214807e-40
14	2.2920000000000007	2.0023954105044591e-06
14	2.3816000000000006	2.5846917642907658e-12
14	2.4504000000000006	2.2160783076099266e-32
14	2.471200000000001	2.2342822237442796e-18
14	2.5400000000000005	4.7618287840761063e-38
14	2.5608000000000009	1.5395781031999826e-24
14	2.6504000000000008	8.8319356756346012e-31
14	2.7400000000000007	2.8182333848632964e-37
15	0.15079999999999999	0.9999998492000115
15	0.21239999999999998	1.5079996797008355e-07
15	0.27400000000000002	2.0659594339270336e-14
15	0.33560000000000001	2.83070003135024e-21
15	0.3972	3.9374735260512e-28
15	0.45879999999999999	5.5681839355953999e-35
18	1.2795999999999996	0.99999872040081872
18	1.3431999999999997	1.2795982812424338e-06
18	1.4067999999999996	9.0006937378151496e-13
18	1.4371999999999996	8.1151147711214807e-40
18	1.4703999999999997	4.6109809772352552e-19
18	1.5339999999999996	1.9245907862581361e-25
18	1.5975999999999997	6.9464764503796898e-32
19	1.3983999999999994	0.99999860160097775
19	1.4619999999999995	1.398397955540693e-06
19	1.5255999999999994	1.066697892644453e-12
19	1.5559999999999998	8.1151147711214807e-40
19	1.5891999999999995	5.8862213212362869e-19
19	1.6527999999999994	2.6307547808035893e-25
19	1.7163999999999995	1.011401333504241e-31
20	0.19039999999999999	0.99999980960001822
20	0.252	1.9039995201920604e-07
20	0.31359999999999999	2.9854710637561275e-14
20	0.37519999999999998	4.4672595932172201e-21
20	0.43679999999999997	6.611551751945561e-28
20	0.49839999999999995	9.7903373536717013e-35
22	0.54880000000000007	0.99999945120015066
22	0.61040000000000005	5.4879966501258246e-07
22	0.67200000000000004	1.8439667608539218e-13
22	0.73360000000000003	4.9224484763571433e-20
22	0.79520000000000013	1.1498246896253362e-26
22	0.85680000000000001	2.464622264733016e-33
23	0.58840000000000003	0.99999941160017314
23	0.65000000000000002	5.88399617540125e-07
23	0.71160000000000001	2.0935257102465791e-13
23	0.77320000000000011	5.8627958071511945e-20
23	0.83479999999999999	1.4262917855351727e-26
23	0.89640000000000009	3.1659093330283539e-33
26	0.63000000000000012	0.99999937000019845
26	0.6916000000000001	6.2999956429215046e-07
26	0.75320000000000009	2.3725782129734217e-13
26	0.81480000000000019	6.9709342400804899e-20
26	0.87640000000000007	1.766997901730365e-26
26	0.93800000000000017	4.0641553849363749e-33
27	1.6023999999999998	0.99999839760128384
27	1.6659999999999999	1.6023973304038238e-06
27	1.7295999999999998	1.3857531231993294e-12
27	1.7600000000000005	1.0382104335251053e-39
27	1.7931999999999999	8.5876901721668657e-19
27	1.8567999999999998	4.2741943955695771e-25
27	1.9203999999999999	1.8161667821449506e-31
28	1.6419999999999999	0.99999835800134806
28	1.7056	1.6419971994071889e-06
28	1.7691999999999999	1.4525106302159245e-12
28	1.7996000000000005	8.1151147711214807e-40
28	1.8328	9.1928729667536812e-19
28	1.8963999999999999	4.6660665367692253e-25
28	1.96	2.0193677945587539e-31
30	0.67160000000000009	0.99999932840022554
30	0.73320000000000007	6.7159950758306081e-07
30	0.79480000000000006	2.6689362787286103e-13
30	0.85640000000000005	8.2094182483845406e-20
30	0.91800000000000015	2.1648464145500786e-26
30	0.97960000000000003	5.1537598476976204e-33
31	1.6816	0.99999831840141384
31	1.7452000000000001	1.6815970652742402e-06
31	1.8088	1.5208362891088353e-12
31	1.8392000000000006	8.1151147711214807e-40
31	1.8724000000000001	9.8257995481823742e-19
31	1.9359999999999999	5.0842473986581607e-25
31	1.9996	2.2403361299009129e-31
31	100.06359999999999	1.1102230246251565e-16
32	1.3191999999999995	0.99999868080087007
32	1.3827999999999996	1.3191981758115012e-06
32	1.4463999999999995	9.5404406006967486e-13
32	1.4767999999999997	8.1151147711214807e-40
32	1.5099999999999996	5.013172296770793e-19
32	1.5735999999999994	2.1418140258435135e-25
32	1.6371999999999995	7.8983377334024387e-32
32	20.063600000000001	1.1102230246251565e-16
33	1.7232000000000001	0.99999827680148468
33	1.8128	1.7231968761858716e-06
33	1.9024000000000001	1.6391047217642131e-12
33	1.992	1.1396257106633212e-18
33	2.0108000000000006	1.3610212993976972e-38
33	2.1712000000000002	1.4875650595609642e-31
33	2.2816000000000001	6.4761260175741195e-25
33	2.3712000000000004	2.9988516004292222e-31
33	2.4608000000000003	5.8997284798927405e-38
36	1.4379999999999993	0.99999856200103399
36	1.5015999999999994	1.4379978407008215e-06
36	1.5651999999999993	1.1253770385584819e-12
36	1.5955999999999999	8.1151147711214807e-40
36	1.6287999999999994	6.3583210014249871e-19
36	1.6923999999999992	2.9043968650281243e-25
36	1.7559999999999993	1.1393968123159225e-31
37	2.2420000000000004	0.99999775800251323
37	2.329600000000001	8.1151147711214807e-40
37	2.3316000000000003	2.2419947725588939e-06
37	2.4212000000000002	2.714158628471176e-12
37	2.4900000000000007	2.2969517636913341e-32
37	2.5108000000000006	2.3556323366175657e-18
37	2.5796000000000006	5.4250586985470737e-38
37	2.6004000000000005	1.6426449743837591e-24
37	2.6900000000000004	9.5530863851023304e-31
37	2.7796000000000003	3.0982337054025226e-37
38	0.71120000000000005	0.99999928880025302
38	0.77280000000000004	7.1119945038485183e-07
38	0.83440000000000003	2.9671239242307681e-13
38	0.89600000000000013	9.516037126960249e-20
38	0.95760000000000001	2.6021510477578409e-26
38	1.0192000000000001	6.3951064282135926e-33
39	0.75280000000000002	0.99999924720028333
39	0.81440000000000001	7.5279938691992957e-07
39	0.876	3.2972611115980083e-13
39	0.93759999999999999	1.1029686034028186e-19
39	0.99920000000000009	3.1291415608208743e-26
39	1.0608	7.9438677705133511e-33
40	1.4815999999999996	0.99999851840109755
40	1.5451999999999997	1.4815977106334492e-06
40	1.6087999999999996	1.1917971226352479e-12
40	1.6392000000000002	1.312959050936332e-39
40	1.6723999999999997	6.9065205822186471e-19
40	1.7359999999999995	3.2297442685297419e-25
40	1.7995999999999996	1.2949498699986345e-31
43	2.281600000000001	0.99999771840260288
43	2.3692000000000015	1.0382104335251053e-39
43	2.3712000000000009	2.281594589876497e-06
43	2.4608000000000008	2.807273731852309e-12
43	2.5296000000000007	2.606396741655959e-32
43	2.5504000000000011	2.4734534965388346e-18
43	2.6192000000000006	6.1243399187568182e-38
43	2.640000000000001	1.7491977117119527e-24
43	2.7296000000000009	1.029423636427754e-30
43	2.8192000000000008	4.1136799175274344e-37
44	1.7628000000000001	0.99999823720155367
44	1.8524	1.7627967345923042e-06
44	1.9420000000000002	1.7116754759229967e-12
44	2.0316000000000001	1.2126272333520089e-18
44	2.0504000000000007	8.1151147711214807e-40
44	2.2108000000000003	1.6362382706120542e-31
44	2.3212000000000002	7.0102845643025767e-25
44	2.4108000000000005	3.2751042619115685e-31
44	2.5004000000000004	7.0790290215911266e-38
44	100.0896	1.1102230246251565e-16
45	0.26960000000000001	0.99999973040003642
45	0.33119999999999999	2.6959991070849496e-07
45	0.39280000000000004	5.2949419201464045e-14
45	0.45440000000000003	9.2778016934993023e-21
45	0.51600000000000001	1.5433254820438482e-27
45	0.5776	2.5006169572743513e-34
46	0.38839999999999997	0.99999961160007544
46	0.44999999999999996	3.8839982522003916e-07
46	0.51159999999999994	9.9352669171161429e-14
46	0.57319999999999993	2.1268657878135151e-20
46	0.63480000000000003	4.139791400766782e-27
46	0.69639999999999991	7.612595759918745e-34
47	2.321200000000001	0.99999767880269397
47	2.4088000000000012	8.1151147711214807e-40
47	2.4108000000000009	2.3211944040577832e-06
47	2.5004000000000008	2.9019569839376891e-12
47	2.5900000000000012	2.5951335652620301e-18
47	2.6588000000000007	6.9839660542938183e-38
47	2.6796000000000011	1.8608444170074139e-24
47	2.769200000000001	1.1374895740567558e-30
47	2.8588000000000009	4.5081069351032335e-37
48	0.7944	0.99999920560031552
48	0.85599999999999998	7.9439931999389071e-07
48	0.91759999999999997	3.644703855618213e-13
48	0.97920000000000007	1.2694931722716789e-19
48	1.1024	4.3780254866793465e-33
48	1.2012000000000003	3.7318941987487131e-26
48	1.2628000000000004	1.1385130327006282e-32
49	0.83599999999999997	0.99999916400034949
49	0.89759999999999995	8.3599924960673631e-07
49	0.95919999999999994	4.0094521541316546e-13
49	1.0207999999999999	1.4518973296357813e-19
49	1.1439999999999999	5.425302342051126e-33
49	1.2428000000000001	4.4173096776777069e-26
49	1.3044000000000002	1.3592486841143425e-32
50	1.8044000000000002	0.99999819560162784
50	1.8940000000000001	1.804396582469638e-06
50	1.9836000000000003	1.7896003701451871e-12
50	2.092000000000001	1.0382104335251053e-39
50	2.2524000000000002	1.1197206237182459e-31
50	2.2732000000000006	1.2925965163755968e-18
50	2.3628000000000005	1.0191425947372467e-24
50	2.4524000000000004	4.7618724481108237e-31
50	2.5420000000000003	7.8242696573026811e-38
50	100.0896	1.1102230246251565e-16
51	1.5211999999999997	0.999998478801157
51	1.5847999999999998	1.5211975892041506e-06
51	1.6483999999999996	1.2537709732822253e-12
51	1.6788000000000003	8.1151147711214807e-40
51	1.7119999999999997	7.430907299609132e-19
51	1.7755999999999996	3.5482132468990259e-25
51	1.8391999999999997	1.4505081889799616e-31
53	0.87559999999999982	0.99999912440038341
53	0.93719999999999981	8.7559917938806372e-07
53	0.9987999999999998	4.3727420325030687e-13
53	1.1835999999999998	4.7020977519247651e-33
53	1.2208000000000001	1.6409426782292861e-19
53	1.2824	7.7852188174642772e-26
53	1.3440000000000001	2.1615856228074576e-32
55	1.8440000000000003	0.99999815600170006
55	1.9336000000000002	1.8439964344450472e-06
55	2.0232000000000001	1.865386625945959e-12
55	2.131600000000001	8.1151147711214807e-40
55	2.2920000000000003	2.5048616714220181e-32
55	2.3128000000000006	1.3719094205375553e-18
55	2.3816000000000002	2.742064407709046e-38
55	2.4024000000000005	1.0951816309226313e-24
55	2.4920000000000004	6.1520369919430171e-31
55	2.5816000000000003	1.6759051443751349e-37
55	100.0896	1.1102230246251565e-16
56	0.9151999999999999	0.99999908480041877
56	0.97679999999999989	9.1519910603307693e-07
56	1.0384	4.7517134658181734e-13
56	1.2231999999999998	5.8156196769784203e-33
56	1.2604000000000002	1.8456510070733332e-19
56	1.3220000000000001	8.9372967284626353e-26
56	1.3836000000000002	2.5042729320811696e-32
57	0.95879999999999976	0.99999904120045957
57	1.0223999999999998	9.5879901972338157e-07
57	1.2464	5.2062775108916684e-13
57	1.2767999999999997	7.0186164977270301e-33
57	1.3100000000000001	2.9469691887478354e-19
57	1.3735999999999999	1.1721990057463081e-25
57	1.4372	3.2245938303936942e-32
57	10.063599999999999	1.1102230246251565e-16
59	0.99839999999999973	0.99999900160049848
59	1.2224000000000002	9.9839877955658573e-07
59	1.286	7.220419514534528e-13
59	1.3163999999999998	6.7524052575999457e-33
59	1.3496000000000001	3.484791487642232e-19
59	1.4132	1.3579528904024008e-25
59	1.4768000000000001	3.9109375340254605e-32
62	0.22999999999999998	0.99999977000002649
62	0.29159999999999997	2.2999993293200974e-07
62	0.35319999999999996	4.0617985653724884e-14
62	0.4148	6.5955937974804471e-21
62	0.47639999999999999	1.0361715072477753e-27
62	0.53800000000000003	1.6057410153240667e-34
63	0.42799999999999994	0.99999957200009171
63	0.48959999999999992	4.2799979045125135e-07
63	0.55119999999999991	1.1795673498222983e-13
63	0.61280000000000001	2.6787350838039747e-20
63	0.67439999999999989	5.4699696826992091e-27
63	0.73599999999999999	1.0465825953789472e-33
65	1.0379999999999998	0.99999896200053873
65	1.262	1.0379986900448271e-06
65	1.3255999999999999	7.7123297765288681e-13
65	1.3559999999999999	8.2668718894343886e-33
65	1.3892	3.8216283549901983e-19
65	1.4527999999999999	1.5263437310838147e-25
65	1.5164	4.4468118276782647e-32
66	1.8836000000000004	0.99999811640177405
66	1.9732000000000003	1.8835962832841455e-06
66	2.1712000000000011	8.1151147711214807e-40
66	2.2628000000000004	1.9427406439614978e-12
66	2.3316000000000003	1.7453122172074912e-32
66	2.3524000000000007	1.8429431062448735e-18
66	2.4212000000000002	3.1630077618221895e-38
66	2.4420000000000006	1.2490178868957985e-24
66	2.5316000000000005	6.9272174613540047e-31
66	2.6212000000000004	1.8647412672766324e-37
67	1.3587999999999996	0.99999864120092308
67	1.4223999999999997	1.3587980672442533e-06
67	1.4859999999999995	1.0095868997527513e-12
67	1.5164	8.1151147711214807e-40
67	1.5495999999999996	5.4380454155449509e-19
67	1.6131999999999995	2.3768853610613143e-25
67	1.6767999999999996	8.9515594007692079e-32
68	1.9232000000000002	0.99999807680184938
68	2.0128000000000004	1.9231961289869344e-06
68	2.2108000000000008	8.1151147711214807e-40
68	2.3024	2.0216631853173247e-12
68	2.3712000000000004	1.902211826513844e-32
68	2.3920000000000003	1.9444479910081735e-18
68	2.4608000000000003	3.6364770722504862e-38
68	2.4816000000000003	1.3364515324481713e-24
68	2.5712000000000002	7.512006884634298e-31
68	2.6608000000000001	2.3184617049499795e-37
69	1.2399999999999998	0.99999876000076882
69	1.3035999999999999	1.2399983835370525e-06
69	1.3671999999999997	8.4766284107457152e-13
69	1.3975999999999997	1.0382104335251053e-39
69	1.4307999999999998	4.2308504691614821e-19
69	1.4943999999999997	1.7242902444837965e-25
69	1.5579999999999998	6.088490612896605e-32
70	2.3212000000000015	0.99999767880269397
70	2.4088000000000016	8.1151147711214807e-40
70	2.4108000000000014	2.3211944040577866e-06
70	2.5004000000000013	2.9019569839376972e-12
70	2.5900000000000016	2.5951335652620347e-18
70	2.6588000000000012	6.9839660542938183e-38
70	2.6796000000000015	1.860844417007419e-24
70	2.7692000000000014	1.1374895740567624e-30
70	2.8588000000000013	4.5081069351032711e-37

[frame_wcrt_cdf]
frame_id	response_time_ms	cumulative_probability
0	1.9628000000000005	0.99999803720192637
0	2.2504000000000013	0.99999803720192637
0	2.2524000000000006	0.99999999999750533
0	2.3420000000000005	1
0	2.4108000000000005	1
0	2.4316000000000009	1
0	2.5004000000000004	1
0	2.5212000000000008	1
0	2.6108000000000007	1
0	2.7004000000000006	1
2	1.5607999999999997	0.999998439201218
2	1.6243999999999998	0.99999999999868261
2	1.6879999999999997	0.99999999999999989
2	1.7184000000000004	0.99999999999999989
2	1.7515999999999998	0.99999999999999989
2	1.8151999999999997	0.99999999999999989
2	1.8787999999999998	0.99999999999999989
2	100.06359999999999	1
3	0.46760000000000002	0.99999953240010941
3	0.5292	0.999999999999862
3	0.59079999999999999	1
3	0.65240000000000009	1
3	0.71399999999999997	1
3	0.77560000000000007	1
6	0.30920000000000003	0.9999996908000478
6	0.37080000000000002	0.99999999999993316
6	0.43240000000000001	1
6	0.49400000000000005	1
6	0.55560000000000009	1
6	0.61719999999999997	1
7	0.11119999999999999	0.99999988880000623
7	0.17280000000000001	0.99999999999998701
7	0.2344	1
7	0.29600000000000004	1
7	0.35760000000000003	1
7	0.41920000000000002	1
9	0.3488	0.99999965120006085
9	0.41039999999999999	0.99999999999991773
9	0.47199999999999998	1
9	0.53360000000000007	1
9	0.59519999999999995	1
9	0.65680000000000005	1
12	0.50719999999999998	0.99999949280012868
12	0.56879999999999997	0.99999999999984013
12	0.63039999999999996	1
12	0.69199999999999995	1
12	0.75360000000000005	1
12	0.81519999999999992	1
14	2.0024000000000006	0.99999799760200481
14	2.2900000000000014	0.99999799760200481
14	2.2920000000000007	0.99999999999741529
14	2.3816000000000006	1
14	2.4504000000000006	1
14	2.471200000000001	1
14	2.5400000000000005	1
14	2.5608000000000009	1
14	2.6504000000000008	1
14	2.7400000000000007	1
15	0.15079999999999999	0.9999998492000115
15	0.21239999999999998	0.99999999999997946
15	0.27400000000000002	1
15	0.33560000000000001	1
15	0.3972	1
15	0.45879999999999999	1
18	1.2795999999999996	0.99999872040081872
18	1.3431999999999997	0.99999999999909994
18	1.4067999999999996	1
18	1.4371999999999996	1
18	1.4703999999999997	1
18	1.5339999999999996	1
18	1.5975999999999997	1
19	1.3983999999999994	0.99999860160097775
19	1.4619999999999995	0.9999999999989333
19	1.5255999999999994	1
19	1.5559999999999998	1
19	1.5891999999999995	1
19	1.6527999999999994	1
19	1.7163999999999995	1
20	0.19039999999999999	0.99999980960001822
20	0.252	0.99999999999997025
20	0.31359999999999999	1
20	0.37519999999999998	1
20	0.43679999999999997	1
20	0.49839999999999995	1
22	0.54880000000000007	0.99999945120015066
22	0.61040000000000005	0.9999999999998157
22	0.67200000000000004	1
22	0.73360000000000003	1
22	0.79520000000000013	1
22	0.85680000000000001	1
23	0.58840000000000003	0.99999941160017314
23	0.65000000000000002	0.99999999999979072
23	0.71160000000000001	1
23	0.77320000000000011	1
23	0.83479999999999999	1
23	0.89640000000000009	1
26	0.63000000000000012	0.99999937000019845
26	0.6916000000000001	0.99999999999976275
26	0.75320000000000009	1
26	0.81480000000000019	1
26	0.87640000000000007	1
26	0.93800000000000017	1
27	1.6023999999999998	0.99999839760128384
27	1.6659999999999999	0.99999999999861422
27	1.7295999999999998	1
27	1.7600000000000005	1
27	1.7931999999999999	1
27	1.8567999999999998	1
27	1.9203999999999999	1
28	1.6419999999999999	0.99999835800134806
28	1.7056	0.9999999999985475
28	1.7691999999999999	1
28	1.7996000000000005	1
28	1.8328	1
28	1.8963999999999999	1
28	1.96	1
30	0.67160000000000009	0.99999932840022554
30	0.73320000000000007	0.9999999999997331
30	0.79480000000000006	1
30	0.85640000000000005	1
30	0.91800000000000015	1
30	0.97960000000000003	1
31	1.6816	0.99999831840141384
31	1.7452000000000001	0.99999999999847911
31	1.8088	0.99999999999999989
31	1.8392000000000006	0.99999999999999989
31	1.8724000000000001	0.99999999999999989
31	1.9359999999999999	0.99999999999999989
31	1.9996	0.99999999999999989
31	100.06359999999999	1
32	1.3191999999999995	0.99999868080087007
32	1.3827999999999996	0.99999999999904587
32	1.4463999999999995	0.99999999999999989
32	1.4767999999999997	0.99999999999999989
32	1.5099999999999996	0.99999999999999989
32	1.5735999999999994	0.99999999999999989
32	1.6371999999999995	0.99999999999999989
32	20.063600000000001	1
33	1.7232000000000001	0.99999827680148468
33	1.8128	0.99999999999836087
33	1.9024000000000001	1
33	1.992	1
33	2.0108000000000006	1
33	2.1712000000000002	1
33	2.2816000000000001	1
33	2.3712000000000004	1
33	2.4608000000000003	1
36	1.4379999999999993	0.99999856200103399
36	1.5015999999999994	0.99999999999887468
36	1.5651999999999993	1
36	1.5955999999999999	1
36	1.6287999999999994	1
36	1.6923999999999992	1
36	1.7559999999999993	1
37	2.2420000000000004	0.99999775800251323
37	2.329600000000001	0.99999775800251323
37	2.3316000000000003	0.99999999999728584
37	2.4212000000000002	1
37	2.4900000000000007	1
37	2.5108000000000006	1
37	2.5796000000000006	1
37	2.6004000000000005	1
37	2.6900000000000004	1
37	2.7796000000000003	1
38	0.71120000000000005	0.99999928880025302
38	0.77280000000000004	0.99999999999970335
38	0.83440000000000003	1
38	0.89600000000000013	1
38	0.95760000000000001	1
38	1.0192000000000001	1
39	0.75280000000000002	0.99999924720028333
39	0.81440000000000001	0.99999999999967026
39	0.876	1
39	0.93759999999999999	1
39	0.99920000000000009	1
39	1.0608	1
40	1.4815999999999996	0.99999851840109755
40	1.5451999999999997	0.99999999999880818
40	1.6087999999999996	1
40	1.6392000000000002	1
40	1.6723999999999997	1
40	1.7359999999999995	1
40	1.7995999999999996	1
43	2.281600000000001	0.99999771840260288
43	2.3692000000000015	0.99999771840260288
43	2.3712000000000009	0.9999999999971928
43	2.4608000000000008	1
43	2.5296000000000007	1
43	2.5504000000000011	1
43	2.6192000000000006	1
43	2.640000000000001	1
43	2.7296000000000009	1
43	2.8192000000000008	1
44	1.7628000000000001	0.99999823720155367
44	1.8524	0.99999999999828826
44	1.9420000000000002	0.99999999999999989
44	2.0316000000000001	0.99999999999999989
44	2.0504000000000007	0.99999999999999989
44	2.2108000000000003	0.99999999999999989
44	2.3212000000000002	0.99999999999999989
44	2.4108000000000005	0.99999999999999989
44	2.5004000000000004	0.99999999999999989
44	100.0896	1
45	0.26960000000000001	0.99999973040003642
45	0.33119999999999999	0.99999999999994715
45	0.39280000000000004	1
45	0.45440000000000003	1
45	0.51600000000000001	1
45	0.5776	1
46	0.38839999999999997	0.99999961160007544
46	0.44999999999999996	0.99999999999990064
46	0.51159999999999994	1
46	0.57319999999999993	1
46	0.63480000000000003	1
46	0.69639999999999991	1
47	2.321200000000001	0.99999767880269397
47	2.4088000000000012	0.99999767880269397
47	2.4108000000000009	0.99999999999709799
47	2.5004000000000008	1
47	2.5900000000000012	1
47	2.6588000000000007	1
47	2.6796000000000011	1
47	2.769200000000001	1
47	2.8588000000000009	1
48	0.7944	0.99999920560031552
48	0.85599999999999998	0.99999999999963551
48	0.91759999999999997	1
48	0.97920000000000007	1
48	1.1024	1
48	1.2012000000000003	1
48	1.2628000000000004	1
49	0.83599999999999997	0.99999916400034949
49	0.89759999999999995	0.9999999999995991
49	0.95919999999999994	1
49	1.0207999999999999	1
49	1.1439999999999999	1
49	1.2428000000000001	1
49	1.3044000000000002	1
50	1.8044000000000002	0.99999819560162784
50	1.8940000000000001	0.99999999999821032
50	1.9836000000000003	0.99999999999999989
50	2.092000000000001	0.99999999999999989
50	2.2524000000000002	0.99999999999999989
50	2.2732000000000006	0.99999999999999989
50	2.3628000000000005	0.99999999999999989
50	2.4524000000000004	0.99999999999999989
50	2.5420000000000003	0.99999999999999989
50	100.0896	1
51	1.5211999999999997	0.999998478801157
51	1.5847999999999998	0.99999999999874623
51	1.6483999999999996	1
51	1.6788000000000003	1
51	1.7119999999999997	1
51	1.7755999999999996	1
51	1.8391999999999997	1
53	0.87559999999999982	0.99999912440038341
53	0.93719999999999981	0.99999999999956279
53	0.9987999999999998	1
53	1.1835999999999998	1
53	1.2208000000000001	1
53	1.2824	1
53	1.3440000000000001	1
55	1.8440000000000003	0.99999815600170006
55	1.9336000000000002	0.99999999999813449
55	2.0232000000000001	0.99999999999999989
55	2.131600000000001	0.99999999999999989
55	2.2920000000000003	0.99999999999999989
55	2.3128000000000006	0.99999999999999989
55	2.3816000000000002	0.99999999999999989
55	2.4024000000000005	0.99999999999999989
55	2.4920000000000004	0.99999999999999989
55	2.5816000000000003	0.99999999999999989
55	100.0896	1
56	0.9151999999999999	0.99999908480041877
56	0.97679999999999989	0.99999999999952482
56	1.0384	1
56	1.2231999999999998	1
56	1.2604000000000002	1
56	1.3220000000000001	1
56	1.3836000000000002	1
57	0.95879999999999976	0.99999904120045957
57	1.0223999999999998	0.99999999999947931
57	1.2464	0.99999999999999989
57	1.2767999999999997	0.99999999999999989
57	1.3100000000000001	0.99999999999999989
57	1.3735999999999999	0.99999999999999989
57	1.4372	0.99999999999999989
57	10.063599999999999	1
59	0.99839999999999973	0.99999900160049848
59	1.2224000000000002	0.99999999999927802
59	1.286	1
59	1.3163999999999998	1
59	1.3496000000000001	1
59	1.4132	1
59	1.4768000000000001	1
62	0.22999999999999998	0.99999977000002649
62	0.29159999999999997	0.99999999999995937
62	0.35319999999999996	1
62	0.4148	1
62	0.47639999999999999	1
62	0.53800000000000003	1
63	0.42799999999999994	0.99999957200009171
63	0.48959999999999992	0.99999999999988221
63	0.55119999999999991	1
63	0.61280000000000001	1
63	0.67439999999999989	1
63	0.73599999999999999	1
65	1.0379999999999998	0.99999896200053873
65	1.262	0.99999999999922873
65	1.3255999999999999	1
65	1.3559999999999999	1
65	1.3892	1
65	1.4527999999999999	1
65	1.5164	1
66	1.8836000000000004	0.99999811640177405
66	1.9732000000000003	0.99999999999805733
66	2.1712000000000011	0.99999999999805733
66	2.2628000000000004	1
66	2.3316000000000003	1
66	2.3524000000000007	1
66	2.4212000000000002	1
66	2.4420000000000006	1
66	2.5316000000000005	1
66	2.6212000000000004	1
67	1.3587999999999996	0.99999864120092308
67	1.4223999999999997	0.99999999999899036
67	1.4859999999999995	1
67	1.5164	1
67	1.5495999999999996	1
67	1.6131999999999995	1
67	1.6767999999999996	1
68	1.9232000000000002	0.99999807680184938
68	2.0128000000000004	0.99999999999797839
68	2.2108000000000008	0.99999999999797839
68	2.3024	1
68	2.3712000000000004	1
68	2.3920000000000003	1
68	2.4608000000000003	1
68	2.4816000000000003	1
68	2.5712000000000002	1
68	2.6608000000000001	1
69	1.2399999999999998	0.99999876000076882
69	1.3035999999999999	0.99999999999915234
69	1.3671999999999997	1
69	1.3975999999999997	1
69	1.4307999999999998	1
69	1.4943999999999997	1
69	1.5579999999999998	1
70	2.3212000000000015	0.99999767880269397
70	2.4088000000000016	0.99999767880269397
70	2.4108000000000014	0.99999999999709799
70	2.5004000000000013	1
70	2.5900000000000016	1
70	2.6588000000000012	1
70	2.6796000000000015	1
70	2.7692000000000014	1
70	2.8588000000000013	1

[frame_distribution_quantiles]
frame_id	retry_q50	retry_q90	retry_q95	retry_q99	wcrt_q50_ms	wcrt_q90_ms	wcrt_q95_ms	wcrt_q99_ms
0	0	0	0	0	1.9628000000000005	1.9628000000000005	1.9628000000000005	1.9628000000000005
2	0	0	0	0	1.5607999999999997	1.5607999999999997	1.5607999999999997	1.5607999999999997
3	0	0	0	0	0.46760000000000002	0.46760000000000002	0.46760000000000002	0.46760000000000002
6	0	0	0	0	0.30920000000000003	0.30920000000000003	0.30920000000000003	0.30920000000000003
7	0	0	0	0	0.11119999999999999	0.11119999999999999	0.11119999999999999	0.11119999999999999
9	0	0	0	0	0.3488	0.3488	0.3488	0.3488
12	0	0	0	0	0.50719999999999998	0.50719999999999998	0.50719999999999998	0.50719999999999998
14	0	0	0	0	2.0024000000000006	2.0024000000000006	2.0024000000000006	2.0024000000000006
15	0	0	0	0	0.15079999999999999	0.15079999999999999	0.15079999999999999	0.15079999999999999
18	0	0	0	0	1.2795999999999996	1.2795999999999996	1.2795999999999996	1.2795999999999996
19	0	0	0	0	1.3983999999999994	1.3983999999999994	1.3983999999999994	1.3983999999999994
20	0	0	0	0	0.19039999999999999	0.19039999999999999	0.19039999999999999	0.19039999999999999
22	0	0	0	0	0.54880000000000007	0.54880000000000007	0.54880000000000007	0.54880000000000007
23	0	0	0	0	0.58840000000000003	0.58840000000000003	0.58840000000000003	0.58840000000000003
26	0	0	0	0	0.63000000000000012	0.63000000000000012	0.63000000000000012	0.63000000000000012
27	0	0	0	0	1.6023999999999998	1.6023999999999998	1.6023999999999998	1.6023999999999998
28	0	0	0	0	1.6419999999999999	1.6419999999999999	1.6419999999999999	1.6419999999999999
30	0	0	0	0	0.67160000000000009	0.67160000000000009	0.67160000000000009	0.67160000000000009
31	0	0	0	0	1.6816	1.6816	1.6816	1.6816
32	0	0	0	0	1.3191999999999995	1.3191999999999995	1.3191999999999995	1.3191999999999995
33	0	0	0	0	1.7232000000000001	1.7232000000000001	1.7232000000000001	1.7232000000000001
36	0	0	0	0	1.4379999999999993	1.4379999999999993	1.4379999999999993	1.4379999999999993
37	0	0	0	0	2.2420000000000004	2.2420000000000004	2.2420000000000004	2.2420000000000004
38	0	0	0	0	0.71120000000000005	0.71120000000000005	0.71120000000000005	0.71120000000000005
39	0	0	0	0	0.75280000000000002	0.75280000000000002	0.75280000000000002	0.75280000000000002
40	0	0	0	0	1.4815999999999996	1.4815999999999996	1.4815999999999996	1.4815999999999996
43	0	0	0	0	2.281600000000001	2.281600000000001	2.281600000000001	2.281600000000001
44	0	0	0	0	1.7628000000000001	1.7628000000000001	1.7628000000000001	1.7628000000000001
45	0	0	0	0	0.26960000000000001	0.26960000000000001	0.26960000000000001	0.26960000000000001
46	0	0	0	0	0.38839999999999997	0.38839999999999997	0.38839999999999997	0.38839999999999997
47	0	0	0	0	2.321200000000001	2.321200000000001	2.321200000000001	2.321200000000001
48	0	0	0	0	0.7944	0.7944	0.7944	0.7944
49	0	0	0	0	0.83599999999999997	0.83599999999999997	0.83599999999999997	0.83599999999999997
50	0	0	0	0	1.8044000000000002	1.8044000000000002	1.8044000000000002	1.8044000000000002
51	0	0	0	0	1.5211999999999997	1.5211999999999997	1.5211999999999997	1.5211999999999997
53	0	0	0	0	0.87559999999999982	0.87559999999999982	0.87559999999999982	0.87559999999999982
55	0	0	0	0	1.8440000000000003	1.8440000000000003	1.8440000000000003	1.8440000000000003
56	0	0	0	0	0.9151999999999999	0.9151999999999999	0.9151999999999999	0.9151999999999999
57	0	0	0	0	0.95879999999999976	0.95879999999999976	0.95879999999999976	0.95879999999999976
59	0	0	0	0	0.99839999999999973	0.99839999999999973	0.99839999999999973	0.99839999999999973
62	0	0	0	0	0.22999999999999998	0.22999999999999998	0.22999999999999998	0.22999999999999998
63	0	0	0	0	0.42799999999999994	0.42799999999999994	0.42799999999999994	0.42799999999999994
65	0	0	0	0	1.0379999999999998	1.0379999999999998	1.0379999999999998	1.0379999999999998
66	0	0	0	0	1.8836000000000004	1.8836000000000004	1.8836000000000004	1.8836000000000004
67	0	0	0	0	1.3587999999999996	1.3587999999999996	1.3587999999999996	1.3587999999999996
68	0	0	0	0	1.9232000000000002	1.9232000000000002	1.9232000000000002	1.9232000000000002
69	0	0	0	0	1.2399999999999998	1.2399999999999998	1.2399999999999998	1.2399999999999998
70	0	0	0	0	2.3212000000000015	2.3212000000000015	2.3212000000000015	2.3212000000000015

[signal_summary]
code	frame_id	period_ms	level	type	p_timeout	expected_wcrt_ms	wcrt_p95_ms	threshold_wcrt_ms	expected_retry_count	p_threshold
19766382	6	10	0	0	0	0.30920001904672123	0.30920000000000003	0.30920000000000003	3.0920001904672139e-07	1
59922030	45	2	0	0	0	0.26960001660736105	0.26960000000000001	0.26960000000000001	2.696000166073612e-07	1
73201716	69	20	3	0	0	1.2400000788640047	1.2399999999999998	1.3671999999999997	1.2400000788640039e-06	5.5555555555555561e-14
78389914	39	20	0	0	0	0.75280004637248288	0.75280000000000002	0.75280000000000002	7.5280004637248271e-07	1
164796451	18	20	0	0	0	1.279600081382565	1.2795999999999996	1.2795999999999996	1.2796000813825645e-06	1
263000657	47	1000	0	0	0	2.3212002079795395	2.321200000000001	2.321200000000001	2.3212002079795368e-06	1
278804486	59	20	0	0	0	0.99840022364153413	0.99839999999999973	0.99839999999999973	9.9840022364153419e-07	1
283170443	26	10	0	0	0	0.63000003880800259	0.63000000000000012	0.63000000000000012	6.3000003880800213e-07	1
291944820	26	10	0	0	0	0.63000003880800259	0.63000000000000012	0.63000000000000012	6.3000003880800213e-07	1
341312737	28	100	2	0	0	1.6420001044312065	1.6419999999999999	1.7056	1.6420001044312072e-06	2.7777777777777777e-12
374874416	3	10	0	0	0	0.46760002880416185	0.46760000000000002	0.46760000000000002	4.6760002880416178e-07	1
381161763	50	100	2	0	1.1102230246251565e-16	1.8044001616742658	1.8044000000000002	1.8940000000000001	1.804400162451412e-06	2.7777777777777777e-12
420807941	53	10	0	0	0	0.87560005393696327	0.87559999999999982	0.87559999999999982	8.7560005393696245e-07	1
467562868	57	10	0	0	1.1102230246251565e-16	0.95880006097976811	0.95879999999999976	0.95879999999999976	9.5880006164590174e-07	1
472186505	33	100	0	0	0	1.7232001543987339	1.7232000000000001	1.7232000000000001	1.723200154398734e-06	1
509981693	23	20	0	0	0	0.58840003624544235	0.58840000000000003	0.58840000000000003	5.8840003624544291e-07	1
559376799	48	20	0	0	0	0.7944000489350429	0.7944	0.7944	7.9440004893504267e-07	1
585909965	22	10	3	0	0	0.54880003380608222	0.54880000000000007	0.67200000000000004	5.4880003380608235e-07	2.7777777777777781e-14
618743701	22	20	0	0	0	0.54880003380608222	0.54880000000000007	0.54880000000000007	5.4880003380608235e-07	1
644407754	36	100	0	0	0	1.4380000914568052	1.4379999999999993	1.4379999999999993	1.4380000914568062e-06	1
661934172	56	10	0	0	0	0.91520005637632329	0.9151999999999999	0.9151999999999999	9.1520005637632386e-07	1
709455462	9	5	0	0	0	0.34880002148608136	0.3488	0.3488	3.4880002148608094e-07	1
743425908	43	1000	0	0	0	2.2816002044313795	2.281600000000001	2.281600000000001	2.2816002044313814e-06	1
754971014	57	20	0	0	1.1102230246251565e-16	0.95880006097976811	0.95879999999999976	0.95879999999999976	9.5880006164590174e-07	1
791709457	44	100	1	0	1.1102230246251565e-16	1.7628001579469053	1.7628000000000001	1.8524	1.7628001587240499e-06	2.7777777777777777e-12
797142698	26	10	2	0	0	0.63000003880800259	0.63000000000000012	0.6916000000000001	6.3000003880800213e-07	2.7777777777777779e-13
820042468	49	20	0	0	0	0.83600005149760315	0.83599999999999997	0.83599999999999997	8.3600005149760273e-07	1
840729669	56	20	0	0	0	0.91520005637632329	0.9151999999999999	0.9151999999999999	9.1520005637632386e-07	1
861651933	7	2	0	0	0	0.11120000684992042	0.11119999999999999	0.11119999999999999	1.1120000684992057e-07	1
869619414	22	10	0	0	0	0.54880003380608222	0.54880000000000007	0.54880000000000007	5.4880003380608235e-07	1
977475571	20	2	0	0	0	0.19040001172864071	0.19039999999999999	0.19039999999999999	1.9040001172864071e-07	1
985706836	33	100	0	0	0	1.7232001543987339	1.7232000000000001	1.7232000000000001	1.723200154398734e-06	1
986051662	31	100	0	0	1.1102230246251565e-16	1.6816001069497777	1.6816	1.6816	1.6816001076158999e-06	1
1006454629	69	20	2	0	0	1.2400000788640047	1.2399999999999998	1.3671999999999997	1.2400000788640039e-06	5.5555555555555559e-13
1027376805	26	20	1	0	0	0.63000003880800259	0.63000000000000012	0.6916000000000001	6.3000003880800213e-07	5.5555555555555559e-13
1103834236	27	100	0	0	0	1.6024001019126461	1.6023999999999998	1.6023999999999998	1.6024001019126464e-06	1
1104771992	50	100	0	0	1.1102230246251565e-16	1.8044001616742658	1.8044000000000002	1.8044000000000002	1.804400162451412e-06	1
1125496046	38	10	1	0	0	0.71120004380992285	0.71120000000000005	0.83440000000000003	7.1120004380992212e-07	2.7777777777777779e-13
1150722420	44	100	2	0	1.1102230246251565e-16	1.7628001579469053	1.7628000000000001	1.8524	1.7628001587240499e-06	2.7777777777777777e-12
1194539722	12	20	0	0	0	0.50720003124352198	0.50719999999999998	0.50719999999999998	5.0720003124352197e-07	1
1270407594	9	10	0	0	0	0.34880002148608136	0.3488	0.3488	3.4880002148608094e-07	1
1284558151	28	100	0	0	0	1.6420001044312065	1.6419999999999999	1.6419999999999999	1.6420001044312072e-06	1
1297183904	67	20	0	0	0	1.358800086419685	1.3587999999999996	1.3587999999999996	1.3588000864196842e-06	1
1312194252	62	1	1	0	0	0.23000001416800087	0.22999999999999998	0.35319999999999996	2.3000001416800085e-07	2.7777777777777774e-14
1394004486	65	10	0	0	0	1.038000232511928	1.0379999999999998	1.0379999999999998	1.0380002325119288e-06	1
1531493679	0	1000	0	0	0	1.9628005684265464	1.9628000000000005	1.9628000000000005	1.9628005684265459e-06	1
1622383229	57	10	1	0	1.1102230246251565e-16	0.95880006097976811	0.95879999999999976	1.2464	9.5880006164590174e-07	2.7777777777777779e-13
1624942123	12	10	3	0	0	0.50720003124352198	0.50719999999999998	0.63039999999999996	5.0720003124352197e-07	2.7777777777777781e-14
1672153609	59	10	0	0	0	0.99840022364153413	0.99839999999999973	0.99839999999999973	9.9840022364153419e-07	1
1672490147	40	100	0	0	0	1.4816000942297656	1.4815999999999996	1.4815999999999996	1.4816000942297666e-06	1
1684789266	27	100	0	0	0	1.6024001019126461	1.6023999999999998	1.6023999999999998	1.6024001019126464e-06	1
1692052945	19	100	0	0	0	1.3984000889382451	1.3983999999999994	1.3983999999999994	1.3984000889382441e-06	1
1695944591	38	20	0	0	0	0.71120004380992285	0.71120000000000005	0.71120000000000005	7.1120004380992212e-07	1
1712760931	20	1	0	0	0	0.19040001172864071	0.19039999999999999	0.19039999999999999	1.9040001172864071e-07	1
1760128965	23	10	2	0	0	0.58840003624544235	0.58840000000000003	0.65000000000000002	5.8840003624544291e-07	2.7777777777777779e-13
1874792373	37	1000	2	0	0	2.2420002008832181	2.2420000000000004	2.3316000000000003	2.2420002008832175e-06	2.7777777777777777e-11
1922297985	2	100	3	0	1.1102230246251565e-16	1.5608000992668969	1.5607999999999997	1.6879999999999997	1.5608000999330197e-06	2.7777777777777779e-13
1966811250	46	5	0	0	0	0.38840002392544148	0.38839999999999997	0.38839999999999997	3.8840002392544129e-07	1
1983043029	7	1	0	0	0	0.11120000684992042	0.11119999999999999	0.11119999999999999	1.1120000684992057e-07	1
2040845300	70	1000	0	1	0	2.32120020797954	2.3212000000000015	2.3212000000000015	2.3212002079795402e-06	1
2052652156	48	20	0	0	0	0.7944000489350429	0.7944	0.7944	7.9440004893504267e-07	1
2053049462	53	20	0	0	0	0.87560005393696327	0.87559999999999982	0.87559999999999982	8.7560005393696245e-07	1
2059694354	3	20	0	0	0	0.46760002880416185	0.46760000000000002	0.46760000000000002	4.6760002880416178e-07	1
2104643839	65	10	0	0	0	1.038000232511928	1.0379999999999998	1.0379999999999998	1.0380002325119288e-06	1
2135404716	28	100	0	0	0	1.6420001044312065	1.6419999999999999	1.6419999999999999	1.6420001044312072e-06	1
2154485430	14	1000	1	0	0	2.0024005798946911	2.0024000000000006	2.2920000000000007	2.0024005798946906e-06	2.7777777777777777e-11
2155657300	7	1	2	0	0	0.11120000684992042	0.11119999999999999	0.17280000000000001	1.1120000684992057e-07	2.7777777777777774e-14
2193743171	48	10	0	0	0	0.7944000489350429	0.7944	0.7944	7.9440004893504267e-07	1
2207223576	57	10	0	0	1.1102230246251565e-16	0.95880006097976811	0.95879999999999976	0.95879999999999976	9.5880006164590174e-07	1
2220104330	27	100	0	0	0	1.6024001019126461	1.6023999999999998	1.6023999999999998	1.6024001019126464e-06	1
2226349495	53	20	0	0	0	0.87560005393696327	0.87559999999999982	0.87559999999999982	8.7560005393696245e-07	1
2234017276	65	10	0	0	0	1.038000232511928	1.0379999999999998	1.0379999999999998	1.0380002325119288e-06	1
2248862125	30	20	0	0	0	0.67160004137056262	0.67160000000000009	0.67160000000000009	6.7160004137056283e-07	1
2321194090	40	100	0	0	0	1.4816000942297656	1.4815999999999996	1.4815999999999996	1.4816000942297666e-06	1
2337493190	68	100	0	0	0	1.9232001723191401	1.9232000000000002	1.9232000000000002	1.9232001723191386e-06	1
2342945368	39	20	0	0	0	0.75280004637248288	0.75280000000000002	0.75280000000000002	7.5280004637248271e-07	1
2371097067	36	50	0	0	0	1.4380000914568052	1.4379999999999993	1.4379999999999993	1.4380000914568062e-06	1
2435819500	57	20	0	0	1.1102230246251565e-16	0.95880006097976811	0.95879999999999976	0.95879999999999976	9.5880006164590174e-07	1
2450551427	49	10	2	0	0	0.83600005149760315	0.83599999999999997	0.95919999999999994	8.3600005149760273e-07	2.7777777777777779e-13
2473926981	51	100	2	0	0	1.5212000967483259	1.5211999999999997	1.5847999999999998	1.5212000967483264e-06	2.7777777777777777e-12
2491139296	56	20	1	0	0	0.91520005637632329	0.9151999999999999	0.97679999999999989	9.1520005637632386e-07	5.5555555555555559e-13
2524081072	57	20	2	0	1.1102230246251565e-16	0.95880006097976811	0.95879999999999976	1.0223999999999998	9.5880006164590174e-07	5.5555555555555559e-13
2563965944	39	10	2	0	0	0.75280004637248288	0.75280000000000002	0.876	7.5280004637248271e-07	2.7777777777777779e-13
2587223786	12	20	0	0	0	0.50720003124352198	0.50719999999999998	0.50719999999999998	5.0720003124352197e-07	1
2589752906	18	20	0	0	0	1.279600081382565	1.2795999999999996	1.2795999999999996	1.2796000813825645e-06	1
2605067284	65	10	1	0	0	1.038000232511928	1.0379999999999998	1.3255999999999999	1.0380002325119288e-06	2.7777777777777779e-13
2610649719	40	50	1	0	0	1.4816000942297656	1.4815999999999996	1.5451999999999997	1.4816000942297666e-06	1.3888888888888889e-12
2635406239	27	100	0	0	0	1.6024001019126461	1.6023999999999998	1.6023999999999998	1.6024001019126464e-06	1
2645658589	55	100	0	0	1.1102230246251565e-16	1.844000165222426	1.8440000000000003	1.8440000000000003	1.844000165999571e-06	1
2684218216	69	20	0	0	0	1.2400000788640047	1.2399999999999998	1.2399999999999998	1.2400000788640039e-06	1
2696002656	48	20	0	0	0	0.7944000489350429	0.7944	0.7944	7.9440004893504267e-07	1
2700345990	22	20	0	0	0	0.54880003380608222	0.54880000000000007	0.54880000000000007	5.4880003380608235e-07	1
2703781592	39	10	1	0	0	0.75280004637248288	0.75280000000000002	0.876	7.5280004637248271e-07	2.7777777777777779e-13
2728897170	67	20	0	0	0	1.358800086419685	1.3587999999999996	1.3587999999999996	1.3588000864196842e-06	1
2740281232	19	50	1	0	0	1.3984000889382451	1.3983999999999994	1.4619999999999995	1.3984000889382441e-06	1.3888888888888889e-12
2763496119	22	10	0	0	0	0.54880003380608222	0.54880000000000007	0.54880000000000007	5.4880003380608235e-07	1
2773744291	49	20	2	0	0	0.83600005149760315	0.83599999999999997	0.89759999999999995	8.3600005149760273e-07	5.5555555555555559e-13
2803694387	30	20	1	0	0	0.67160004137056262	0.67160000000000009	0.73320000000000007	6.7160004137056283e-07	5.5555555555555559e-13
2826500424	49	10	0	0	0	0.83600005149760315	0.83599999999999997	0.83599999999999997	8.3600005149760273e-07	1
2830296298	33	100	0	0	0	1.7232001543987339	1.7232000000000001	1.7232000000000001	1.723200154398734e-06	1
2890963014	48	20	0	0	0	0.7944000489350429	0.7944	0.7944	7.9440004893504267e-07	1
2909051470	15	1	0	0	0	0.15080000928928058	0.15079999999999999	0.15079999999999999	1.5080000928928074e-07	1
3055836047	18	20	0	0	0	1.279600081382565	1.2795999999999996	1.2795999999999996	1.2796000813825645e-06	1
3065150683	69	10	0	0	0	1.2400000788640047	1.2399999999999998	1.2399999999999998	1.2400000788640039e-06	1
3084016197	36	100	0	0	0	1.4380000914568052	1.4379999999999993	1.4379999999999993	1.4380000914568062e-06	1
3103818237	59	10	0	0	0	0.99840022364153413	0.99839999999999973	0.99839999999999973	9.9840022364153419e-07	1
3206492723	2	100	0	0	1.1102230246251565e-16	1.5608000992668969	1.5607999999999997	1.5607999999999997	1.5608000999330197e-06	1
3247323975	66	100	0	0	0	1.8836001687709643	1.8836000000000004	1.8836000000000004	1.8836001687709622e-06	1
3271052687	69	20	0	0	0	1.2400000788640047	1.2399999999999998	1.2399999999999998	1.2400000788640039e-06	1
3345698077	57	20	0	0	1.1102230246251565e-16	0.95880006097976811	0.95879999999999976	0.95879999999999976	9.5880006164590174e-07	1
3346134657	9	10	0	0	0	0.34880002148608136	0.3488	0.3488	3.4880002148608094e-07	1
3409311772	12	20	0	0	0	0.50720003124352198	0.50719999999999998	0.50719999999999998	5.0720003124352197e-07	1
3417112370	12	10	0	0	0	0.50720003124352198	0.50719999999999998	0.50719999999999998	5.0720003124352197e-07	1
3459158364	3	20	0	0	0	0.46760002880416185	0.46760000000000002	0.46760000000000002	4.6760002880416178e-07	1
3479056798	7	2	0	0	0	0.11120000684992042	0.11119999999999999	0.11119999999999999	1.1120000684992057e-07	1
3492782662	51	50	2	0	0	1.5212000967483259	1.5211999999999997	1.5847999999999998	1.5212000967483264e-06	1.3888888888888889e-12
3517559404	6	5	0	0	0	0.30920001904672123	0.30920000000000003	0.30920000000000003	3.0920001904672139e-07	1
3531658482	56	10	0	0	0	0.91520005637632329	0.9151999999999999	0.9151999999999999	9.1520005637632386e-07	1
3545152541	32	20	0	0	1.1102230246251565e-16	1.3192000839011271	1.3191999999999995	1.3191999999999995	1.3192000845672591e-06	1
3581264050	57	10	0	0	1.1102230246251565e-16	0.95880006097976811	0.95879999999999976	0.95879999999999976	9.5880006164590174e-07	1
3609933357	3	10	0	0	0	0.46760002880416185	0.46760000000000002	0.46760000000000002	4.6760002880416178e-07	1
3635795132	30	10	0	0	0	0.67160004137056262	0.67160000000000009	0.67160000000000009	6.7160004137056283e-07	1
3645462485	19	100	0	0	0	1.3984000889382451	1.3983999999999994	1.3983999999999994	1.3984000889382441e-06	1
3648472786	48	10	0	0	0	0.7944000489350429	0.7944	0.7944	7.9440004893504267e-07	1
3662104848	63	10	0	0	0	0.42800002636480161	0.42799999999999994	0.42799999999999994	4.2800002636480169e-07	1
3665050032	28	100	0	0	0	1.6420001044312065	1.6419999999999999	1.6419999999999999	1.6420001044312072e-06	1
3674204862	48	10	3	0	0	0.7944000489350429	0.7944	0.91759999999999997	7.9440004893504267e-07	2.7777777777777781e-14
3706421251	69	10	1	0	0	1.2400000788640047	1.2399999999999998	1.3671999999999997	1.2400000788640039e-06	2.7777777777777779e-13
3728985148	63	5	0	0	0	0.42800002636480161	0.42799999999999994	0.42799999999999994	4.2800002636480169e-07	1
3767363039	57	20	0	0	1.1102230246251565e-16	0.95880006097976811	0.95879999999999976	0.95879999999999976	9.5880006164590174e-07	1
3783423158	67	20	1	0	0	1.358800086419685	1.3587999999999996	1.4859999999999995	1.3588000864196842e-06	5.5555555555555559e-13
3821580502	7	2	0	0	0	0.11120000684992042	0.11119999999999999	0.11119999999999999	1.1120000684992057e-07	1
3919142968	63	10	0	0	0	0.42800002636480161	0.42799999999999994	0.42799999999999994	4.2800002636480169e-07	1
3923291493	15	1	3	0	0	0.15080000928928058	0.15079999999999999	0.27400000000000002	1.5080000928928074e-07	2.7777777777777776e-15
3923304152	55	100	2	0	1.1102230246251565e-16	1.844000165222426	1.8440000000000003	1.9336000000000002	1.844000165999571e-06	2.7777777777777777e-12
3930491351	23	10	0	0	0	0.58840003624544235	0.58840000000000003	0.58840000000000003	5.8840003624544291e-07	1
3951762387	30	10	0	0	0	0.67160004137056262	0.67160000000000009	0.67160000000000009	6.7160004137056283e-07	1
4000448810	26	20	0	0	0	0.63000003880800259	0.63000000000000012	0.63000000000000012	6.3000003880800213e-07	1
4035848813	46	5	0	0	0	0.38840002392544148	0.38839999999999997	0.38839999999999997	3.8840002392544129e-07	1
4036237468	46	10	0	0	0	0.38840002392544148	0.38839999999999997	0.38839999999999997	3.8840002392544129e-07	1
4048729412	59	10	0	0	0	0.99840022364153413	0.99839999999999973	0.99839999999999973	9.9840022364153419e-07	1
4051250519	53	10	0	0	0	0.87560005393696327	0.87559999999999982	0.87559999999999982	8.7560005393696245e-07	1
4052926400	26	20	1	0	0	0.63000003880800259	0.63000000000000012	0.6916000000000001	6.3000003880800213e-07	5.5555555555555559e-13
4070642502	69	10	0	0	0	1.2400000788640047	1.2399999999999998	1.2399999999999998	1.2400000788640039e-06	1
4078116152	26	20	0	0	0	0.63000003880800259	0.63000000000000012	0.63000000000000012	6.3000003880800213e-07	1
4088771061	18	20	3	0	0	1.279600081382565	1.2795999999999996	1.4067999999999996	1.2796000813825645e-06	5.5555555555555561e-14
4107384471	44	100	0	0	1.1102230246251565e-16	1.7628001579469053	1.7628000000000001	1.7628000000000001	1.7628001587240499e-06	1
4183843897	67	20	0	0	0	1.358800086419685	1.3587999999999996	1.3587999999999996	1.3588000864196842e-06	1
4220978084	47	1000	0	0	0	2.3212002079795395	2.321200000000001	2.321200000000001	2.3212002079795368e-06	1
4288412253	22	10	0	0	0	0.54880003380608222	0.54880000000000007	0.54880000000000007	5.4880003380608235e-07	1
