base_bandwidth_utilization	0.20541519999999996
expected_bandwidth_utilization	0.20541526796268936

rounded_expected_bandwidth_utilization	0.41083039999999998

bandwidth_utilization_p99	0.20541519999999999

[frame_summary]
frame_id	priority	period_ms	deadline_ms	trans_time_ms	expected_retry_count	expected_tx_count	rounded_expected_retry_count	rounded_expected_tx_count	retry_p99	tx_count_p99	expected_wcrt_ms	p_timeout	wcrt_p95_ms
0	6	10	10	0.041599999999999998	3.2280001988448151e-07	1.0000003228000198	1	2	0	1	0.3228000198844812	0	0.32279999999999998
1	25	100	100	0.039600000000000003	1.1584000736742439e-06	1.0000011584000736	1	2	0	1	1.1584000736742444	0	1.1583999999999997
3	7	10	10	0.039600000000000003	3.6240002232384144e-07	1.0000003624000222	1	2	0	1	0.36240002232384144	0	0.3624
4	26	100	100	0.039600000000000003	1.1980000761928051e-06	1.0000011980000763	1	2	0	1	1.1980000761928045	0	1.1979999999999997
5	2	2	2	0.039600000000000003	1.6240000967904059e-07	1.0000001624000097	1	2	0	1	0.16240000967904059	0	0.16239999999999999
6	8	10	10	0.039600000000000003	4.0200002476320163e-07	1.0000004020000248	1	2	0	1	0.40200002476320157	0	0.40200000000000002
7	21	20	20	0.039600000000000003	9.2080005856292236e-07	1.0000009208000586	1	2	0	1	0.9208000585629218	0	0.92079999999999984
8	27	100	100	0.039600000000000003	1.2376000787113642e-06	1.0000012376000786	1	2	0	1	1.2376000787113643	0	1.2375999999999996
9	9	10	10	0.041599999999999998	4.4360002732576222e-07	1.0000004436000274	1	2	0	1	0.44360002732576176	0	0.44360000000000005
12	0	1	1	0.039600000000000003	8.3200004958720387e-08	1.0000000832000049	1	2	0	1	0.083200004958720306	0	0.083199999999999996
13	28	100	100	0.039600000000000003	1.2772000812299246e-06	1.0000012772000813	1	2	0	1	1.2772000812299247	0	1.2771999999999997
14	4	5	5	0.039600000000000003	2.4160001439936078e-07	1.0000002416000144	1	2	0	1	0.24160001439936088	0	0.24160000000000001
15	10	10	10	0.041599999999999998	4.8520002988832266e-07	1.0000004852000299	1	2	0	1	0.48520002988832195	0	0.48520000000000008
16	11	10	10	0.039600000000000003	5.2480003232768279e-07	1.0000005248000323	1	2	0	1	0.52480003232768213	0	0.52480000000000016
17	23	50	50	0.039600000000000003	1.0000001427999704e-06	1.0000010000001427	1	2	0	1	1.0000001427999694	0	0.99999999999999989
19	5	5	5	0.039600000000000003	2.8120001675952111e-07	1.0000002812000168	1	2	0	1	0.281200016759521	0	0.28120000000000001
21	12	10	10	0.039600000000000003	5.6440003476704145e-07	1.0000005644000347	1	2	0	1	0.56440003476704226	0	0.56440000000000012
22	13	10	10	0.039600000000000003	6.0400003720640275e-07	1.0000006040000371	1	2	0	1	0.60400003720640227	0	0.60400000000000009
23	29	100	100	0.039600000000000003	1.3168000844146189e-06	1.0000013168000843	1	2	0	1	1.3168000837484959	1.1102230246251565e-16	1.3167999999999995
24	3	2	2	0.039600000000000003	2.0200001203920098e-07	1.0000002020000121	1	2	0	1	0.20200001203920073	0	0.20200000000000001
26	30	100	100	0.039600000000000003	1.3564000869331806e-06	1.0000013564000869	1	2	0	1	1.3564000862670564	1.1102230246251565e-16	1.3563999999999998
27	31	100	100	0.039600000000000003	1.3960000887856054e-06	1.0000013960000889	1	2	0	1	1.3960000887856054	0	1.3959999999999999
28	37	1000	1000	0.039600000000000003	1.6336001038969683e-06	1.0000016336001039	1	2	0	1	1.633600103896967	0	1.6336000000000004
29	22	20	20	0.039600000000000003	9.6040006108148463e-07	1.000000960400061	1	2	0	1	0.96040006108148501	0	0.96039999999999981
30	32	100	100	0.039600000000000003	1.4356000913041647e-06	1.0000014356000912	1	2	0	1	1.4356000913041658	0	1.4356
31	38	1000	1000	0.039600000000000003	1.6336001038969683e-06	1.0000016336001039	1	2	0	1	1.6336001038969672	0	1.6336000000000006
32	14	10	10	0.039600000000000003	6.4360003964576236e-07	1.0000006436000397	1	2	0	1	0.64360003964576229	0	0.64359999999999995
36	33	100	100	0.039600000000000003	1.4752000938227266e-06	1.0000014752000939	1	2	0	1	1.4752000938227259	0	1.4752000000000001
37	15	10	10	0.039600000000000003	6.8320004208512281e-07	1.0000006832000421	1	2	0	1	0.68320004208512264	0	0.68320000000000003
38	16	10	10	0.039600000000000003	7.2280004452448263e-07	1.0000007228000445	1	2	0	1	0.72280004452448265	0	0.72279999999999989
39	24	50	50	0.039600000000000003	1.1188000711556856e-06	1.0000011188000713	1	2	0	1	1.1188000711556845	0	1.1187999999999998
40	17	10	10	0.0436	7.6240004848864247e-07	1.0000007624000484	1	2	0	1	0.76240004848864307	0	0.76239999999999997
42	34	100	100	0.039600000000000003	1.5148000963412867e-06	1.0000015148000962	1	2	0	1	1.5148000963412864	0	1.5148000000000001
45	1	1	1	0.039600000000000003	1.2280000731888047e-07	1.0000001228000073	1	2	0	1	0.12280000731888042	0	0.12279999999999999
46	18	10	10	0.039600000000000003	8.0200005100720431e-07	1.000000802000051	1	2	0	1	0.80200005100720317	0	0.80199999999999982
48	35	100	100	0.039600000000000003	1.554400098859848e-06	1.0000015544000989	1	2	0	1	1.5544000988598465	0	1.5544000000000002
51	36	100	100	0.039600000000000003	1.5940001013784083e-06	1.0000015940001015	1	2	0	1	1.5940001013784069	0	1.5940000000000003
54	19	10	10	0.039600000000000003	8.4160005352576235e-07	1.0000008416000534	1	2	0	1	0.84160005352576317	0	0.8415999999999999
55	20	10	10	0.039600000000000003	8.8120005604432271e-07	1.000000881200056	1	2	0	1	0.8812000560443235	0	0.88119999999999987

[frame_retry_distribution]
frame_id	retry_count	probability
0	0	0.99999967720005212
0	1	3.2279987591570411e-07
0	2	7.1984367894964908e-14
0	3	1.3861980451656954e-20
0	4	2.4803713789658114e-27
0	5	4.2591093345541114e-34
1	0	0.99999884160067098
1	1	1.1583985844360642e-06
1	2	7.4461856271776084e-13
1	3	3.5144662539056051e-19
1	4	1.3610959830489363e-25
1	5	4.5866212583653524e-32
3	0	0.99999963760006572
3	1	3.6239984634243264e-07
3	2	8.7990677271716863e-14
3	3	1.8085431639649153e-20
3	4	3.4072234351089483e-27
3	5	6.1001809777016323e-34
4	0	0.99999880200071767
4	1	1.1979984886041537e-06
4	2	7.9379374806382983e-13
4	3	3.8510963134604037e-19
4	4	1.5293386569740727e-25
4	5	5.2731702355963375e-32
5	0	0.99999983760001321
5	1	1.6239996394720401e-07
5	2	2.2865913560957818e-14
5	3	3.1510309675347108e-21
5	4	4.3567009231459088e-28
5	5	6.0805921947590089e-35
6	0	0.99999959800008087
6	1	4.0199981363284334e-07
6	2	1.055651445571715e-13
6	3	2.3070380542296752e-20
6	4	4.5660803367445503e-27
6	5	8.5129080050260894e-34
7	0	0.99999907920042397
7	1	9.2079909356492654e-07
7	2	4.8249865612720987e-13
7	3	2.278454517961414e-19
7	4	8.1233926768480213e-26
7	5	2.5017396022240814e-32
8	0	0.99999876240076579
8	1	1.2375983896359269e-06
8	2	8.4453708737499696e-13
8	3	4.2085075729901529e-19
8	4	1.7126746926661151e-25
8	5	6.0393498941639767e-32
9	0	0.99999955640009841
9	1	4.4359977589333717e-07
9	2	1.2571616874405563e-13
9	3	2.9195261323025439e-20
9	4	6.0719371603619314e-27
9	5	1.1796606659655894e-33
12	0	0.99999991680000355
12	1	8.3199988119040938e-08
12	2	8.4198382958245477e-15
12	3	9.5186321727846881e-22
12	4	1.153081661296875e-28
12	5	1.4640419460841994e-35
13	0	0.9999987228008157
13	1	1.2771982875313875e-06
13	2	8.968485804649695e-13
13	3	4.5873210204744584e-19
13	4	1.9119788154219507e-25
13	5	6.8918784725414323e-32
14	0	0.99999975840002919
14	1	2.4159992723009088e-07
14	2	4.3584624274664753e-14
14	3	7.1165730508587331e-21
14	4	1.1132922656195843e-27
14	5	1.706881040344557e-34
15	0	0.99999951480011773
15	1	4.851997346927133e-07
15	2	1.4759775020150174e-13
15	3	3.6301022344973659e-20
15	4	7.9164472665192216e-27
15	5	1.6005530496634578e-33
16	0	0.99999947520013777
16	1	5.2479969225737105e-07
16	2	1.7003508981722637e-13
16	3	4.4042248342276321e-20
16	4	1.0029593061573821e-26
16	5	2.1036579960533263e-33
17	0	0.99999900000050013
17	1	9.99998857200654e-07
17	2	6.4279922452654856e-13
17	3	2.8914429945317336e-19
17	4	1.0652896184754837e-25
17	5	3.4256757590804244e-32
19	0	0.99999971880003957
19	1	2.8119990416705642e-07
19	2	5.6296217458990138e-14
19	3	9.9169821048538745e-21
19	4	1.6436573123522427e-27
19	5	2.6372304004255293e-34
21	0	0.99999943560015925
21	1	5.6439964668570995e-07
21	2	1.940405865776466e-13
21	3	5.2799640645160956e-20
21	4	1.2534777555958736e-26
21	5	2.7243823620002353e-33
22	0	0.99999939600018239
22	1	6.0399959797773424e-07
22	2	2.1961424029646686e-13
22	3	6.2635298219924235e-20
22	4	1.5477295774379481e-26
22	5	3.4820475973277396e-33
23	0	0.99999868320086693
23	1	1.3167981822905344e-06
23	2	9.5072822714745004e-13
23	3	4.9881576437945366e-19
23	4	2.1281503416191178e-25
23	5	7.8378411092228262e-32
23	6	1.1102230246251565e-16
24	0	0.99999979800002048
24	1	2.0199994715680719e-07
24	2	3.2441189579888268e-14
24	3	4.8819556876175968e-21
24	4	7.1892215485861493e-28
24	5	1.0520829038299459e-34
26	0	0.99999864360091983
26	1	1.3563980739133687e-06
26	2	1.0061760272361414e-12
26	3	5.4116384307332156e-19
26	4	2.3621131787109237e-25
26	5	8.8846995807763468e-32
26	6	1.1102230246251565e-16
27	0	0.9999986040009744
27	1	1.3959979623998867e-06
27	2	1.0631919805447451e-12
27	3	5.8583843689750017e-19
27	4	2.6148158252216358e-25
27	5	1.0040302039894825e-31
28	0	0.99999836640133433
28	1	1.6335972274564344e-06
28	2	1.43821890758192e-12
28	3	9.0622034737276058e-19
28	4	4.5807820931499256e-25
28	5	1.9748174463694259e-31
29	0	0.99999903960046121
29	1	9.60399016550903e-07
29	2	5.2226491062094599e-13
29	3	2.5349329844831997e-19
29	4	9.2808286373981387e-26
29	5	2.9294659204722667e-32
30	0	0.99999856440103052
30	1	1.4355978477500923e-06
30	2	1.1217760868869635e-12
30	3	6.3290164461059301e-19
30	4	2.8872313707415163e-25
30	5	1.131289275344414e-31
31	0	0.99999836640133433
31	1	1.6335972274564344e-06
31	2	1.43821890758192e-12
31	3	9.0622034737276058e-19
31	4	4.5807820931499256e-25
31	5	1.9748174463694259e-31
32	0	0.9999993564002071
32	1	6.4359954613343989e-07
32	2	2.4675605078738789e-13
32	3	7.3611320023023893e-20
32	4	1.8904901857963182e-26
32	5	4.3979690065820982e-33
36	0	0.9999985248010882
36	1	1.4751977299639872e-06
36	2	1.1819283460765055e-12
36	3	6.8241556496139224e-19
36	4	3.1803574959221285e-25
36	5	1.2711121840509634e-31
37	0	0.99999931680023346
37	1	6.8319949115282966e-07
37	2	2.7546601786411396e-13
37	3	8.5789805001083635e-20
37	4	2.2867809063772912e-26
37	5	5.4955531299173861e-33
38	0	0.99999927720026127
38	1	7.2279943303590217e-07
38	2	3.0574414134034708e-13
38	3	9.9232852090889114e-20
38	4	2.7418689764319882e-26
38	5	6.8003951239919599e-33
39	0	0.99999888120062597
39	1	1.1187986771316632e-06
39	2	6.9701153152309193e-13
39	3	3.1979964062478404e-19
39	4	1.207096536679384e-25
39	5	3.9733418859635354e-32
40	0	0.99999923760029064
40	1	7.6239937025785953e-07
40	2	3.3911521832296815e-13
40	3	1.1545142311431756e-19
40	4	3.3394720808740406e-26
40	5	8.6564442108744264e-33
42	0	0.99999848520114731
42	1	1.5147976090415675e-06
42	2	1.2436487579270676e-12
42	3	7.3444229668881703e-19
42	4	3.4952164724711854e-25
42	5	1.4244055010439248e-31
45	0	0.9999998772000076
45	1	1.2279997760128207e-07
45	2	1.4858796404170823e-14
45	3	1.8616998331779088e-21
45	4	2.4111831118964983e-28
45	5	3.2086319279020233e-35
46	0	0.99999919800032167
46	1	8.0199930578910153e-07
46	2	3.7260885377169323e-13
46	3	1.3174866514652706e-19
46	4	3.9395608324300456e-26
46	5	1.3636476275748605e-32
48	0	0.9999984456012081
48	1	1.5543974849828363e-06
48	2	1.3069373222523535e-12
48	3	7.8904393852198656e-19
48	4	3.8328551631480236e-25
48	5	1.5921183300885747e-31
51	0	0.99999840600127043
51	1	1.5939973577877918e-06
51	2	1.3717940388660711e-12
51	3	8.4628258918015454e-19
51	4	4.1943450217584063e-25
51	5	1.7752432815845233e-31
54	0	0.99999915840035414
54	1	8.4159923818402374e-07
54	2	4.0767064504848796e-13
54	3	1.4950303865564959e-19
54	4	4.6166360354327896e-26
54	5	1.6337473965424586e-32
55	0	0.99999911880038828
55	1	8.811991674426325e-07
55	2	4.443005919670577e-13
55	3	1.6877662917089964e-19
55	4	6.713696385141431e-26
55	5	2.0824612958124288e-32

[frame_retry_cdf]
frame_id	retry_count	cumulative_probability
0	0	0.99999967720005212
0	1	0.99999999999992806
0	2	1
0	3	1
0	4	1
0	5	1
1	0	0.99999884160067098
1	1	0.99999999999925537
1	2	1
1	3	1
1	4	1
1	5	1
3	0	0.99999963760006572
3	1	0.99999999999991207
3	2	1
3	3	1
3	4	1
3	5	1
4	0	0.99999880200071767
4	1	0.9999999999992063
4	2	1
4	3	1
4	4	1
4	5	1
5	0	0.99999983760001321
5	1	0.99999999999997713
5	2	1
5	3	1
5	4	1
5	5	1
6	0	0.99999959800008087
6	1	0.99999999999989453
6	2	1
6	3	1
6	4	1
6	5	1
7	0	0.99999907920042397
7	1	0.9999999999995175
7	2	1
7	3	1
7	4	1
7	5	1
8	0	0.99999876240076579
8	1	0.99999999999915545
8	2	1
8	3	1
8	4	1
8	5	1
9	0	0.99999955640009841
9	1	0.99999999999987432
9	2	1
9	3	1
9	4	1
9	5	1
12	0	0.99999991680000355
12	1	0.99999999999999167
12	2	1
12	3	1
12	4	1
12	5	1
13	0	0.9999987228008157
13	1	0.99999999999910327
13	2	1
13	3	1
13	4	1
13	5	1
14	0	0.99999975840002919
14	1	0.99999999999995637
14	2	1
14	3	1
14	4	1
14	5	1
15	0	0.99999951480011773
15	1	0.99999999999985245
15	2	1
15	3	1
15	4	1
15	5	1
16	0	0.99999947520013777
16	1	0.99999999999983002
16	2	1
16	3	1
16	4	1
16	5	1
17	0	0.99999900000050013
17	1	0.99999999999935729
17	2	1
17	3	1
17	4	1
17	5	1
19	0	0.99999971880003957
19	1	0.99999999999994371
19	2	1
19	3	1
19	4	1
19	5	1
21	0	0.99999943560015925
21	1	0.99999999999980593
21	2	1
21	3	1
21	4	1
21	5	1
22	0	0.99999939600018239
22	1	0.9999999999997804
22	2	1
22	3	1
22	4	1
22	5	1
23	0	0.99999868320086693
23	1	0.99999999999904921
23	2	0.99999999999999989
23	3	0.99999999999999989
23	4	0.99999999999999989
23	5	0.99999999999999989
23	6	1
24	0	0.99999979800002048
24	1	0.99999999999996758
24	2	1
24	3	1
24	4	1
24	5	1
26	0	0.99999864360091983
26	1	0.99999999999899369
26	2	0.99999999999999989
26	3	0.99999999999999989
26	4	0.99999999999999989
26	5	0.99999999999999989
26	6	1
27	0	0.9999986040009744
27	1	0.99999999999893685
27	2	1
27	3	1
27	4	1
27	5	1
28	0	0.99999836640133433
28	1	0.99999999999856182
28	2	1
28	3	1
28	4	1
28	5	1
29	0	0.99999903960046121
29	1	0.99999999999947775
29	2	1
29	3	1
29	4	1
29	5	1
30	0	0.99999856440103052
30	1	0.99999999999887823
30	2	1
30	3	1
30	4	1
30	5	1
31	0	0.99999836640133433
31	1	0.99999999999856182
31	2	1
31	3	1
31	4	1
31	5	1
32	0	0.9999993564002071
32	1	0.9999999999997532
32	2	1
32	3	1
32	4	1
32	5	1
36	0	0.9999985248010882
36	1	0.99999999999881817
36	2	1
36	3	1
36	4	1
36	5	1
37	0	0.99999931680023346
37	1	0.99999999999972466
37	2	1
37	3	1
37	4	1
37	5	1
38	0	0.99999927720026127
38	1	0.99999999999969436
38	2	1
38	3	1
38	4	1
38	5	1
39	0	0.99999888120062597
39	1	0.99999999999930311
39	2	1
39	3	1
39	4	1
39	5	1
40	0	0.99999923760029064
40	1	0.99999999999966094
40	2	1
40	3	1
40	4	1
40	5	1
42	0	0.99999848520114731
42	1	0.99999999999875633
42	2	1
42	3	1
42	4	1
42	5	1
45	0	0.9999998772000076
45	1	0.99999999999998523
45	2	1
45	3	1
45	4	1
45	5	1
46	0	0.99999919800032167
46	1	0.99999999999962741
46	2	1
46	3	1
46	4	1
46	5	1
48	0	0.9999984456012081
48	1	0.99999999999869305
48	2	1
48	3	1
48	4	1
48	5	1
51	0	0.99999840600127043
51	1	0.99999999999862821
51	2	1
51	3	1
51	4	1
51	5	1
54	0	0.99999915840035414
54	1	0.99999999999959233
54	2	1
54	3	1
54	4	1
54	5	1
55	0	0.99999911880038828
55	1	0.99999999999955569
55	2	1
55	3	1
55	4	1
55	5	1

[frame_wcrt_distribution]
frame_id	response_time_ms	probability
0	0.32279999999999998	0.99999967720005212
0	0.38439999999999996	3.2279987591570411e-07
0	0.44599999999999995	7.1984367894964908e-14
0	0.50760000000000005	1.3861980451656954e-20
0	0.56919999999999993	2.4803713789658114e-27
0	0.63080000000000003	4.2591093345541114e-34
1	1.1583999999999997	0.99999884160067098
1	1.2219999999999998	1.1583985844360642e-06
1	1.2855999999999996	7.4461856271776084e-13
1	1.3491999999999997	3.5144662539056051e-19
1	1.3971999999999998	8.1151147711214807e-40
1	1.4127999999999996	1.3610959830489363e-25
1	1.4763999999999997	4.5866211772142047e-32
3	0.3624	0.99999963760006572
3	0.42399999999999999	3.6239984634243264e-07
3	0.48560000000000003	8.7990677271716863e-14
3	0.54720000000000002	1.8085431639649153e-20
3	0.60880000000000001	3.4072234351089483e-27
3	0.6704	6.1001809777016323e-34
4	1.1979999999999997	0.99999880200071767
4	1.2615999999999998	1.1979984886041537e-06
4	1.3251999999999997	7.9379374806382983e-13
4	1.3887999999999998	3.8510963134604037e-19
4	1.4367999999999999	8.1151147711214807e-40
4	1.4523999999999997	1.5293386569740727e-25
4	1.5159999999999998	5.2731701544451893e-32
5	0.16239999999999999	0.99999983760001321
5	0.22199999999999998	1.6239996394720401e-07
5	0.28159999999999996	2.2865913560957818e-14
5	0.3412	3.1510309675347108e-21
5	0.40079999999999999	4.3567009231459088e-28
5	0.46039999999999998	6.0805921947590089e-35
6	0.40200000000000002	0.99999959800008087
6	0.46360000000000001	4.0199981363284334e-07
6	0.5252	1.055651445571715e-13
6	0.58679999999999999	2.3070380542296752e-20
6	0.64840000000000009	4.5660803367445503e-27
6	0.70999999999999996	8.5129080050260894e-34
7	0.92079999999999984	0.99999907920042397
7	0.98439999999999983	9.2079909356492654e-07
7	1.1272	4.8249865612720987e-13
7	1.1908000000000001	2.278454517961414e-19
7	1.2387999999999999	5.7431797339672429e-33
7	1.2544	8.1233926768480213e-26
7	1.3180000000000001	1.9274216288273564e-32
8	1.2375999999999996	0.99999876240076579
8	1.3011999999999997	1.2375983896359269e-06
8	1.3647999999999996	8.4453708737499696e-13
8	1.4283999999999997	4.2085075729901529e-19
8	1.4763999999999997	8.1151147711214807e-40
8	1.4919999999999995	1.7126746926661151e-25
8	1.5555999999999996	6.0393498130128296e-32
9	0.44360000000000005	0.99999955640009841
9	0.50520000000000009	4.4359977589333717e-07
9	0.56680000000000008	1.2571616874405563e-13
9	0.62840000000000007	2.9195261323025439e-20
9	0.69000000000000006	6.0719371603619314e-27
9	0.75160000000000005	1.1796606659655894e-33
12	0.083199999999999996	0.99999991680000355
12	0.14279999999999998	8.3199988119040938e-08
12	0.2024	8.4198382958245477e-15
12	0.26200000000000001	9.5186321727846881e-22
12	0.3216	1.153081661296875e-28
12	0.38119999999999998	1.4640419460841994e-35
13	1.2771999999999997	0.9999987228008157
13	1.3407999999999998	1.2771982875313875e-06
13	1.4043999999999996	8.968485804649695e-13
13	1.4679999999999997	4.5873210204744584e-19
13	1.516	8.1151147711214807e-40
13	1.5315999999999996	1.9119788154219507e-25
13	1.5951999999999997	6.8918783913902841e-32
14	0.24160000000000001	0.99999975840002919
14	0.30120000000000002	2.4159992723009088e-07
14	0.36080000000000001	4.3584624274664753e-14
14	0.4204	7.1165730508587331e-21
14	0.47999999999999998	1.1132922656195843e-27
14	0.53959999999999997	1.706881040344557e-34
15	0.48520000000000008	0.99999951480011773
15	0.54680000000000006	4.851997346927133e-07
15	0.60840000000000005	1.4759775020150174e-13
15	0.67000000000000015	3.6301022344973659e-20
15	0.73160000000000003	7.9164472665192216e-27
15	0.79320000000000013	1.6005530496634578e-33
16	0.52480000000000016	0.99999947520013777
16	0.58640000000000014	5.2479969225737105e-07
16	0.64800000000000013	1.7003508981722637e-13
16	0.70960000000000023	4.4042248342276321e-20
16	0.77120000000000011	1.0029593061573821e-26
16	0.83280000000000021	2.1036579960533263e-33
17	0.99999999999999989	0.99999900000050013
17	1.1428	9.99998857200654e-07
17	1.2063999999999999	6.4279922452654856e-13
17	1.27	2.8914429945317336e-19
17	1.3179999999999998	6.8089340599709625e-33
17	1.3335999999999999	1.0652896184754837e-25
17	1.3972	2.7447823530833278e-32
19	0.28120000000000001	0.99999971880003957
19	0.34079999999999999	2.8119990416705642e-07
19	0.40039999999999998	5.6296217458990138e-14
19	0.46000000000000002	9.9169821048538745e-21
19	0.51960000000000006	1.6436573123522427e-27
19	0.57919999999999994	2.6372304004255293e-34
21	0.56440000000000012	0.99999943560015925
21	0.62600000000000011	5.6439964668570995e-07
21	0.6876000000000001	1.940405865776466e-13
21	0.74920000000000009	5.2799640645160956e-20
21	0.81080000000000019	1.2534777555958736e-26
21	0.87240000000000006	2.7243823620002353e-33
22	0.60400000000000009	0.99999939600018239
22	0.66560000000000008	6.0399959797773424e-07
22	0.72720000000000007	2.1961424029646686e-13
22	0.78880000000000017	6.2635298219924235e-20
22	0.85040000000000004	1.5477295774379481e-26
22	0.91200000000000014	3.4820475973277396e-33
23	1.3167999999999995	0.99999868320086693
23	1.3803999999999996	1.3167981822905344e-06
23	1.4439999999999995	9.5072822714745004e-13
23	1.5075999999999996	4.9881576437945366e-19
23	1.5555999999999999	8.1151147711214807e-40
23	1.5711999999999995	2.1281503416191178e-25
23	1.6347999999999996	7.8378410280716791e-32
23	100.06359999999999	1.1102230246251565e-16
24	0.20200000000000001	0.99999979800002048
24	0.2616	2.0199994715680719e-07
24	0.32120000000000004	3.2441189579888268e-14
24	0.38080000000000003	4.8819556876175968e-21
24	0.44040000000000001	7.1892215485861493e-28
24	0.5	1.0520829038299459e-34
26	1.3563999999999998	0.99999864360091983
26	1.4199999999999999	1.3563980739133687e-06
26	1.4835999999999998	1.0061760272361414e-12
26	1.5471999999999999	5.4116384307332156e-19
26	1.5952000000000002	8.1151147711214807e-40
26	1.6107999999999998	2.3621131787109237e-25
26	1.6743999999999999	8.8846994996251975e-32
26	100.06359999999999	1.1102230246251565e-16
27	1.3959999999999999	0.9999986040009744
27	1.4596	1.3959979623998867e-06
27	1.5231999999999999	1.0631919805447451e-12
27	1.5868	5.8583843689750017e-19
27	1.6348000000000003	8.1151147711214807e-40
27	1.6503999999999999	2.6148158252216358e-25
27	1.714	1.0040301958743678e-31
28	1.6336000000000004	0.99999836640133433
28	1.6972000000000005	1.6335972274564344e-06
28	1.7608000000000004	1.43821890758192e-12
28	1.8244000000000005	9.0622034737276058e-19
28	1.8724000000000007	8.1151147711214807e-40
28	1.8880000000000003	4.5807820931499256e-25
28	1.9516000000000004	1.9748174382543112e-31
29	0.96039999999999981	0.99999903960046121
29	1.0239999999999998	9.60399016550903e-07
29	1.1667999999999998	5.2226491062094599e-13
29	1.2303999999999999	2.5349329844831997e-19
29	1.2783999999999998	7.0663133339116036e-33
29	1.2939999999999998	9.2808286373981387e-26
29	1.3575999999999999	2.2228345870811047e-32
30	1.4356	0.99999856440103052
30	1.4992000000000001	1.4355978477500923e-06
30	1.5628	1.1217760868869635e-12
30	1.6264000000000001	6.3290164461059301e-19
30	1.6744000000000003	8.1151147711214807e-40
30	1.6899999999999999	2.8872313707415163e-25
30	1.7536	1.1312892672292993e-31
31	1.6336000000000006	0.99999836640133433
31	1.6972000000000007	1.6335972274564344e-06
31	1.7608000000000006	1.43821890758192e-12
31	1.8244000000000007	9.0622034737276058e-19
31	1.872400000000001	8.1151147711214807e-40
31	1.8880000000000006	4.5807820931499256e-25
31	1.9516000000000007	1.9748174382543112e-31
32	0.64359999999999995	0.9999993564002071
32	0.70519999999999994	6.4359954613343989e-07
32	0.76679999999999993	2.4675605078738789e-13
32	0.82840000000000003	7.3611320023023893e-20
32	0.8899999999999999	1.8904901857963182e-26
32	0.9516	4.3979690065820982e-33
36	1.4752000000000001	0.9999985248010882
36	1.5388000000000002	1.4751977299639872e-06
36	1.6024	1.1819283460765055e-12
36	1.6660000000000001	6.8241556496139224e-19
36	1.7140000000000004	8.1151147711214807e-40
36	1.7296	3.1803574959221285e-25
36	1.7932000000000001	1.2711121759358487e-31
37	0.68320000000000003	0.99999931680023346
37	0.74480000000000002	6.8319949115282966e-07
37	0.80640000000000001	2.7546601786411396e-13
37	0.8680000000000001	8.5789805001083635e-20
37	0.92959999999999998	2.2867809063772912e-26
37	0.99120000000000008	5.4955531299173861e-33
38	0.72279999999999989	0.99999927720026127
38	0.78439999999999988	7.2279943303590217e-07
38	0.84599999999999986	3.0574414134034708e-13
38	0.90759999999999996	9.9232852090889114e-20
38	0.96919999999999984	2.7418689764319882e-26
38	1.0307999999999999	6.8003951239919599e-33
39	1.1187999999999998	0.99999888120062597
39	1.1823999999999999	1.1187986771316632e-06
39	1.2459999999999998	6.9701153152309193e-13
39	1.3095999999999999	3.1979964062478404e-19
39	1.3575999999999999	8.1151147711214807e-40
39	1.3731999999999998	1.207096536679384e-25
39	1.4367999999999999	3.9733418048123872e-32
40	0.76239999999999997	0.99999923760029064
40	0.82599999999999996	7.6239937025785953e-07
40	0.88959999999999995	3.3911521832296815e-13
40	0.95320000000000005	1.1545142311431756e-19
40	1.0167999999999999	3.3394720808740406e-26
40	1.0804	8.6564442108744264e-33
42	1.5148000000000001	0.99999848520114731
42	1.5784000000000002	1.5147976090415675e-06
42	1.6420000000000001	1.2436487579270676e-12
42	1.7056000000000002	7.3444229668881703e-19
42	1.7536000000000005	8.1151147711214807e-40
42	1.7692000000000001	3.4952164724711854e-25
42	1.8328000000000002	1.4244054929288101e-31
45	0.12279999999999999	0.9999998772000076
45	0.18240000000000001	1.2279997760128207e-07
45	0.24199999999999999	1.4858796404170823e-14
45	0.30159999999999998	1.8616998331779088e-21
45	0.36119999999999997	2.4111831118964983e-28
45	0.42079999999999995	3.2086319279020233e-35
46	0.80199999999999982	0.99999919800032167
46	0.86559999999999981	8.0199930578910153e-07
46	0.9291999999999998	3.7260885377169323e-13
46	0.9927999999999999	1.3174866514652706e-19
46	1.1199999999999999	4.6677466722926059e-33
46	1.1355999999999999	3.9395608324300456e-26
46	1.1992	8.9687296034559989e-33
48	1.5544000000000002	0.9999984456012081
48	1.6180000000000003	1.5543974849828363e-06
48	1.6816000000000002	1.3069373222523535e-12
48	1.7452000000000003	7.8904393852198656e-19
48	1.7932000000000006	8.1151147711214807e-40
48	1.8088000000000002	3.8328551631480236e-25
48	1.8724000000000003	1.5921183219734595e-31
51	1.5940000000000003	0.99999840600127043
51	1.6576000000000004	1.5939973577877918e-06
51	1.7212000000000003	1.3717940388660711e-12
51	1.7848000000000004	8.4628258918015454e-19
51	1.8328000000000007	8.1151147711214807e-40
51	1.8484000000000003	4.1943450217584063e-25
51	1.9120000000000004	1.7752432734694084e-31
54	0.8415999999999999	0.99999915840035414
54	0.90519999999999989	8.4159923818402374e-07
54	0.96879999999999988	4.0767064504848796e-13
54	1.0324	1.4950303865564959e-19
54	1.1596	5.7089909497494523e-33
54	1.1752	4.6166360354327896e-26
54	1.2388000000000001	1.0628483015675132e-32
55	0.88119999999999987	0.99999911880038828
55	0.94479999999999986	8.811991674426325e-07
55	1.0084	4.443005919670577e-13
55	1.1512	1.6877662917089964e-19
55	1.1991999999999998	4.8709240050327327e-33
55	1.2148000000000001	6.713696385141431e-26
55	1.2784	1.5953688953091551e-32

[frame_wcrt_cdf]
frame_id	response_time_ms	cumulative_probability
0	0.32279999999999998	0.99999967720005212
0	0.38439999999999996	0.99999999999992806
0	0.44599999999999995	1
0	0.50760000000000005	1
0	0.56919999999999993	1
0	0.63080000000000003	1
1	1.1583999999999997	0.99999884160067098
1	1.2219999999999998	0.99999999999925537
1	1.2855999999999996	1
1	1.3491999999999997	1
1	1.3971999999999998	1
1	1.4127999999999996	1
1	1.4763999999999997	1
3	0.3624	0.99999963760006572
3	0.42399999999999999	0.99999999999991207
3	0.48560000000000003	1
3	0.54720000000000002	1
3	0.60880000000000001	1
3	0.6704	1
4	1.1979999999999997	0.99999880200071767
4	1.2615999999999998	0.9999999999992063
4	1.3251999999999997	1
4	1.3887999999999998	1
4	1.4367999999999999	1
4	1.4523999999999997	1
4	1.5159999999999998	1
5	0.16239999999999999	0.99999983760001321
5	0.22199999999999998	0.99999999999997713
5	0.28159999999999996	1
5	0.3412	1
5	0.40079999999999999	1
5	0.46039999999999998	1
6	0.40200000000000002	0.99999959800008087
6	0.46360000000000001	0.99999999999989453
6	0.5252	1
6	0.58679999999999999	1
6	0.64840000000000009	1
6	0.70999999999999996	1
7	0.92079999999999984	0.99999907920042397
7	0.98439999999999983	0.9999999999995175
7	1.1272	1
7	1.1908000000000001	1
7	1.2387999999999999	1
7	1.2544	1
7	1.3180000000000001	1
8	1.2375999999999996	0.99999876240076579
8	1.3011999999999997	0.99999999999915545
8	1.3647999999999996	1
8	1.4283999999999997	1
8	1.4763999999999997	1
8	1.4919999999999995	1
8	1.5555999999999996	1
9	0.44360000000000005	0.99999955640009841
9	0.50520000000000009	0.99999999999987432
9	0.56680000000000008	1
9	0.62840000000000007	1
9	0.69000000000000006	1
9	0.75160000000000005	1
12	0.083199999999999996	0.99999991680000355
12	0.14279999999999998	0.99999999999999167
12	0.2024	1
12	0.26200000000000001	1
12	0.3216	1
12	0.38119999999999998	1
13	1.2771999999999997	0.9999987228008157
13	1.3407999999999998	0.99999999999910327
13	1.4043999999999996	1
13	1.4679999999999997	1
13	1.516	1
13	1.5315999999999996	1
13	1.5951999999999997	1
14	0.24160000000000001	0.99999975840002919
14	0.30120000000000002	0.99999999999995637
14	0.36080000000000001	1
14	0.4204	1
14	0.47999999999999998	1
14	0.53959999999999997	1
15	0.48520000000000008	0.99999951480011773
15	0.54680000000000006	0.99999999999985245
15	0.60840000000000005	1
15	0.67000000000000015	1
15	0.73160000000000003	1
15	0.79320000000000013	1
16	0.52480000000000016	0.99999947520013777
16	0.58640000000000014	0.99999999999983002
16	0.64800000000000013	1
16	0.70960000000000023	1
16	0.77120000000000011	1
16	0.83280000000000021	1
17	0.99999999999999989	0.99999900000050013
17	1.1428	0.99999999999935729
17	1.2063999999999999	1
17	1.27	1
17	1.3179999999999998	1
17	1.3335999999999999	1
17	1.3972	1
19	0.28120000000000001	0.99999971880003957
19	0.34079999999999999	0.99999999999994371
19	0.40039999999999998	1
19	0.46000000000000002	1
19	0.51960000000000006	1
19	0.57919999999999994	1
21	0.56440000000000012	0.99999943560015925
21	0.62600000000000011	0.99999999999980593
21	0.6876000000000001	1
21	0.74920000000000009	1
21	0.81080000000000019	1
21	0.87240000000000006	1
22	0.60400000000000009	0.99999939600018239
22	0.66560000000000008	0.9999999999997804
22	0.72720000000000007	1
22	0.78880000000000017	1
22	0.85040000000000004	1
22	0.91200000000000014	1
23	1.3167999999999995	0.99999868320086693
23	1.3803999999999996	0.99999999999904921
23	1.4439999999999995	0.99999999999999989
23	1.5075999999999996	0.99999999999999989
23	1.5555999999999999	0.99999999999999989
23	1.5711999999999995	0.99999999999999989
23	1.6347999999999996	0.99999999999999989
23	100.06359999999999	1
24	0.20200000000000001	0.99999979800002048
24	0.2616	0.99999999999996758
24	0.32120000000000004	1
24	0.38080000000000003	1
24	0.44040000000000001	1
24	0.5	1
26	1.3563999999999998	0.99999864360091983
26	1.4199999999999999	0.99999999999899369
26	1.4835999999999998	0.99999999999999989
26	1.5471999999999999	0.99999999999999989
26	1.5952000000000002	0.99999999999999989
26	1.6107999999999998	0.99999999999999989
26	1.6743999999999999	0.99999999999999989
26	100.06359999999999	1
27	1.3959999999999999	0.9999986040009744
27	1.4596	0.99999999999893685
27	1.5231999999999999	1
27	1.5868	1
27	1.6348000000000003	1
27	1.6503999999999999	1
27	1.714	1
28	1.6336000000000004	0.99999836640133433
28	1.6972000000000005	0.99999999999856182
28	1.7608000000000004	1
28	1.8244000000000005	1
28	1.8724000000000007	1
28	1.8880000000000003	1
28	1.9516000000000004	1
29	0.96039999999999981	0.99999903960046121
29	1.0239999999999998	0.99999999999947775
29	1.1667999999999998	1
29	1.2303999999999999	1
29	1.2783999999999998	1
29	1.2939999999999998	1
29	1.3575999999999999	1
30	1.4356	0.99999856440103052
30	1.4992000000000001	0.99999999999887823
30	1.5628	1
30	1.6264000000000001	1
30	1.6744000000000003	1
30	1.6899999999999999	1
30	1.7536	1
31	1.6336000000000006	0.99999836640133433
31	1.6972000000000007	0.99999999999856182
31	1.7608000000000006	1
31	1.8244000000000007	1
31	1.872400000000001	1
31	1.8880000000000006	1
31	1.9516000000000007	1
32	0.64359999999999995	0.9999993564002071
32	0.70519999999999994	0.9999999999997532
32	0.76679999999999993	1
32	0.82840000000000003	1
32	0.8899999999999999	1
32	0.9516	1
36	1.4752000000000001	0.9999985248010882
36	1.5388000000000002	0.99999999999881817
36	1.6024	1
36	1.6660000000000001	1
36	1.7140000000000004	1
36	1.7296	1
36	1.7932000000000001	1
37	0.68320000000000003	0.99999931680023346
37	0.74480000000000002	0.99999999999972466
37	0.80640000000000001	1
37	0.8680000000000001	1
37	0.92959999999999998	1
37	0.99120000000000008	1
38	0.72279999999999989	0.99999927720026127
38	0.78439999999999988	0.99999999999969436
38	0.84599999999999986	1
38	0.90759999999999996	1
38	0.96919999999999984	1
38	1.0307999999999999	1
39	1.1187999999999998	0.99999888120062597
39	1.1823999999999999	0.99999999999930311
39	1.2459999999999998	1
39	1.3095999999999999	1
39	1.3575999999999999	1
39	1.3731999999999998	1
39	1.4367999999999999	1
40	0.76239999999999997	0.99999923760029064
40	0.82599999999999996	0.99999999999966094
40	0.88959999999999995	1
40	0.95320000000000005	1
40	1.0167999999999999	1
40	1.0804	1
42	1.5148000000000001	0.99999848520114731
42	1.5784000000000002	0.99999999999875633
42	1.6420000000000001	1
42	1.7056000000000002	1
42	1.7536000000000005	1
42	1.7692000000000001	1
42	1.8328000000000002	1
45	0.12279999999999999	0.9999998772000076
45	0.18240000000000001	0.99999999999998523
45	0.24199999999999999	1
45	0.30159999999999998	1
45	0.36119999999999997	1
45	0.42079999999999995	1
46	0.80199999999999982	0.99999919800032167
46	0.86559999999999981	0.99999999999962741
46	0.9291999999999998	1
46	0.9927999999999999	1
46	1.1199999999999999	1
46	1.1355999999999999	1
46	1.1992	1
48	1.5544000000000002	0.9999984456012081
48	1.6180000000000003	0.99999999999869305
48	1.6816000000000002	1
48	1.7452000000000003	1
48	1.7932000000000006	1
48	1.8088000000000002	1
48	1.8724000000000003	1
51	1.5940000000000003	0.99999840600127043
51	1.6576000000000004	0.99999999999862821
51	1.7212000000000003	1
51	1.7848000000000004	1
51	1.8328000000000007	1
51	1.8484000000000003	1
51	1.9120000000000004	1
54	0.8415999999999999	0.99999915840035414
54	0.90519999999999989	0.99999999999959233
54	0.96879999999999988	1
54	1.0324	1
54	1.1596	1
54	1.1752	1
54	1.2388000000000001	1
55	0.88119999999999987	0.99999911880038828
55	0.94479999999999986	0.99999999999955569
55	1.0084	1
55	1.1512	1
55	1.1991999999999998	1
55	1.2148000000000001	1
55	1.2784	1

[frame_distribution_quantiles]
frame_id	retry_q50	retry_q90	retry_q95	retry_q99	wcrt_q50_ms	wcrt_q90_ms	wcrt_q95_ms	wcrt_q99_ms
0	0	0	0	0	0.32279999999999998	0.32279999999999998	0.32279999999999998	0.32279999999999998
1	0	0	0	0	1.1583999999999997	1.1583999999999997	1.1583999999999997	1.1583999999999997
3	0	0	0	0	0.3624	0.3624	0.3624	0.3624
4	0	0	0	0	1.1979999999999997	1.1979999999999997	1.1979999999999997	1.1979999999999997
5	0	0	0	0	0.16239999999999999	0.16239999999999999	0.16239999999999999	0.16239999999999999
6	0	0	0	0	0.40200000000000002	0.40200000000000002	0.40200000000000002	0.40200000000000002
7	0	0	0	0	0.92079999999999984	0.92079999999999984	0.92079999999999984	0.92079999999999984
8	0	0	0	0	1.2375999999999996	1.2375999999999996	1.2375999999999996	1.2375999999999996
9	0	0	0	0	0.44360000000000005	0.44360000000000005	0.44360000000000005	0.44360000000000005
12	0	0	0	0	0.083199999999999996	0.083199999999999996	0.083199999999999996	0.083199999999999996
13	0	0	0	0	1.2771999999999997	1.2771999999999997	1.2771999999999997	1.2771999999999997
14	0	0	0	0	0.24160000000000001	0.24160000000000001	0.24160000000000001	0.24160000000000001
15	0	0	0	0	0.48520000000000008	0.48520000000000008	0.48520000000000008	0.48520000000000008
16	0	0	0	0	0.52480000000000016	0.52480000000000016	0.52480000000000016	0.52480000000000016
17	0	0	0	0	0.99999999999999989	0.99999999999999989	0.99999999999999989	0.99999999999999989
19	0	0	0	0	0.28120000000000001	0.28120000000000001	0.28120000000000001	0.28120000000000001
21	0	0	0	0	0.56440000000000012	0.56440000000000012	0.56440000000000012	0.56440000000000012
22	0	0	0	0	0.60400000000000009	0.60400000000000009	0.60400000000000009	0.60400000000000009
23	0	0	0	0	1.3167999999999995	1.3167999999999995	1.3167999999999995	1.3167999999999995
24	0	0	0	0	0.20200000000000001	0.20200000000000001	0.20200000000000001	0.20200000000000001
26	0	0	0	0	1.3563999999999998	1.3563999999999998	1.3563999999999998	1.3563999999999998
27	0	0	0	0	1.3959999999999999	1.3959999999999999	1.3959999999999999	1.3959999999999999
28	0	0	0	0	1.6336000000000004	1.6336000000000004	1.6336000000000004	1.6336000000000004
29	0	0	0	0	0.96039999999999981	0.96039999999999981	0.96039999999999981	0.96039999999999981
30	0	0	0	0	1.4356	1.4356	1.4356	1.4356
31	0	0	0	0	1.6336000000000006	1.6336000000000006	1.6336000000000006	1.6336000000000006
32	0	0	0	0	0.64359999999999995	0.64359999999999995	0.64359999999999995	0.64359999999999995
36	0	0	0	0	1.4752000000000001	1.4752000000000001	1.4752000000000001	1.4752000000000001
37	0	0	0	0	0.68320000000000003	0.68320000000000003	0.68320000000000003	0.68320000000000003
38	0	0	0	0	0.72279999999999989	0.72279999999999989	0.72279999999999989	0.72279999999999989
39	0	0	0	0	1.1187999999999998	1.1187999999999998	1.1187999999999998	1.1187999999999998
40	0	0	0	0	0.76239999999999997	0.76239999999999997	0.76239999999999997	0.76239999999999997
42	0	0	0	0	1.5148000000000001	1.5148000000000001	1.5148000000000001	1.5148000000000001
45	0	0	0	0	0.12279999999999999	0.12279999999999999	0.12279999999999999	0.12279999999999999
46	0	0	0	0	0.80199999999999982	0.80199999999999982	0.80199999999999982	0.80199999999999982
48	0	0	0	0	1.5544000000000002	1.5544000000000002	1.5544000000000002	1.5544000000000002
51	0	0	0	0	1.5940000000000003	1.5940000000000003	1.5940000000000003	1.5940000000000003
54	0	0	0	0	0.8415999999999999	0.8415999999999999	0.8415999999999999	0.8415999999999999
55	0	0	0	0	0.88119999999999987	0.88119999999999987	0.88119999999999987	0.88119999999999987

[signal_summary]
code	frame_id	period_ms	level	type	p_timeout	expected_wcrt_ms	wcrt_p95_ms	threshold_wcrt_ms	expected_retry_count	p_threshold
12967917	28	1000	0	0	0	1.633600103896967	1.6336000000000004	1.6336000000000004	1.6336001038969683e-06	1
33596142	12	2	0	0	0	0.083200004958720306	0.083199999999999996	0.083199999999999996	8.3200004958720387e-08	1
49611870	24	2	2	0	0	0.20200001203920073	0.20200000000000001	0.2616	2.0200001203920098e-07	5.5555555555555549e-14
75939767	17	50	1	0	0	1.0000001427999694	0.99999999999999989	1.1428	1.0000001427999704e-06	1.3888888888888889e-12
81350443	16	10	0	0	0	0.52480003232768213	0.52480000000000016	0.52480000000000016	5.2480003232768279e-07	1
92037339	13	100	0	0	0	1.2772000812299247	1.2771999999999997	1.2771999999999997	1.2772000812299246e-06	1
124838173	13	100	0	0	0	1.2772000812299247	1.2771999999999997	1.2771999999999997	1.2772000812299246e-06	1
135550411	5	2	0	1	0	0.16240000967904059	0.16239999999999999	0.16239999999999999	1.6240000967904059e-07	1
140519132	8	100	0	0	0	1.2376000787113643	1.2375999999999996	1.2375999999999996	1.2376000787113642e-06	1
179840967	39	50	0	0	0	1.1188000711556845	1.1187999999999998	1.1187999999999998	1.1188000711556856e-06	1
186526488	1	100	0	0	0	1.1584000736742444	1.1583999999999997	1.1583999999999997	1.1584000736742439e-06	1
298970583	21	10	0	0	0	0.56440003476704226	0.56440000000000012	0.56440000000000012	5.6440003476704145e-07	1
427375626	31	1000	2	0	0	1.6336001038969672	1.6336000000000006	1.6972000000000007	1.6336001038969683e-06	2.7777777777777777e-11
467497781	15	20	1	0	0	0.48520002988832195	0.48520000000000008	0.54680000000000006	4.8520002988832266e-07	5.5555555555555559e-13
504338708	22	10	0	0	0	0.60400003720640227	0.60400000000000009	0.60400000000000009	6.0400003720640275e-07	1
605118999	3	10	0	0	0	0.36240002232384144	0.3624	0.3624	3.6240002232384144e-07	1
677061644	29	20	0	0	0	0.96040006108148501	0.96039999999999981	0.96039999999999981	9.6040006108148463e-07	1
685413078	9	10	0	0	0	0.44360002732576176	0.44360000000000005	0.44360000000000005	4.4360002732576222e-07	1
842254947	9	20	2	0	0	0.44360002732576176	0.44360000000000005	0.50520000000000009	4.4360002732576222e-07	5.5555555555555559e-13
907025213	16	20	0	0	0	0.52480003232768213	0.52480000000000016	0.52480000000000016	5.2480003232768279e-07	1
933835758	48	100	0	0	0	1.5544000988598465	1.5544000000000002	1.5544000000000002	1.554400098859848e-06	1
935235403	37	20	0	0	0	0.68320004208512264	0.68320000000000003	0.68320000000000003	6.8320004208512281e-07	1
938859752	12	1	2	0	0	0.083200004958720306	0.083199999999999996	0.14279999999999998	8.3200004958720387e-08	2.7777777777777774e-14
949356782	31	1000	1	0	0	1.6336001038969672	1.6336000000000006	1.6972000000000007	1.6336001038969683e-06	2.7777777777777777e-11
954182943	15	20	1	0	0	0.48520002988832195	0.48520000000000008	0.54680000000000006	4.8520002988832266e-07	5.5555555555555559e-13
1055440321	36	100	1	0	0	1.4752000938227259	1.4752000000000001	1.5388000000000002	1.4752000938227266e-06	2.7777777777777777e-12
1223312413	21	20	0	0	0	0.56440003476704226	0.56440000000000012	0.56440000000000012	5.6440003476704145e-07	1
1279724554	32	20	0	0	0	0.64360003964576229	0.64359999999999995	0.64359999999999995	6.4360003964576236e-07	1
1303377821	29	20	0	0	0	0.96040006108148501	0.96039999999999981	0.96039999999999981	9.6040006108148463e-07	1
1329815327	32	20	0	0	0	0.64360003964576229	0.64359999999999995	0.64359999999999995	6.4360003964576236e-07	1
1366603622	1	100	0	0	0	1.1584000736742444	1.1583999999999997	1.1583999999999997	1.1584000736742439e-06	1
1382766648	3	20	0	0	0	0.36240002232384144	0.3624	0.3624	3.6240002232384144e-07	1
1477827918	37	10	0	0	0	0.68320004208512264	0.68320000000000003	0.68320000000000003	6.8320004208512281e-07	1
1478699967	23	100	0	0	1.1102230246251565e-16	1.3168000837484959	1.3167999999999995	1.3167999999999995	1.3168000844146189e-06	1
1483574083	28	1000	3	0	0	1.633600103896967	1.6336000000000004	1.6972000000000005	1.6336001038969683e-06	2.7777777777777777e-12
1498726777	32	10	0	0	0	0.64360003964576229	0.64359999999999995	0.64359999999999995	6.4360003964576236e-07	1
1518468829	9	20	1	0	0	0.44360002732576176	0.44360000000000005	0.50520000000000009	4.4360002732576222e-07	5.5555555555555559e-13
1912898956	4	100	0	0	0	1.1980000761928045	1.1979999999999997	1.1979999999999997	1.1980000761928051e-06	1
1955896400	45	1	2	0	0	0.12280000731888042	0.12279999999999999	0.18240000000000001	1.2280000731888047e-07	2.7777777777777774e-14
2019271653	9	20	0	0	0	0.44360002732576176	0.44360000000000005	0.44360000000000005	4.4360002732576222e-07	1
2167506731	3	10	0	0	0	0.36240002232384144	0.3624	0.3624	3.6240002232384144e-07	1
2321292818	54	20	2	0	0	0.84160005352576317	0.8415999999999999	0.90519999999999989	8.4160005352576235e-07	5.5555555555555559e-13
2338084958	40	10	0	0	0	0.76240004848864307	0.76239999999999997	0.76239999999999997	7.6240004848864247e-07	1
2366725259	46	10	0	0	0	0.80200005100720317	0.80199999999999982	0.80199999999999982	8.0200005100720431e-07	1
2399513877	32	20	0	0	0	0.64360003964576229	0.64359999999999995	0.64359999999999995	6.4360003964576236e-07	1
2409600622	9	10	0	0	0	0.44360002732576176	0.44360000000000005	0.44360000000000005	4.4360002732576222e-07	1
2559149882	54	10	0	0	0	0.84160005352576317	0.8415999999999999	0.8415999999999999	8.4160005352576235e-07	1
2658572452	38	10	0	0	0	0.72280004452448265	0.72279999999999989	0.72279999999999989	7.2280004452448263e-07	1
2674747102	0	20	0	0	0	0.3228000198844812	0.32279999999999998	0.32279999999999998	3.2280001988448151e-07	1
2694309551	55	10	2	0	0	0.8812000560443235	0.88119999999999987	1.0084	8.8120005604432271e-07	2.7777777777777779e-13
2728865305	0	10	0	0	0	0.3228000198844812	0.32279999999999998	0.32279999999999998	3.2280001988448151e-07	1
2737107648	40	20	0	0	0	0.76240004848864307	0.76239999999999997	0.76239999999999997	7.6240004848864247e-07	1
2790659108	0	10	0	0	0	0.3228000198844812	0.32279999999999998	0.32279999999999998	3.2280001988448151e-07	1
2856766916	22	20	1	0	0	0.60400003720640227	0.60400000000000009	0.66560000000000008	6.0400003720640275e-07	5.5555555555555559e-13
2951232793	46	20	0	0	0	0.80200005100720317	0.80199999999999982	0.80199999999999982	8.0200005100720431e-07	1
2982342510	6	10	0	0	0	0.40200002476320157	0.40200000000000002	0.40200000000000002	4.0200002476320163e-07	1
2985784770	55	10	0	0	0	0.8812000560443235	0.88119999999999987	0.88119999999999987	8.8120005604432271e-07	1
2993550684	0	20	3	0	0	0.3228000198844812	0.32279999999999998	0.44599999999999995	3.2280001988448151e-07	5.5555555555555561e-14
3033836564	27	100	0	0	0	1.3960000887856054	1.3959999999999999	1.3959999999999999	1.3960000887856054e-06	1
3038842252	42	100	3	0	0	1.5148000963412864	1.5148000000000001	1.6420000000000001	1.5148000963412867e-06	2.7777777777777779e-13
3182179077	19	10	0	0	0	0.281200016759521	0.28120000000000001	0.28120000000000001	2.8120001675952111e-07	1
3248311844	7	20	0	0	0	0.9208000585629218	0.92079999999999984	0.92079999999999984	9.2080005856292236e-07	1
3308123220	46	20	0	0	0	0.80200005100720317	0.80199999999999982	0.80199999999999982	8.0200005100720431e-07	1
3315984917	38	20	0	0	0	0.72280004452448265	0.72279999999999989	0.72279999999999989	7.2280004452448263e-07	1
3320215720	9	10	0	0	0	0.44360002732576176	0.44360000000000005	0.44360000000000005	4.4360002732576222e-07	1
3339220989	6	20	0	0	0	0.40200002476320157	0.40200000000000002	0.40200000000000002	4.0200002476320163e-07	1
3373867922	14	5	0	0	0	0.24160001439936088	0.24160000000000001	0.24160000000000001	2.4160001439936078e-07	1
3506252399	37	10	0	0	0	0.68320004208512264	0.68320000000000003	0.68320000000000003	6.8320004208512281e-07	1
3572526114	51	100	0	0	0	1.5940001013784069	1.5940000000000003	1.5940000000000003	1.5940001013784083e-06	1
3591814918	19	5	0	0	0	0.281200016759521	0.28120000000000001	0.28120000000000001	2.8120001675952111e-07	1
3634422023	15	10	0	0	0	0.48520002988832195	0.48520000000000008	0.48520000000000008	4.8520002988832266e-07	1
3880059527	27	100	0	0	0	1.3960000887856054	1.3959999999999999	1.3959999999999999	1.3960000887856054e-06	1
3887732480	30	100	0	0	0	1.4356000913041658	1.4356	1.4356	1.4356000913041647e-06	1
3950687755	26	100	3	0	1.1102230246251565e-16	1.3564000862670564	1.3563999999999998	1.4835999999999998	1.3564000869331806e-06	2.7777777777777779e-13
4037614837	17	100	0	0	0	1.0000001427999694	0.99999999999999989	0.99999999999999989	1.0000001427999704e-06	1
4044347370	32	10	2	0	0	0.64360003964576229	0.64359999999999995	0.70519999999999994	6.4360003964576236e-07	2.7777777777777779e-13
4055600678	12	1	1	0	0	0.083200004958720306	0.083199999999999996	0.14279999999999998	8.3200004958720387e-08	2.7777777777777774e-14
4170869772	37	10	0	0	0	0.68320004208512264	0.68320000000000003	0.68320000000000003	6.8320004208512281e-07	1
4174367061	46	20	0	0	0	0.80200005100720317	0.80199999999999982	0.80199999999999982	8.0200005100720431e-07	1
4222271289	9	10	0	0	0	0.44360002732576176	0.44360000000000005	0.44360000000000005	4.4360002732576222e-07	1
