code	data_size	period	deadline	src_ecu	dst_ecu	offset	level	type
1292172677	16	20	20	1	3	0	0	0
1831764651	16	100	100	2	4	0	0	0
681670381	16	100	100	2	4	0	0	0
1142515829	16	10	10	7	1	0	0	0
4013791542	8	100	100	0	2	0	0	0
4044516698	16	10	10	5	3	0	0	0
3059314529	16	20	20	6	7	0	2	0
4038917213	8	10	10	4	3	0	0	0
1815936736	8	20	20	0	7	0	3	0
584521536	8	20	20	4	1	0	0	0
564259622	8	10	10	6	0	0	0	0
1837312754	8	10	10	0	7	0	0	0
2935842090	8	20	20	0	1	0	0	0
52486927	16	10	10	4	1	0	0	0
2604065503	16	1000	1000	7	2	0	2	0
3800082198	8	20	20	5	6	0	2	1
4028710325	8	100	100	1	2	0	0	0
2177143346	32	10	10	3	7	0	2	0
98058240	32	20	20	4	5	0	0	0
1468109695	16	20	20	5	4	0	0	0
2547107612	32	10	10	6	4	0	0	0
2823310507	16	20	20	7	5	0	0	0
1785306616	8	20	20	1	0	0	0	0
199073979	512	20	20	6	4	0	0	0
2052997158	16	20	20	7	1	0	0	0
2693205528	8	20	20	0	2	0	0	0
2352457348	8	20	20	4	1	0	0	0
4111533571	16	10	10	3	1	0	0	0
2231632186	8	20	20	5	1	0	0	0
1241336428	16	50	50	7	2	0	0	0
2745215732	16	100	100	3	5	0	0	0
527002759	32	1	1	1	0	0	0	0
4243969930	8	1	1	1	0	0	0	0
4104494124	64	10	10	0	4	0	0	0
2457282796	16	20	20	3	4	0	2	0
223733306	8	20	20	0	4	0	0	0
676039398	8	20	20	3	6	0	0	0
1425770893	16	100	100	1	5	0	0	0
3119979229	32	10	10	5	4	0	3	0
3856644443	16	10	10	7	4	0	0	0
3474144099	16	100	100	6	7	0	0	0
3876980051	8	10	10	4	2	0	0	0
3739009519	8	100	100	3	0	0	1	0
2393816632	32	20	20	5	3	0	0	0
3877606925	16	50	50	6	4	0	0	0
193670005	32	2	2	2	1	0	1	0
355750296	16	1000	1000	5	1	0	0	0
1932400686	16	20	20	4	2	0	2	0
3466055489	16	10	10	1	3	0	0	0
250255164	16	20	20	7	2	0	0	0
3739093943	16	10	10	0	6	0	1	0
4153414858	128	10	10	1	6	0	0	0
4118191529	32	10	10	7	0	0	2	0
3395211268	16	20	20	1	4	0	0	0
144095297	16	20	20	6	0	0	1	0
3311577497	32	1	1	1	0	0	0	0
2774848428	8	10	10	1	5	0	1	0
2740614501	8	20	20	4	2	0	2	0
3449783460	16	10	10	0	3	0	2	0
2916605418	16	100	100	4	5	0	0	0
14299645	16	10	10	2	6	0	0	0
1361464565	8	100	100	3	0	0	0	0
3382235793	16	100	100	7	2	0	0	0
3237747469	8	10	10	3	1	0	0	0
3752700800	16	100	100	6	1	0	0	0
1711060326	8	20	20	3	7	0	2	0
281686573	8	100	100	3	0	0	0	0
1401543944	8	20	20	5	3	0	0	0
1581891689	16	2	2	1	2	0	2	0
369286418	16	20	20	7	3	0	0	0
3609608538	16	100	100	1	0	0	0	0
1119072216	8	100	100	3	7	0	1	0
310139494	8	100	100	0	1	0	0	0
3502002819	16	100	100	1	7	0	3	0
1727058876	16	2	2	2	0	0	3	0
2324014193	16	10	10	7	2	0	0	1
3032067300	16	20	20	5	3	0	2	0
590886986	32	1000	1000	5	2	0	0	0
3090059063	8	1000	1000	2	3	0	0	0
454714761	8	20	20	5	4	0	0	0
2522704831	16	100	100	6	1	0	1	0
3525461782	16	50	50	0	6	0	0	0
2457567446	32	20	20	5	0	0	0	0
2662611861	16	20	20	4	2	0	0	0
44442939	8	20	20	3	6	0	0	0
2122963792	32	20	20	5	2	0	0	0
2548239010	64	20	20	1	0	0	0	0
1327840324	16	20	20	2	1	0	0	0
3980467131	16	5	5	0	2	0	3	0
1223542274	256	100	100	7	3	0	0	0
4211013488	8	10	10	6	5	0	0	0
314884173	8	20	20	7	1	0	1	0
516857207	16	10	10	1	6	0	0	0
1671773414	16	100	100	1	4	0	2	0
1554697039	16	10	10	3	4	0	2	0
1421216926	8	20	20	3	7	0	0	0
2701392644	16	100	100	4	1	0	0	0
2762782450	32	100	100	7	6	0	1	0
2723123168	16	1	1	2	1	0	0	0
1415568404	16	10	10	5	2	0	0	0
1845832431	32	100	100	0	3	0	1	0
4036178705	16	10	10	4	6	0	0	0
1655727450	16	50	50	7	3	0	0	0
682126278	16	10	10	1	4	0	0	0
2075730011	32	10	10	3	4	0	0	0
1361647766	8	100	100	3	4	0	0	0
2664256457	8	5	5	0	1	0	0	0
2153151855	8	100	100	1	5	0	0	0
3510346317	32	10	10	4	1	0	0	0
3343827792	16	10	10	1	4	0	1	0
2941089729	16	10	10	1	5	0	0	0
1659249817	16	100	100	3	4	0	0	0
3661842465	16	10	10	4	6	0	3	0
291475562	8	10	10	1	3	0	0	0
3248766039	16	20	20	4	1	0	0	0
4293621810	32	100	100	5	3	0	3	0
3374062076	16	10	10	7	0	0	2	0
3232615632	8	10	10	0	1	0	0	0
1565989108	16	20	20	4	6	0	0	0
3896098771	8	100	100	4	3	0	0	0
3464206938	16	20	20	4	3	0	0	0
721208679	16	20	20	6	0	0	2	0
4217539659	16	100	100	1	6	0	0	0
2208720488	16	20	20	0	1	0	1	0
1036010238	16	20	20	5	7	0	0	0
2332063882	16	1000	1000	3	2	0	1	0
3609179013	16	1	1	0	2	0	3	0
2858554373	32	10	10	5	0	0	0	0
3122849890	16	10	10	0	2	0	1	0
1034367568	8	100	100	3	1	0	0	0
3186901816	16	2	2	1	0	0	0	0
2343936498	8	1000	1000	1	3	0	0	0
1151777370	8	1000	1000	1	7	0	0	0
1739796633	8	20	20	3	0	0	0	0
1285326852	16	50	50	6	1	0	0	0
1839461507	16	5	5	2	1	0	0	0
1255810033	16	10	10	3	1	0	0	0
3154631279	16	10	10	2	5	0	0	0
925912657	32	100	100	0	7	0	1	0
1743904047	16	10	10	6	7	0	0	0
679073153	32	1000	1000	2	0	0	0	0
1219437870	8	10	10	3	4	0	1	0
1682340847	8	20	20	5	0	0	0	0
1501219758	8	2	2	1	0	0	0	0
3931295270	16	10	10	6	0	0	0	0
1261849922	16	100	100	3	5	0	0	0
90979641	8	20	20	2	5	0	0	0
3248344294	8	2	2	1	0	0	0	0
1406823942	8	10	10	6	2	0	0	0
3775525931	32	10	10	0	2	0	0	0
3733983725	16	10	10	0	4	0	0	0
2085860259	8	10	10	2	3	0	0	0
2634092415	8	10	10	6	0	0	2	0
1575495195	8	100	100	1	7	0	0	0
1301805879	16	100	100	0	7	0	0	0
1225375427	16	10	10	4	0	0	0	0
1819033543	8	5	5	0	1	0	0	0
3037341175	16	10	10	2	5	0	0	0
1577552330	32	20	20	1	5	0	1	0
2290033041	8	1	1	0	2	0	2	0
2448550183	8	20	20	3	2	0	0	0
2639214375	8	100	100	3	6	0	0	0
3651463621	16	10	10	4	7	0	0	0
2221185651	8	10	10	6	1	0	2	0
1137359590	16	20	20	1	5	0	0	0
1100997611	8	20	20	4	5	0	1	0
2119209607	16	20	20	2	5	0	3	0
4256307887	128	10	10	5	0	0	0	0
3950405016	32	1	1	0	1	0	0	0
3589228717	8	5	5	2	1	0	0	0
2006834957	16	100	100	1	4	0	0	0
3941876032	8	20	20	2	3	0	0	0
4151389709	16	10	10	6	7	0	0	0
251656235	16	10	10	7	4	0	0	0
3248538056	8	10	10	4	6	0	0	0
1508740038	16	10	10	1	3	0	0	0
3314962716	16	5	5	1	2	0	0	0
94177278	8	20	20	0	4	0	0	0
1774439701	32	20	20	4	1	0	0	0
3742084886	8	20	20	1	3	0	0	0
1397130984	8	20	20	5	4	0	0	0
949162417	16	20	20	6	3	0	3	0
1962766669	16	100	100	3	1	0	0	0
263240661	16	100	100	2	0	0	0	0
1258245557	8	20	20	6	1	0	0	0
2439503270	8	20	20	2	5	0	1	0
2617537521	16	10	10	6	4	0	0	0
1903490708	16	10	10	0	4	0	0	0
2721709798	16	100	100	6	4	0	0	0
2581175590	16	20	20	3	5	0	1	0
1873808937	16	20	20	3	1	0	0	0
3599519516	32	1000	1000	4	0	0	0	0
4015341165	8	50	50	0	2	0	0	0
373461535	8	1000	1000	6	2	0	0	0
3321296980	8	20	20	0	1	0	0	0
2388903592	32	10	10	7	1	0	2	0
2519653470	16	100	100	4	5	0	0	0
4013722479	16	1	1	0	2	0	0	0
328380289	8	10	10	3	4	0	0	0
3150393040	16	10	10	5	6	0	0	0
